//bag_write_stamp,header/frame_id,header/stamp/nanosec,header/stamp/sec,pose/orientation/w,pose/orientation/x,pose/orientation/y,pose/orientation/z,pose/position/x,pose/position/y,pose/position/z
1774368227.4775584,base,477345951,1774368227,-0.006375255490496881,0.9382134650752378,0.345991056540692,-0.002244741143656082,-0.21687218948515646,0.38432767016276476,0.3496817579530545
1774368227.4784946,base,478339572,1774368227,-0.006372495634099813,0.9382141454978001,0.34598926294138604,-0.002244641731463839,-0.21687191024537306,0.3843259409245617,0.34967908622708127
1774368227.479474,base,479326037,1774368227,-0.006373885089749003,0.9382131285460694,0.3459919904565697,-0.0022453401880961205,-0.21687435175389963,0.38432581274799227,0.3496806951032377
1774368227.4804356,base,480303348,1774368227,-0.006375129843633744,0.9382133161432193,0.34599145821829086,-0.002245433365975095,-0.2168714552910442,0.3843270621973534,0.3496809048147537
1774368227.481461,base,481331436,1774368227,-0.00637541327488662,0.9382131516742056,0.34599189875525455,-0.002245468071950299,-0.21687159602299735,0.38432716299935654,0.34968078504071287
1774368227.4824915,base,482354183,1774368227,-0.006373476803595089,0.9382134378314584,0.3459911594408339,-0.0022453183955706488,-0.2168724234589681,0.3843263902972955,0.3496798324166396
1774368227.4833603,base,483259812,1774368227,-0.006374561464814771,0.9382143865673864,0.34598856396835204,-0.0022457531546285097,-0.2168722860056629,0.38432767264943696,0.3496814498954229
1774368227.4844859,base,484320818,1774368227,-0.0063733042740935384,0.9382136240742117,0.34599066482684393,-0.002244202941362439,-0.21687067489457268,0.38432743709221434,0.34967989873496497
1774368227.4853814,base,485294430,1774368227,-0.00637286684338677,0.938215445040665,0.34598572687819173,-0.0022454513828272927,-0.21687057091467635,0.38432734046555167,0.3496784119059022
1774368227.4864585,base,486308351,1774368227,-0.00637331307498109,0.9382153914476318,0.34598586376181223,-0.0022454861852661957,-0.21687078246940553,0.3843273316752857,0.3496784457804877
1774368227.4874356,base,487322038,1774368227,-0.006374563799899916,0.9382135434108547,0.3459908562389867,-0.0022448375936885315,-0.21687237068732582,0.3843271767184265,0.3496806773305477
1774368227.4884708,base,488309958,1774368227,-0.006377303360344412,0.938214539389847,0.3459881045066341,-0.0022449096315275887,-0.21687077309265235,0.3843294467901796,0.3496820028168917
1774368227.489414,base,489308184,1774368227,-0.006374042833333714,0.938214485701341,0.3459883109622106,-0.0022447885520772127,-0.21687142443287438,0.38432685807316225,0.3496805555573521
1774368227.4905066,base,490333489,1774368227,-0.006375635410963601,0.9382143320790294,0.34598869658818787,-0.002245036261211886,-0.21687181582082798,0.3843278229364245,0.3496822611497752
1774368227.491489,base,491328865,1774368227,-0.006375790908710629,0.9382143688340119,0.3459885928777478,-0.002245217620008346,-0.21687179296263828,0.38432775970516164,0.34968252094270963
1774368227.492511,base,492394133,1774368227,-0.006376795461551663,0.9382144257075717,0.3459884143967112,-0.0022461026473801033,-0.21687298034302163,0.38432781985304654,0.34968333492629977
1774368227.493492,base,493360409,1774368227,-0.006376197364340943,0.9382137919768597,0.34599014133198913,-0.0022464978617940234,-0.21687247073031335,0.3843265734524215,0.34968175725131767
1774368227.4944649,base,494332182,1774368227,-0.006373273265983896,0.9382144062754917,0.3459885368882707,-0.002245347838851627,-0.21687225480753178,0.38432629343339675,0.34968005005007363
1774368227.4954734,base,495317686,1774368227,-0.006372907405968876,0.9382158553498365,0.34598461409500936,-0.0022453576323055637,-0.21686919706706773,0.38432804731842757,0.34967968565686014
1774368227.496429,base,496325241,1774368227,-0.0063727066168022175,0.9382158567843558,0.3459846142615293,-0.0022453024460362203,-0.21686918136164948,0.3843280212898378,0.3496795859714634
1774368227.4974093,base,497320409,1774368227,-0.006371369413974704,0.9382136521291526,0.3459906231481244,-0.002244393869324794,-0.21687207939462758,0.38432589576775633,0.34967805051980533
1774368227.4984028,base,498323875,1774368227,-0.006373835190012227,0.9382137032856267,0.34599043179104005,-0.0022455068670933576,-0.21687314156204793,0.3843254891454601,0.3496797964099534
1774368227.4993916,base,499300751,1774368227,-0.006372655861743783,0.9382154163741039,0.3459858082654811,-0.0022454875008235922,-0.21687173769727372,0.38432621203151307,0.3496789966582018
1774368227.500416,base,500335170,1774368227,-0.0063721427188091,0.9382153053549583,0.34598611943083624,-0.0022453855046432134,-0.21686909629380452,0.3843271678615384,0.3496795987376807
1774368227.5014098,base,501322263,1774368227,-0.006372361474465289,0.9382150332777398,0.3459868526032372,-0.0022454769190907975,-0.21686898649925646,0.3843271783187017,0.3496798841361639
1774368227.502405,base,502326831,1774368227,-0.006371637326139014,0.9382142264784621,0.34598906952158126,-0.0022430431996629113,-0.2168709075033551,0.3843263909486547,0.3496796813913362
1774368227.5034318,base,503347501,1774368227,-0.006375848293493244,0.9382145649223118,0.34598805823139556,-0.0022455038285148976,-0.21687184591457448,0.38432753958549787,0.34968166284403
1774368227.5044456,base,504371975,1774368227,-0.006375913959188901,0.9382140516593714,0.34598945675508647,-0.0022442826050630875,-0.2168714500195021,0.3843273847935241,0.34968224386906427
1774368227.505417,base,505345711,1774368227,-0.006374429745294111,0.9382143824152729,0.34598858661617415,-0.0022443720486110667,-0.21687034877625685,0.3843282258163217,0.3496811678328372
1774368227.5064864,base,506417618,1774368227,-0.006374168554643618,0.9382144749625021,0.34598833902852616,-0.002244594029021868,-0.21687041110072583,0.38432825379115526,0.3496810408876056
1774368227.5074654,base,507343177,1774368227,-0.006375249310853798,0.9382146460397667,0.3459878520541183,-0.002245079882174544,-0.21687255597225946,0.3843271594711399,0.34968181450492947
1774368227.5085373,base,508431329,1774368227,-0.006374073769332637,0.9382152527970956,0.34598622712180266,-0.0022452715838947555,-0.21686951699486312,0.38432832260459243,0.34967996039175575
1774368227.509541,base,509359832,1774368227,-0.006377343177878635,0.938214614752528,0.34598790222109976,-0.0022444766427200742,-0.2168713428975596,0.38432907975066094,0.34968314513568144
1774368227.5105083,base,510383941,1774368227,-0.006371761550407067,0.9382150709420986,0.3459867666377949,-0.002244687813901684,-0.21686887115027373,0.38432758303408565,0.34967883423118107
1774368227.5114765,base,511366098,1774368227,-0.006370951980538364,0.9382152591117681,0.3459862697696828,-0.002244921281448201,-0.21686845671216023,0.38432734095413756,0.34967825219876103
1774368227.5125213,base,512423057,1774368227,-0.006370811821791491,0.9382145269901373,0.3459882567099294,-0.0022450657514686547,-0.21687116243194063,0.38432502958471265,0.3496782076322535
1774368227.5134308,base,513347721,1774368227,-0.006374824933258532,0.9382152511563565,0.34598621405810576,-0.002245837577340662,-0.21686961833928814,0.38432886834036745,0.34968183118081225
1774368227.5144627,base,514409063,1774368227,-0.006373848875310767,0.9382136885207959,0.34599047671054683,-0.002244715644833453,-0.21687239148423815,0.3843268920616587,0.34968054603503035
1774368227.5154889,base,515343083,1774368227,-0.0063707973486133015,0.9382140490028802,0.34598955716290275,-0.002244444025226284,-0.2168700558529768,0.3843260678706439,0.3496778277264739
1774368227.5164819,base,516339439,1774368227,-0.006370443362212597,0.9382140823156856,0.34598947374779826,-0.002244382237152217,-0.21686996705984657,0.38432586166424426,0.3496775087923254
1774368227.5174866,base,517343274,1774368227,-0.006376140818917466,0.9382142794379624,0.34598882416253096,-0.0022459389109164064,-0.21687139150851872,0.384328801930568,0.34968187370025494
1774368227.5184839,base,518371673,1774368227,-0.006374666508519555,0.938215708426572,0.3459849764301423,-0.0022459236774001337,-0.2168705399995374,0.38432920078699373,0.34968134730288153
1774368227.5194938,base,519306940,1774368227,-0.006375812623169896,0.9382144121737038,0.34598847022399776,-0.002245946349216901,-0.21687043719320262,0.3843286386502399,0.3496823225349066
1774368227.5205178,base,520340149,1774368227,-0.006376173568890451,0.938214229073575,0.3459889604266822,-0.0022458934436923525,-0.21687125338965713,0.38432828944478675,0.34968243587139414
1774368227.521539,base,521371043,1774368227,-0.006375910512520818,0.9382142246865475,0.3459889779672374,-0.002245770723737673,-0.21687127170079196,0.3843282848276024,0.3496822170185654
1774368227.5225616,base,522412425,1774368227,-0.006374922288936104,0.9382130255372106,0.34599225757508073,-0.0022442763248892777,-0.21687200072042395,0.3843263414691851,0.3496813684175494
1774368227.5235124,base,523354636,1774368227,-0.006378472453930849,0.9382142639506283,0.3459888235077984,-0.0022458887828021097,-0.21687087137396008,0.38432952121211106,0.3496836148473746
1774368227.5245678,base,524427150,1774368227,-0.006376469460513692,0.9382142019523743,0.3459890312948565,-0.0022454655943234102,-0.21687047144918542,0.38432877356652967,0.3496825479871578
1774368227.5254307,base,525286906,1774368227,-0.006372727309404201,0.9382141827236912,0.3459891535476929,-0.002245286197180013,-0.21687073001700133,0.384327088943515,0.34967842125412874
1774368227.5264406,base,526306923,1774368227,-0.00637302535648282,0.9382140602680846,0.34598947962478843,-0.0022453623423891057,-0.21687079775553847,0.3843271875598376,0.34967840349279455
1774368227.5275092,base,527348317,1774368227,-0.006375041913667667,0.9382124231707785,0.3459938869396718,-0.0022445598661328453,-0.2168726084785405,0.3843271679656012,0.349680759932706
1774368227.5285525,base,528417661,1774368227,-0.006372751430099698,0.9382142222909554,0.34598905088443016,-0.0022445040162992983,-0.21687100086437827,0.3843269269485603,0.3496796499165026
1774368227.529457,base,529304095,1774368227,-0.0063717189150374635,0.9382143387867669,0.345988748859795,-0.002245296285885751,-0.21687015768507606,0.3843275094796492,0.3496787336565596
1774368227.5305047,base,530371316,1774368227,-0.006375541765767081,0.9382139041700401,0.3459898544854114,-0.0022456808249321676,-0.2168713153812584,0.38432851780390503,0.34968273048242876
1774368227.5315087,base,531345633,1774368227,-0.0063755249093311785,0.9382137503444253,0.3459902719664491,-0.002245673921416866,-0.2168712916102918,0.38432852544207474,0.3496827268813291
1774368227.5325623,base,532407595,1774368227,-0.006373765632563096,0.9382137944678371,0.3459901854358222,-0.0022455654097741306,-0.21687108482322653,0.38432803507269137,0.34968119140815906
1774368227.53344,base,533289738,1774368227,-0.006373235011785538,0.9382145209632927,0.3459882308253354,-0.002244695849809434,-0.21687038927668023,0.38432717163237406,0.34968024066065573
1774368227.5345287,base,534373574,1774368227,-0.006376424723069889,0.9382137315897981,0.34599030726362945,-0.0022455163585357123,-0.21687113491082982,0.384327819950011,0.34968234344697946
1774368227.535453,base,535296816,1774368227,-0.00637472106694119,0.9382147055068886,0.3459876922824997,-0.002246350589553473,-0.21687085035832274,0.38432692935911333,0.34968033054831593
1774368227.5366023,base,536433165,1774368227,-0.006375007076432532,0.9382147431862917,0.34598758437961175,-0.0022464211130599635,-0.21687083037533086,0.3843269931666882,0.34968046578857154
1774368227.5375,base,537351647,1774368227,-0.0063751328247554475,0.9382143339555039,0.345988700736385,-0.0022450400097212783,-0.2168711293402527,0.3843278673377665,0.34968117360386197
1774368227.5384889,base,538332872,1774368227,-0.006377251284845955,0.9382148237377059,0.3459873221647584,-0.002246794635699831,-0.21687293786352518,0.38432780551962364,0.3496825590832686
1774368227.5394433,base,539299643,1774368227,-0.006376870575571486,0.938213830571768,0.3459900348583075,-0.0022448662007684655,-0.21687181062190325,0.38432790786455473,0.34968298864110814
1774368227.5405717,base,540427548,1774368227,-0.006377290744358444,0.9382139923832788,0.3459895783565261,-0.0022464032727927924,-0.21687304830993673,0.38432773292404177,0.34968254176567626
1774368227.5415084,base,541345233,1774368227,-0.0063779593248798234,0.9382139415904978,0.34598970106644733,-0.002246819089903686,-0.21687340529901228,0.38432764300239297,0.34968291915938654
1774368227.5425856,base,542423726,1774368227,-0.006373423498896865,0.9382154922384627,0.3459855876613778,-0.0022456017576697597,-0.21686991526757332,0.38432846130028325,0.3496800654114755
1774368227.5434382,base,543290996,1774368227,-0.006374028202720668,0.9382142360988603,0.3459889946131561,-0.0022437808449678677,-0.21687130579176173,0.38432750668791243,0.34968060191538525
1774368227.5446603,base,544433121,1774368227,-0.006374614524151037,0.9382132302842048,0.345991707036636,-0.0022444311575425106,-0.21687254320706265,0.3843273816277313,0.3496813708072111
1774368227.5454328,base,545285692,1774368227,-0.006370708522664352,0.9382146617719134,0.3459878979714892,-0.002244318694757677,-0.21686881061030805,0.384327469894793,0.34967769976908897
1774368227.5464978,base,546362171,1774368227,-0.006370265963415712,0.9382147972529613,0.34598753807594906,-0.0022444204783880566,-0.21686846436728552,0.384327395693208,0.34967734240678755
1774368227.5474815,base,547350689,1774368227,-0.00637499173130089,0.938213549354845,0.34599083059774105,-0.002245090130695681,-0.2168728485179648,0.38432683007588114,0.3496804757339765
1774368227.5483856,base,548293944,1774368227,-0.006377964136210797,0.9382146319054671,0.34598783844096326,-0.0022453736695841526,-0.216872972499259,0.38432842152492575,0.34968275097462703
1774368227.5493975,base,549246838,1774368227,-0.006376039694337044,0.938214075709631,0.3459893905214418,-0.0022440821598803365,-0.21687115766156456,0.3843285811652589,0.3496815437607563
1774368227.5505786,base,550424664,1774368227,-0.006376552515775035,0.9382139573918411,0.34598969387538814,-0.0022453207275208676,-0.21687160862998692,0.3843293186858182,0.34968309926333524
1774368227.5514503,base,551322909,1774368227,-0.006376661091835278,0.9382141500372425,0.3459891671668819,-0.0022456772657399983,-0.21687162435113122,0.3843292532423755,0.3496833666655464
1774368227.5526385,base,552421502,1774368227,-0.006373935144998964,0.9382143661160928,0.34598863511724964,-0.0022451133263677566,-0.21687202495105445,0.38432626362527306,0.34967953295303944
1774368227.553569,base,553335415,1774368227,-0.006375218981570408,0.9382147074114345,0.3459876816072838,-0.0022457862387345647,-0.21687135372511726,0.3843283165417027,0.3496815316024834
1774368227.5545006,base,554351668,1774368227,-0.00637016739987507,0.9382143960788943,0.3459886292967316,-0.0022441824752119726,-0.2168709949926261,0.38432569485518203,0.3496771203808906
1774368227.5553882,base,555326408,1774368227,-0.006371195610735938,0.9382137626856147,0.34599033055148326,-0.00224377776665829,-0.21687219923567116,0.3843257188824734,0.349678038358497
1774368227.556413,base,556344889,1774368227,-0.0063711458913122835,0.9382138493414145,0.3459900965669233,-0.002243765051934812,-0.21687200366968398,0.3843258168221729,0.34967802103347956
1774368227.5573967,base,557345271,1774368227,-0.006375291650128742,0.9382142562959411,0.345988908460338,-0.0022450304794453596,-0.21687149807267764,0.3843286251627601,0.3496807207250845
1774368227.5584176,base,558379856,1774368227,-0.0063730205749891,0.9382138711746545,0.34598999706970635,-0.002244654076728713,-0.2168717223474255,0.3843273937950083,0.3496797087685358
1774368227.559342,base,559282514,1774368227,-0.006374541835235523,0.9382147220876071,0.34598765807775994,-0.0022452020693045282,-0.21687169881829751,0.3843271458821591,0.349679987323516
1774368227.5603704,base,560331746,1774368227,-0.006372948563879234,0.9382153110357391,0.3459860902984604,-0.0022452137312698505,-0.21687084732366266,0.38432712088796434,0.3496797074116941
1774368227.561387,base,561330707,1774368227,-0.006372564226223498,0.9382153273171469,0.34598605375004077,-0.002245133144264692,-0.2168707878565535,0.3843270276210601,0.34967963678083763
1774368227.5623827,base,562288026,1774368227,-0.006374241728827185,0.9382141283791005,0.3459892716699122,-0.0022454936096646502,-0.2168716385401829,0.38432721831175815,0.34968123173684207
1774368227.5633736,base,563289571,1774368227,-0.006377009737347499,0.9382143181430153,0.3459887013790427,-0.002246218219662588,-0.21687170215710724,0.38432910311724844,0.3496824189528734
1774368227.5643706,base,564298692,1774368227,-0.006374614489159452,0.9382145221370581,0.34598819527522484,-0.002245767449905114,-0.21687140517490996,0.38432672426795916,0.34968125863074895
1774368227.5653474,base,565276967,1774368227,-0.006372864000751229,0.9382145250653814,0.3459882251660272,-0.0022449069538027916,-0.21687044872520214,0.38432667988834146,0.34967956526230703
1774368227.5663517,base,566292851,1774368227,-0.006372747205615046,0.9382145258362781,0.34598822538625584,-0.0022448823868232363,-0.21687043088173522,0.3843266514035766,0.34967954380377786
1774368227.5673459,base,567287160,1774368227,-0.006373476773181603,0.9382136762345771,0.3459905173382855,-0.0022446452297677794,-0.2168722888655255,0.38432542853001767,0.34968042937766475
1774368227.5683155,base,568271027,1774368227,-0.006375186829571257,0.938213112313026,0.3459920164351594,-0.0022444241858085214,-0.2168723299679987,0.384326919265684,0.3496816366514823
1774368227.569356,base,569307434,1774368227,-0.0063720838585318755,0.9382134695987635,0.3459911077611986,-0.0022439609908895923,-0.2168732099011653,0.3843266594135489,0.34967917820594707
1774368227.5703223,base,570282172,1774368227,-0.006373610918631548,0.938214542922421,0.34598816390716697,-0.0022447647711843284,-0.21687099689803532,0.38432781449347786,0.3496803324031624
1774368227.5713487,base,571285848,1774368227,-0.006373727815119373,0.9382145491314877,0.34598814432869435,-0.0022448553905492696,-0.21687097526752686,0.38432776382285655,0.3496804481918441
1774368227.5724413,base,572365928,1774368227,-0.0063713895251206135,0.9382131064251484,0.345992102976727,-0.00224432736785739,-0.21687133401746117,0.38432665924844717,0.3496786052759083
1774368227.5733986,base,573354522,1774368227,-0.006373384053820811,0.9382145725450055,0.34598808416358057,-0.002245318843769891,-0.2168706966430352,0.3843273282190481,0.34968080637063137
1774368227.574348,base,574309725,1774368227,-0.006371726798296238,0.9382144624434503,0.3459884150010005,-0.0022450489194807345,-0.21687100680679203,0.3843259516885379,0.34967931535120744
1774368227.5753691,base,575318379,1774368227,-0.006369564783591889,0.9382136117213595,0.3459907680207296,-0.0022440743426609686,-0.21687162902833848,0.3843251255355376,0.3496769837301177
1774368227.5764954,base,576409943,1774368227,-0.006369592220344702,0.9382136256189425,0.3459907297958096,-0.002244079603832965,-0.2168716363931499,0.38432514068459095,0.3496770086010174
1774368227.5773947,base,577346338,1774368227,-0.006372639124234544,0.9382130938835284,0.34599211433041777,-0.0022442720996088284,-0.21687342787800318,0.38432547207592854,0.3496796925827047
1774368227.5784013,base,578361118,1774368227,-0.006370986202657406,0.9382132739182751,0.34599165635667894,-0.0022443061107706125,-0.21687258315062147,0.384325217879423,0.34967687406185516
1774368227.57939,base,579343729,1774368227,-0.006375065918911121,0.9382143498671266,0.34598865487623537,-0.0022456479839684995,-0.21686992091802837,0.3843276101312952,0.3496824773580882
1774368227.5804503,base,580416014,1774368227,-0.006370392608158723,0.9382137525739737,0.34599036698746344,-0.0022446672271849827,-0.21687109146294709,0.3843260757280412,0.34967917637700047
1774368227.5814948,base,581345933,1774368227,-0.0063701614937586555,0.9382137079101408,0.3459904927235759,-0.002244610644530575,-0.2168710704251996,0.3843260522766883,0.34967917400448834
1774368227.5825584,base,582412552,1774368227,-0.00637460724909312,0.9382130978212943,0.3459920719231794,-0.0022435742233845165,-0.2168723566320365,0.38432709682880856,0.34968066764571654
1774368227.5834408,base,583290615,1774368227,-0.006372378815141069,0.9382148144525695,0.34598745152087834,-0.0022445756959509648,-0.21687046959243653,0.3843285417830028,0.3496796321554483
1774368227.5845907,base,584427651,1774368227,-0.006374726451479484,0.9382139129744391,0.34598984903161306,-0.002245157219892,-0.21687230343574587,0.3843269769257917,0.3496813038788483
1774368227.5854313,base,585302612,1774368227,-0.006376821319557486,0.9382130863363214,0.345992061157241,-0.002243745372538396,-0.2168727184517067,0.38432800208342865,0.3496829224917994
1774368227.5864525,base,586328433,1774368227,-0.006376881143948214,0.9382130292813166,0.34599221725685547,-0.0022433616151353642,-0.216872667971155,0.384328027101799,0.349682918855068
1774368227.587436,base,587304091,1774368227,-0.006373278755563047,0.938213996417273,0.34598965515422053,-0.0022442751383398886,-0.21687096025891872,0.3843259755630306,0.3496790935873269
1774368227.5885394,base,588387262,1774368227,-0.00637239008254852,0.9382147178590479,0.34598771373919673,-0.0022444996829365767,-0.21687040123509482,0.38432664710322895,0.349677730563152
1774368227.5894437,base,589295859,1774368227,-0.006374640553467661,0.9382155940625417,0.34598527946777347,-0.0022470886258929043,-0.21686965725648152,0.38432853182879667,0.34968140198735803
1774368227.5904977,base,590336506,1774368227,-0.006376882403896886,0.938213923026065,0.34598978142731324,-0.0022452524864440674,-0.21687268839484183,0.38432817504108974,0.34968310404084146
1774368227.591461,base,591309354,1774368227,-0.0063771192652302845,0.938213777520582,0.34599017358101813,-0.0022449511829660536,-0.21687290302235476,0.3843282510257155,0.3496833693955288
1774368227.592463,base,592319923,1774368227,-0.0063774281144032795,0.9382131449219678,0.34599187633676926,-0.0022460220920461934,-0.2168744858714411,0.38432715531849587,0.3496841295372577
1774368227.5934293,base,593288726,1774368227,-0.006374760951523534,0.9382145648205352,0.34598807968985407,-0.002245327136911112,-0.21687205600985165,0.3843271979529426,0.349681426154429
1774368227.594455,base,594281372,1774368227,-0.00637530045770584,0.9382143468484466,0.3459886647030023,-0.0022447291262129407,-0.2168713796599365,0.3843280224956362,0.3496820572539807
1774368227.5954814,base,595320735,1774368227,-0.006371718561437994,0.9382149738045465,0.345987029610247,-0.002244877053623852,-0.21686991061239067,0.3843290878236735,0.3496787285011637
1774368227.5964522,base,596314613,1774368227,-0.0063713397530998144,0.938215131727825,0.3459866086107287,-0.002244836015592884,-0.21686956641028676,0.384329287914532,0.3496783925262095
1774368227.597398,base,597303802,1774368227,-0.006371128643184254,0.9382148659404602,0.3459873359682237,-0.002244414789599407,-0.21686988821907288,0.3843283110925476,0.34967839810407103
1774368227.5985143,base,598327791,1774368227,-0.006377031845463599,0.9382134335839925,0.34599110315118614,-0.002245673084521939,-0.21687319087723492,0.3843269264645071,0.3496823416965059
1774368227.599603,base,599305811,1774368227,-0.0063759739030301715,0.93821390034903,0.3459898607612044,-0.0022450833149023335,-0.2168712465091578,0.3843286369752948,0.34968152352407367
1774368227.600569,base,600324923,1774368227,-0.006371938303850628,0.9382144700787566,0.34598838853686364,-0.0022453362229661426,-0.2168708335977532,0.384327985980345,0.34967877834651145
1774368227.6014369,base,601254688,1774368227,-0.006371088020597195,0.9382145461057178,0.34598819715666834,-0.0022454712988958887,-0.21687100694059483,0.3843277452653898,0.3496784052137784
1774368227.6025453,base,602270709,1774368227,-0.006369300807574026,0.938214419810181,0.3459885751520351,-0.002245068313574556,-0.2168694164068173,0.3843265686001022,0.34967659239425286
1774368227.6034815,base,603310317,1774368227,-0.0063748427917698245,0.9382155313975454,0.34598545421081106,-0.0022457734392568127,-0.21686949658930177,0.38432905834941644,0.349681821345399
1774368227.6045184,base,604373341,1774368227,-0.006374745303476461,0.9382148061158688,0.34598742110055264,-0.0022460292668019964,-0.2168699354023556,0.38432793001211935,0.34968066373567164
1774368227.6055622,base,605324393,1774368227,-0.00637336647889953,0.9382134599123384,0.3459911068556022,-0.0022445079371523156,-0.21687184890424993,0.384326532792443,0.34967997089414904
1774368227.6065726,base,606348443,1774368227,-0.006372835959008631,0.9382132021329564,0.3459918171409003,-0.002244276453903675,-0.2168719959611471,0.3843263431199168,0.34967972444863105
1774368227.6075761,base,607307272,1774368227,-0.006375006123478047,0.9382129208403696,0.3459925358246005,-0.002244909523948953,-0.21687145441774444,0.38432714405621726,0.3496820951888763
1774368227.6085758,base,608344735,1774368227,-0.006371482078514211,0.9382145763666904,0.3459881121824676,-0.0022448023537106534,-0.21687049953598636,0.3843265068264999,0.3496787368905938
1774368227.609529,base,609301447,1774368227,-0.006371565011782475,0.9382148964452406,0.3459872388919238,-0.0022453889395674565,-0.2168697771728905,0.3843262534382647,0.3496786544775555
1774368227.6105661,base,610345047,1774368227,-0.00637367892273599,0.9382140906722414,0.34598938356263487,-0.002245605262949817,-0.2168709916658175,0.3843274247484957,0.34968110366712
1774368227.611539,base,611306842,1774368227,-0.006373677982170388,0.9382139551827249,0.34598975101365237,-0.0022456007833625896,-0.2168709289213052,0.38432745971535665,0.34968110265294094
1774368227.612565,base,612328217,1774368227,-0.006372669946853762,0.9382146198573419,0.34598796905088425,-0.0022453141731651944,-0.21687122300415998,0.38432617416878856,0.3496796201143378
1774368227.6135352,base,613303948,1774368227,-0.006372141709273086,0.9382149190971869,0.3459871660182603,-0.0022455164547593447,-0.21686855489057208,0.38432678759855354,0.34967941599765745
1774368227.6145627,base,614326896,1774368227,-0.006373778259648595,0.9382142541952416,0.3459889375683913,-0.0022457194524861035,-0.21687073024250544,0.38432707998096777,0.34968063169610264
1774368227.6155825,base,615349342,1774368227,-0.00637272587215644,0.9382157581609409,0.34598488041845976,-0.002245445450961314,-0.21686922854626856,0.3843276783781072,0.3496802343669458
1774368227.6166172,base,616353042,1774368227,-0.006372651092414334,0.9382156365725927,0.34598521167007446,-0.0022454207518606555,-0.21686951506519547,0.38432751965934747,0.34968016614570807
1774368227.6175976,base,617345603,1774368227,-0.006370582622380947,0.9382146605191086,0.3459879050423752,-0.0022441097240460894,-0.21687038009352788,0.3843258278651599,0.349677851093798
1774368227.6186066,base,618409049,1774368227,-0.006372038448271061,0.9382139821233583,0.3459897131173466,-0.0022448365688462458,-0.21687254979112544,0.38432660804287655,0.34967958531617394
1774368227.6194248,base,619260972,1774368227,-0.0063712607335987695,0.9382160323767108,0.34598416210706473,-0.0022457068017974146,-0.21686915117716643,0.38432725441684357,0.34967872470234607
1774368227.6204698,base,620305672,1774368227,-0.006372119674981049,0.938215487117136,0.3459856305851172,-0.0022448280605944075,-0.21686959620003163,0.38432681910096467,0.3496793089456281
1774368227.6214437,base,621295949,1774368227,-0.006371754307232428,0.9382154874101826,0.3459856369268422,-0.0022447652547732803,-0.2168694861965749,0.3843266170790571,0.3496789793393224
1774368227.6224706,base,622372129,1774368227,-0.006370500276330226,0.9382151479604667,0.34598658224386225,-0.002244497930490584,-0.2168704214594424,0.38432672120668465,0.3496781723548186
1774368227.6234376,base,623349924,1774368227,-0.006373621265296598,0.9382146847307906,0.3459877713398754,-0.00224597211373782,-0.21687050608860953,0.3843282987765722,0.3496797122219545
1774368227.6245115,base,624361367,1774368227,-0.006373398540747349,0.9382143845235928,0.34598859168196894,-0.002245637990537721,-0.2168712741553223,0.38432640601958035,0.34967964780430383
1774368227.6253438,base,625251684,1774368227,-0.006372369752934193,0.9382152949278465,0.3459861457275276,-0.0022450460565448848,-0.21686983190368653,0.38432716231294284,0.3496789149601927
1774368227.6264427,base,626299958,1774368227,-0.006372266557731302,0.9382152957795139,0.34598614546256895,-0.002245023881945762,-0.21686981757916263,0.38432714105932025,0.34967890463319296
1774368227.6274679,base,627326670,1774368227,-0.006374109476417297,0.9382152525841462,0.3459862241535284,-0.002245716552455344,-0.2168709646473082,0.3843275840690531,0.3496811817022196
1774368227.6284282,base,628273919,1774368227,-0.006369482156240663,0.9382142143364162,0.3459891335487115,-0.002244366363707551,-0.21687011883917565,0.3843260640777961,0.3496783601745217
1774368227.6295164,base,629375148,1774368227,-0.006374164534855598,0.9382155412293989,0.3459854371404476,-0.00224622101363526,-0.21687040369434749,0.3843282701183429,0.3496805822747648
1774368227.6304967,base,630353252,1774368227,-0.006372135039243823,0.9382151895500711,0.3459864373993124,-0.0022448002800672514,-0.21686941196091325,0.3843280194801725,0.34967882091513397
1774368227.6314003,base,631318351,1774368227,-0.006371905376746276,0.9382150076508423,0.3459869352236832,-0.0022447483428118383,-0.21686937670470743,0.3843279631905807,0.34967877853700685
1774368227.6324027,base,632344016,1774368227,-0.006369974095940538,0.9382142405094526,0.34598905704021,-0.0022438234588126804,-0.21687026166844256,0.3843260160007256,0.3496769848129718
1774368227.6333437,base,633281518,1774368227,-0.006372455846449997,0.9382144221177239,0.34598851218113713,-0.002244855334702709,-0.21687114394220774,0.3843274085197437,0.3496793537609192
1774368227.6344192,base,634322999,1774368227,-0.006371084093229082,0.9382158645822545,0.34598462101805333,-0.00224560741085154,-0.2168678516586143,0.3843268292012723,0.3496791009949362
1774368227.6353655,base,635280753,1774368227,-0.0063711725595615686,0.9382151681376192,0.34598650877296255,-0.0022454807529583734,-0.216869456088923,0.38432738062820365,0.34967928182168967
1774368227.636403,base,636327554,1774368227,-0.006371533709769882,0.9382152213263442,0.34598635720260595,-0.0022455866527449357,-0.21686940677910904,0.3843275420278763,0.349679364247021
1774368227.6374032,base,637286810,1774368227,-0.0063751149610302045,0.9382140482369774,0.345989474406859,-0.002245261606562267,-0.21687109759936732,0.3843274524863355,0.34968200765660085
1774368227.6384382,base,638343401,1774368227,-0.006374429042012848,0.9382142582524322,0.34598891806322707,-0.0022451823231954006,-0.21687051058380422,0.38432708667048304,0.3496799853680526
1774368227.6393826,base,639304184,1774368227,-0.006375581225871135,0.9382142933368813,0.3459888011096795,-0.002245272610463198,-0.21687253718508148,0.3843276338906489,0.3496817823673015
1774368227.6405048,base,640402927,1774368227,-0.006372701864412124,0.938214695355103,0.3459877669647074,-0.00224481657459735,-0.21687153980202167,0.3843273788884614,0.34967970524113284
1774368227.6414444,base,641327026,1774368227,-0.006372508418906238,0.938214361625235,0.3459886756447634,-0.002244794464214366,-0.21687201243381496,0.3843270773990456,0.34967961679186466
1774368227.6424422,base,642341161,1774368227,-0.006373805300287759,0.9382139904207132,0.34598965486356315,-0.0022453312068037566,-0.21687144572107792,0.3843274616655676,0.34968060769825393
1774368227.6434057,base,643320077,1774368227,-0.006375902205064047,0.9382147340528446,0.34598759614365093,-0.0022458833361186426,-0.21687072707562433,0.384327142424149,0.34968222404791205
1774368227.6444116,base,644329835,1774368227,-0.006374312318632421,0.9382133516257811,0.34599136650278456,-0.002247060105715345,-0.21687419844706318,0.38432639205028735,0.34968163405908964
1774368227.6453688,base,645269632,1774368227,-0.006375070453605242,0.9382136839905086,0.34599045859141814,-0.002245932628017138,-0.21687239275872508,0.3843264633547403,0.34968097074230853
1774368227.6463227,base,646243119,1774368227,-0.006374466058446602,0.938213732298716,0.34599034160829056,-0.002245489336746739,-0.21687225613608974,0.38432629021635045,0.3496803681114651
1774368227.6473393,base,647243356,1774368227,-0.00637497688296616,0.9382141039566515,0.34598932361263623,-0.002245607407728809,-0.2168714836238554,0.38432685291580027,0.3496816655940902
1774368227.6484108,base,648315039,1774368227,-0.006376335170631172,0.9382139673066346,0.3459896694081877,-0.0022455652628791574,-0.21687249540897743,0.3843270378879171,0.34968283807508016
1774368227.6494522,base,649315808,1774368227,-0.0063744655492612885,0.9382135351802,0.34599087541337487,-0.002245601104252974,-0.21687301431335096,0.38432774357313304,0.3496812593132429
1774368227.6505966,base,650418875,1774368227,-0.0063704589896865435,0.9382134584096031,0.34599116290934745,-0.0022447494269923107,-0.21687087552793913,0.3843254955261842,0.3496778695510804
1774368227.6514556,base,651350904,1774368227,-0.006370472170755909,0.9382134999499714,0.34599105004349806,-0.002244746253900459,-0.2168708867140623,0.384325518516393,0.34967788092379193
1774368227.652467,base,652379546,1774368227,-0.006373209437163198,0.9382144962676546,0.3459882989439146,-0.002244590964400174,-0.2168714034415971,0.3843268659954859,0.3496796888943392
1774368227.6534421,base,653345470,1774368227,-0.006372809394714188,0.9382136692744012,0.3459905472037332,-0.0022448458175420524,-0.21687305366282578,0.38432580902028174,0.34967966885197693
1774368227.6544244,base,654331559,1774368227,-0.006374775946831486,0.9382130284999637,0.34599224838507137,-0.0022448701514583996,-0.21687362958760031,0.38432686268597377,0.3496813840573106
1774368227.655432,base,655328763,1774368227,-0.006371710438279703,0.9382146615354482,0.34598787690313065,-0.002244821168640124,-0.21687175152287372,0.384325137802763,0.34967869640361326
1774368227.6566224,base,656416045,1774368227,-0.0063717106775330636,0.9382146902214317,0.3459877991144803,-0.00224482063045027,-0.21687168821959352,0.3843251736449019,0.349678696450415
1774368227.6573815,base,657304932,1774368227,-0.006370924191482663,0.9382129764006475,0.34599246356332086,-0.0022444143486596434,-0.21687455368665473,0.3843235309828555,0.349677970080035
1774368227.6585767,base,658418426,1774368227,-0.006373024290456319,0.9382129124286441,0.3459925992807645,-0.0022442719298084984,-0.21687490471098464,0.3843242944762934,0.34968002919412783
1774368227.659434,base,659351785,1774368227,-0.006373107844095141,0.9382126952996781,0.3459931906647041,-0.0022436328974599225,-0.21687462034786842,0.3843244236801431,0.3496799838499393
1774368227.6605196,base,660400131,1774368227,-0.006372588652421783,0.9382127226298221,0.34599311564922297,-0.002245246700681164,-0.21687587031522723,0.38432409712668625,0.3496795632626629
1774368227.661473,base,661367808,1774368227,-0.006372696057322405,0.9382126051063098,0.3459934322190413,-0.0022452674407056248,-0.21687616382504524,0.3843240097526964,0.34967966084088753
1774368227.6624553,base,662349785,1774368227,-0.006372323541667571,0.9382133936066936,0.34599131050771487,-0.002243792068287792,-0.2168735814239487,0.38432495533165867,0.34968018911564785
1774368227.6634157,base,663323323,1774368227,-0.006374768556758902,0.9382133139234278,0.3459914720563563,-0.0022452543159051166,-0.21687282339604377,0.3843255763500407,0.3496806703604542
1774368227.6644652,base,664364413,1774368227,-0.006371935572565171,0.9382113333714837,0.34599690207821004,-0.0022441307099150655,-0.21687674433098741,0.38432230532516526,0.34967881667645684
1774368227.6654108,base,665331013,1774368227,-0.0063741170860300055,0.9382131123802046,0.3459920326225225,-0.00224493896544529,-0.2168756091421962,0.3843255130717224,0.3496813390212992
1774368227.666375,base,666300246,1774368227,-0.00637404130500787,0.9382132026646123,0.3459917893128745,-0.002244921229941775,-0.21687539801102687,0.38432560718081915,0.3496813253108897
1774368227.6673958,base,667312442,1774368227,-0.006368946209478783,0.9382137432049422,0.3459904197629143,-0.002244552925133352,-0.2168724851953595,0.38432309235420903,0.3496767992414914
1774368227.6684194,base,668320488,1774368227,-0.006370462869972414,0.9382124190342427,0.3459939902878569,-0.002243358514190164,-0.21687408977211048,0.3843243661355625,0.3496779632018373
1774368227.6694016,base,669310648,1774368227,-0.006374355902003841,0.9382139721008118,0.3459896965408756,-0.0022450009364428816,-0.21687382320383636,0.38432596085694987,0.349681312172242
1774368227.6704364,base,670303996,1774368227,-0.0063744019923848505,0.9382134732064666,0.34599105029422866,-0.002244729247512013,-0.21687438131065734,0.3843256432884061,0.3496813024010098
1774368227.6713834,base,671305422,1774368227,-0.006374738325055934,0.9382134860636778,0.34599100881457484,-0.0022447937546376936,-0.21687445416685514,0.38432584736624986,0.34968160696518846
1774368227.6724675,base,672353829,1774368227,-0.006376106393104412,0.9382137273687493,0.3459903245297068,-0.0022455235314186267,-0.21687389360677256,0.3843263326896522,0.34968264813713623
1774368227.6734629,base,673355644,1774368227,-0.006370973758211163,0.9382134720505784,0.34599111740935207,-0.002244600186827893,-0.21687074426642555,0.3843255057029461,0.3496785751990153
1774368227.674457,base,674371110,1774368227,-0.0063712786039628825,0.9382122742975751,0.34599436188039645,-0.0022442623063159846,-0.21687496544224702,0.3843244131358352,0.34967853194289295
1774368227.6754842,base,675390838,1774368227,-0.006368033020622971,0.9382139820910647,0.3459897949169234,-0.0022436081701040565,-0.21687054493782923,0.38432451124492845,0.3496766678251879
1774368227.676472,base,676390036,1774368227,-0.006367584017440791,0.9382142345422674,0.3459891192327202,-0.002243512561749236,-0.2168702948954825,0.3843245318143271,0.34967663568183094
1774368227.6775477,base,677403507,1774368227,-0.006375433482433326,0.9382133550455579,0.3459913577727747,-0.002243793355173798,-0.21687206879622764,0.38432677566213624,0.3496819738686453
1774368227.678528,base,678378432,1774368227,-0.006372518032707869,0.9382123106419273,0.34599424938291395,-0.0022428927331635427,-0.21687207327799918,0.384325373652226,0.34967919746282705
1774368227.6795812,base,679426880,1774368227,-0.0063737827416546124,0.938213999163917,0.3459896379863163,-0.0022443423333707913,-0.2168726872965711,0.3843258697516047,0.3496804651406145
1774368227.6805158,base,680362164,1774368227,-0.0063725642255570095,0.9382147113620524,0.34598772292698293,-0.00224530461477709,-0.21687219631871207,0.38432606726187934,0.34967981091284994
1774368227.6816056,base,681441253,1774368227,-0.006372327768930519,0.9382146265780752,0.3459879564719181,-0.002245415363433399,-0.2168724027561314,0.38432570666298826,0.3496796117346224
1774368227.6823988,base,682309235,1774368227,-0.006373088314807914,0.938214053728534,0.34598949553143266,-0.002245465098354986,-0.21687303479484069,0.38432523682295405,0.34968027839318616
1774368227.683404,base,683292429,1774368227,-0.006374804884320305,0.9382140888895737,0.34598936910936456,-0.002245380835845401,-0.21687176459034432,0.38432697605766986,0.3496812057490817
1774368227.6845412,base,684380115,1774368227,-0.006372595693716088,0.9382143989174492,0.3459885730481759,-0.0022447735255509663,-0.21687175041961362,0.38432628901516847,0.3496797117604843
1774368227.6855135,base,685357221,1774368227,-0.0063711212147951855,0.9382141468499099,0.3459892835573529,-0.002244800354513346,-0.21687066552888862,0.3843262156420941,0.34967875114626606
1774368227.6864064,base,686285577,1774368227,-0.006371076551882882,0.9382140830215725,0.3459894576557639,-0.002244770507276383,-0.21687041558985962,0.384326388474192,0.34967870733176776
1774368227.6873803,base,687279092,1774368227,-0.006374021120878509,0.9382145788228798,0.34598805502319696,-0.0022453775232670354,-0.21687120147146322,0.3843262727398796,0.34968051403028166
1774368227.6884944,base,688338689,1774368227,-0.006373789620378795,0.9382136753715284,0.3459905129740825,-0.002244790336440443,-0.21687133252369825,0.3843281929207829,0.34968052128689014
1774368227.689387,base,689296533,1774368227,-0.00637220073551012,0.9382151909244936,0.3459864275258428,-0.0022455610005208577,-0.2168699771123996,0.38432742487166927,0.3496795156461587
1774368227.6904545,base,690317405,1774368227,-0.006371625787293886,0.938215218682393,0.3459863648094425,-0.002245258008214311,-0.21686926446701552,0.38432806321711127,0.34968006592861384
1774368227.6913886,base,691306409,1774368227,-0.0063711068340896095,0.9382152691113247,0.34598623832008923,-0.0022451497026996546,-0.21686918424461432,0.3843279374734467,0.34967997049330657
1774368227.6924095,base,692329765,1774368227,-0.006375261703891222,0.9382140959885256,0.34598933458814907,-0.0022464367096583096,-0.21687019523621148,0.38432818441176475,0.3496833815467425
1774368227.6933727,base,693304534,1774368227,-0.0063704270397180246,0.9382158446282122,0.3459846960754937,-0.002244243625409307,-0.21686704696601103,0.38432754580675543,0.3496785451707195
1774368227.6944523,base,694319371,1774368227,-0.006372933196797562,0.9382152357708926,0.34598629395944747,-0.002245324485311148,-0.21686840120759726,0.3843282898380702,0.34968026487800496
1774368227.695383,base,695311696,1774368227,-0.0063720961394577716,0.9382141380727473,0.34598928563079184,-0.002245381904155938,-0.21686966098199595,0.3843276144661695,0.3496794231007771
1774368227.6966794,base,696375000,1774368227,-0.006372096099117455,0.9382140263568663,0.34598958773278443,-0.0022455108636394495,-0.21686987069672758,0.38432749577955777,0.34967940536553227
1774368227.697403,base,697313233,1774368227,-0.006372999296914826,0.9382150485906676,0.34598679867340426,-0.0022455782555909033,-0.2168684355212569,0.3843282712411251,0.34968018898406356
1774368227.6984022,base,698315629,1774368227,-0.006373654401229752,0.9382153772880462,0.34598589577952193,-0.0022455002704713603,-0.2168689516695188,0.3843288699943789,0.34968049927680195
1774368227.6994197,base,699308260,1774368227,-0.006373632589631237,0.9382156259591574,0.3459852202377752,-0.0022457494732969134,-0.21686817389134036,0.38432930825318035,0.34968051271284384
1774368227.700446,base,700302910,1774368227,-0.0063709047569139475,0.9382167076275774,0.3459823376137018,-0.0022456982000686695,-0.21686738630419528,0.3843276233021056,0.34967812660469927
1774368227.701449,base,701339760,1774368227,-0.006370652316274335,0.9382168477740599,0.3459819622032695,-0.002245700769695389,-0.21686712663651417,0.38432777937023316,0.349677906575249
1774368227.7023575,base,702274486,1774368227,-0.006376460665094263,0.9382153885552886,0.34598581592177374,-0.00224512992488913,-0.21686693834783471,0.3843301983074661,0.3496822746298637
1774368227.7033548,base,703249358,1774368227,-0.00637526866649349,0.9382160118090905,0.3459841441405734,-0.0022456931645905127,-0.21686767461210454,0.38432894925475014,0.3496815098045918
1774368227.7044525,base,704329111,1774368227,-0.006372966732179208,0.93821655981738,0.34598271031931943,-0.002244179041221929,-0.2168657374749008,0.38432930939124277,0.3496808769763788
1774368227.705405,base,705281438,1774368227,-0.006373044515070276,0.9382153152571292,0.345986078398138,-0.0022450111919748265,-0.21686672960703576,0.38432920985424607,0.34968017181305405
1774368227.7064197,base,706264123,1774368227,-0.006373284245157369,0.9382153144254541,0.3459860742970767,-0.0022453102178363843,-0.2168670004114946,0.38432915659117284,0.3496802158808137
1774368227.707463,base,707323126,1774368227,-0.0063723809988042645,0.9382149952692654,0.3459869641347562,-0.002244117000785765,-0.21686825160860954,0.38432840104035154,0.3496794203729495
1774368227.7084744,base,708341863,1774368227,-0.0063726244247423675,0.9382160055882732,0.34598421343514635,-0.0022451212861474314,-0.21686782736103435,0.38432876328785026,0.3496795336496784
1774368227.7095094,base,709359169,1774368227,-0.0063706836931703035,0.9382146899921802,0.34598781670946077,-0.0022451193240713703,-0.21686830129547707,0.38432790193520067,0.34967783840995825
1774368227.7105973,base,710412360,1774368227,-0.006374116514237291,0.9382152049059748,0.34598635262329996,-0.002245822862136715,-0.21686878203844318,0.3843287400298729,0.3496798216879335
1774368227.711407,base,711276784,1774368227,-0.006374628746003691,0.9382153323019743,0.3459859967966022,-0.002245965829717862,-0.216868866142943,0.3843288638814829,0.3496799171331439
1774368227.7125783,base,712402760,1774368227,-0.006375013616949932,0.9382156979208365,0.34598500688763106,-0.0022446347737005313,-0.21686826731216363,0.38433001217489,0.34968126955320616
1774368227.713391,base,713249087,1774368227,-0.006370749305171914,0.9382149493658956,0.3459871162607634,-0.0022444868459867754,-0.21686992776850184,0.38432760708870367,0.34967790194771103
1774368227.7146506,base,714409515,1774368227,-0.006371283573939364,0.9382149148883201,0.3459872086686609,-0.0022431371762387554,-0.21686878049032673,0.3843283350122679,0.3496779655997221
1774368227.715462,base,715321504,1774368227,-0.0063747171681575185,0.9382163659951915,0.3459831850113965,-0.0022470534422934473,-0.21686694804444853,0.38432982195395116,0.3496818947059999
1774368227.716404,base,716278479,1774368227,-0.006374631517236354,0.9382165856038914,0.34598258903625845,-0.0022473661390126905,-0.21686695399393666,0.3843298106268316,0.3496818898841855
1774368227.7175145,base,717333580,1774368227,-0.00637180165250719,0.9382134392134234,0.3459911971780446,-0.00224367963945487,-0.21687040646089253,0.3843280040260466,0.34967884750170874
1774368227.7185266,base,718337862,1774368227,-0.006371846411907507,0.9382146844778669,0.34598780799619483,-0.0022454668529801104,-0.21686939893273258,0.3843265362477208,0.3496786457474344
1774368227.722069,base,721909328,1774368227,-0.006369515337746236,0.9382141325663449,0.3459893524020967,-0.0022447163564563075,-0.21686851933801177,0.3843264199615749,0.34967732558162
1774368227.722165,base,722077209,1774368227,-0.006373059254128685,0.9382137727600346,0.34599026119084125,-0.0022449677545710077,-0.2168704925231486,0.3843269883063198,0.34968014985063195
1774368227.7223382,base,722260056,1774368227,-0.0063704758860437015,0.9382143394771015,0.34598877491452834,-0.0022445199208888356,-0.2168717864017714,0.38432576912252553,0.34967784888790465
1774368227.7233815,base,723267516,1774368227,-0.00637158980911032,0.9382148754109089,0.3459872991519369,-0.002244822163403991,-0.21686957996985326,0.38432713760063536,0.3496785796203595
1774368227.724419,base,724311259,1774368227,-0.006372272326159212,0.9382144907437074,0.34598832688804293,-0.002245253023517513,-0.21686972842244998,0.3843277005952124,0.34967925168126723
1774368227.7255192,base,725390330,1774368227,-0.006373760828449623,0.9382151347691172,0.345986555013506,-0.002244952773461453,-0.21687091636383776,0.3843281374011817,0.34968108025375555
1774368227.7264667,base,726365241,1774368227,-0.006373812003099988,0.9382152270700097,0.3459863031616215,-0.0022450476773954505,-0.21687070902460567,0.38432825291358025,0.3496811379534598
1774368227.7275014,base,727364224,1774368227,-0.006371655792197705,0.9382145688446271,0.3459881367069618,-0.0022436729264978944,-0.21686990378215013,0.3843268481305687,0.3496786894200325
1774368227.728558,base,728390756,1774368227,-0.006372737732643336,0.9382122770371925,0.34599433116940914,-0.0022437087847229815,-0.21687441727598356,0.3843257011562064,0.34967968792075893
1774368227.7294717,base,729376815,1774368227,-0.006374574971378426,0.9382134103912387,0.3459912133567532,-0.002245358745738883,-0.21687304476475439,0.38432574713624673,0.3496812730672147
1774368227.7304964,base,730341621,1774368227,-0.006372532475567835,0.9382137892646568,0.3459902295718083,-0.002244438537698356,-0.21687337807547274,0.38432483522819555,0.3496796304673122
1774368227.731524,base,731359676,1774368227,-0.006372525737252046,0.9382138567618393,0.3459900464547493,-0.0022444709941352014,-0.21687361255225582,0.384324702640566,0.3496796313013479
1774368227.732504,base,732378212,1774368227,-0.006372354724536399,0.9382131871033583,0.3459918735458049,-0.0022432300120766263,-0.21687363701012802,0.38432522734318947,0.34967956306635767
1774368227.7334497,base,733329326,1774368227,-0.006373091587169837,0.9382122771956057,0.3459943220352974,-0.002244045987099261,-0.21687366131835004,0.3843254628791418,0.3496797960287075
1774368227.7345695,base,734374651,1774368227,-0.006370866134145217,0.9382114834137063,0.34599651967935097,-0.0022433958924112265,-0.21687408077352663,0.3843234412800938,0.34967856219102234
1774368227.7355046,base,735355947,1774368227,-0.006373553242453171,0.9382134734640399,0.3459910655595969,-0.002244678716815145,-0.2168737578038317,0.3843260300915871,0.34968056472971587
1774368227.7365243,base,736333736,1774368227,-0.006373545765457211,0.9382136497999108,0.34599058731513965,-0.0022447121932863824,-0.2168737520073902,0.38432603312006314,0.3496805647410796
1774368227.7374377,base,737281024,1774368227,-0.006377035530078572,0.9382132604539971,0.34599158161670285,-0.002244276386895155,-0.21687491241633616,0.38432650395688017,0.3496823835171406
1774368227.738423,base,738265713,1774368227,-0.006372381216166525,0.9382122960053925,0.3459942909487828,-0.0022429919247820935,-0.21687368982472566,0.38432554666527236,0.3496788707855151
1774368227.7394767,base,739351856,1774368227,-0.006377841642022822,0.9382127026313972,0.3459930749746956,-0.0022449558199063484,-0.216875200076983,0.3843255416768351,0.3496833724696958
1774368227.7404788,base,740352369,1774368227,-0.006372884208533485,0.9382138698811224,0.345990001929356,-0.002244832839428853,-0.21687226924590186,0.3843247226177824,0.34967986877144364
1774368227.7414908,base,741346132,1774368227,-0.006372252012533738,0.9382140395999856,0.3459895535988432,-0.0022447944758032436,-0.21687220974027271,0.38432463733934347,0.34967959359275075
1774368227.7425215,base,742365946,1774368227,-0.006372023076991358,0.938213534149012,0.34599092741276877,-0.002244952021569856,-0.21687348175375443,0.3843253287042955,0.34967952275963093
1774368227.7434802,base,743350519,1774368227,-0.006371285448537311,0.9382128267080515,0.3459928705488513,-0.002243223481192702,-0.21687450772160824,0.3843233351009904,0.34967860548359503
1774368227.7445138,base,744361026,1774368227,-0.006374447328830978,0.9382132664095891,0.3459916100968302,-0.00224474873971324,-0.21687562379498035,0.3843249456252546,0.34968135165436753
1774368227.7455213,base,745384883,1774368227,-0.006374376773307784,0.9382121614947861,0.34599460703283047,-0.002244826993414328,-0.21687468530704174,0.38432469613866754,0.3496812903439265
1774368227.7464402,base,746326661,1774368227,-0.006374356061398087,0.9382119992094793,0.34599504690320343,-0.002244914832391223,-0.216874707010964,0.3843246826780714,0.349681289235295
1774368227.7474723,base,747347999,1774368227,-0.0063723657924793274,0.938212626020869,0.34599338392526846,-0.0022449073864223754,-0.21687447760241077,0.3843242180295033,0.3496795519374481
1774368227.7485313,base,748370145,1774368227,-0.00637650436094919,0.9382133434493553,0.34599135596530317,-0.002245876890610272,-0.21687357762551426,0.38432608301207294,0.3496816394758291
1774368227.7495089,base,749370253,1774368227,-0.006375968235146124,0.9382129092026187,0.3459925481939556,-0.00224513448963531,-0.21687308617319256,0.3843274544208506,0.3496818079052599
1774368227.7505586,base,750372900,1774368227,-0.006376319630701039,0.9382131262039088,0.3459919495276826,-0.002245713403138155,-0.21687469651536734,0.38432572320486375,0.34968248245341044
1774368227.7514763,base,751346356,1774368227,-0.006376129873265118,0.9382132985082617,0.34599148611420316,-0.0022456639489799165,-0.2168745856853395,0.38432575067053854,0.3496823930634097
1774368227.7525287,base,752367523,1774368227,-0.006369278146003429,0.9382133910520081,0.34599137885661585,-0.0022429675629250466,-0.21687049744926226,0.38432530235396767,0.3496762255431843
1774368227.7534504,base,753311918,1774368227,-0.006372952574826049,0.938214826025051,0.3459874086472466,-0.002244718206247474,-0.21687141501660126,0.3843268435491708,0.34967975363054143
1774368227.7545638,base,754412685,1774368227,-0.0063748086077160095,0.9382139379514598,0.34598978494814236,-0.0022443619065486632,-0.2168731690660753,0.3843272547045663,0.3496815767745596
1774368227.7554495,base,755311988,1774368227,-0.006374946845732593,0.9382133210004168,0.34599145846519064,-0.0022438848484484224,-0.21687249388299432,0.38432721475776405,0.3496807870907962
1774368227.7564142,base,756283435,1774368227,-0.006375436822162756,0.9382132032752514,0.3459917699366237,-0.0022436892478399743,-0.2168725245781453,0.3843273176430672,0.3496807980294664
1774368227.7575173,base,757375045,1774368227,-0.006375695088198423,0.938213529899109,0.34599086869300094,-0.002245352413007775,-0.21687246709287672,0.38432721695712463,0.3496814732358869
1774368227.7585356,base,758361032,1774368227,-0.00637269889188492,0.9382136144231012,0.34599070107012364,-0.00224436917152043,-0.21687390806128257,0.3843260072636727,0.34968103163898046
1774368227.7594733,base,759345691,1774368227,-0.006374091337397944,0.9382122595423711,0.34599435095709136,-0.0022441278488921786,-0.2168728659751397,0.3843255833917131,0.34968122165217796
1774368227.760558,base,760397058,1774368227,-0.0063690912537670485,0.9382126567538875,0.3459933641339339,-0.002244406089887115,-0.21687066690302537,0.38432508706411056,0.349677833672661
1774368227.761541,base,761367875,1774368227,-0.006368447701808654,0.9382126322970015,0.345993443342088,-0.002244245193001156,-0.2168705454113904,0.3843250253993785,0.3496775520451795
1774368227.7625034,base,762321478,1774368227,-0.006372976678574489,0.9382144618491041,0.34598839095189476,-0.0022454558488841283,-0.21687027189198757,0.38432644049104997,0.3496803981960002
1774368227.7634656,base,763335894,1774368227,-0.006375681947407274,0.9382151255752897,0.34598653729368345,-0.002246070563315275,-0.21687035668549226,0.38432790656234156,0.34968253073436295
1774368227.764434,base,764329305,1774368227,-0.006373956947292317,0.9382137033972081,0.34599043102015503,-0.0022452333992201506,-0.21687143283452118,0.38432665353796724,0.34968076325016234
1774368227.7654796,base,765355836,1774368227,-0.006373814584989034,0.9382149088943932,0.3459871567111353,-0.0022464654161746013,-0.21687185516828536,0.3843265570532962,0.3496805659162802
1774368227.76651,base,766307388,1774368227,-0.006373646341336206,0.9382151146333452,0.3459865994599636,-0.002246842225268383,-0.21687172112169475,0.3843266391848496,0.34968047743646713
1774368227.7674918,base,767313235,1774368227,-0.00637461159241496,0.938214212301964,0.34598903582367907,-0.0022457184712071907,-0.2168728223270995,0.38432731047002616,0.34968139925166875
1774368227.7684727,base,768338583,1774368227,-0.006371932524582737,0.9382148531662543,0.34598735364580196,-0.0022447474915418294,-0.21687059407803091,0.38432694276737406,0.34967944172952536
1774368227.7694712,base,769333027,1774368227,-0.006370224490749635,0.9382146453368497,0.34598795647922664,-0.0022435433393442838,-0.21687021021705835,0.38432656722147746,0.3496777573045644
1774368227.7704878,base,770356795,1774368227,-0.006372703284383673,0.9382148257495574,0.34598740969748276,-0.002245379122360525,-0.21686928959069285,0.38432780148475676,0.34967989954136847
1774368227.7714572,base,771313267,1774368227,-0.00637289692190064,0.938214810974326,0.3459874451752291,-0.002245536539517796,-0.21686930216199082,0.3843277862633222,0.3496800898426399
1774368227.7724686,base,772406287,1774368227,-0.006371329409099376,0.938215138921834,0.3459865896728031,-0.0022447775007860284,-0.21687064694995808,0.38432708834483414,0.3496786336846793
1774368227.7734408,base,773310023,1774368227,-0.0063702580979030435,0.9382146646712664,0.34598789884752806,-0.002244250124667884,-0.21686771545564817,0.3843272330916577,0.34967897862743214
1774368227.7744312,base,774302172,1774368227,-0.006370654657308101,0.938213556083684,0.34599089475086203,-0.002244702551168672,-0.21686999251419675,0.3843258394553612,0.3496778522896626
1774368227.775381,base,775297851,1774368227,-0.0063705133906094774,0.9382146114497126,0.34598803484380775,-0.00224480875015831,-0.21686936517550237,0.384326320373298,0.34967776211070645
1774368227.7765374,base,776401600,1774368227,-0.006370252426009657,0.9382147964960829,0.34598753759910067,-0.002244848759657468,-0.21686931690857553,0.38432618240083294,0.3496774603156231
1774368227.7775307,base,777373802,1774368227,-0.0063737848639911785,0.9382150732324677,0.34598671401258946,-0.002246097209254374,-0.21686900971196993,0.3843276600454033,0.3496806988145986
1774368227.778427,base,778305962,1774368227,-0.006373440272395184,0.9382155741452797,0.34598536447594386,-0.0022457201040315313,-0.2168689937380696,0.3843279432201856,0.3496803399932583
1774368227.7794826,base,779346067,1774368227,-0.006375165348545937,0.938215265786157,0.3459861689755732,-0.0022457048327006574,-0.21687015933200376,0.38432822659882276,0.3496815684970556
1774368227.7805848,base,780330414,1774368227,-0.006369654055927035,0.938214963857415,0.34598709721054227,-0.002244474339356228,-0.21686919200008015,0.3843261661739432,0.3496776734112939
1774368227.7815597,base,781320679,1774368227,-0.006369229870896521,0.9382149525328549,0.34598713633630374,-0.002244380633553383,-0.21686911622817726,0.384325956833165,0.3496772880024238
1774368227.782609,base,782392517,1774368227,-0.006372958262614353,0.9382147220888992,0.34598768815907127,-0.0022450614632539756,-0.2168719811391073,0.38432589938835066,0.34968009255585547
1774368227.7836628,base,783324058,1774368227,-0.0063717636010180885,0.9382145168333785,0.345988264052087,-0.0022454776654828082,-0.216869129790897,0.38432609233989423,0.3496782896916314
1774368227.7845988,base,784409878,1774368227,-0.006371716865258891,0.9382157642777402,0.3459848814351347,-0.0022455964108881155,-0.21686861967035534,0.3843275025548383,0.34967907772752005
1774368227.785468,base,785318805,1774368227,-0.006367679293603195,0.9382159624164346,0.3459844309466451,-0.0022436733147411345,-0.21686779241705822,0.38432723040864963,0.34967556058824883
1774368227.7865412,base,786404351,1774368227,-0.006367042257837565,0.938215940613268,0.34598450347036985,-0.0022434148990749174,-0.2168678698109906,0.38432722159747823,0.3496749692798644
1774368227.7875094,base,787291337,1774368227,-0.006370183800963511,0.9382158734012453,0.3459846139594098,-0.0022455644364935455,-0.21686856931100046,0.38432668899484207,0.34967805009130826
1774368227.7885783,base,788395049,1774368227,-0.006371884908459428,0.9382142378399798,0.3459890255020322,-0.0022443772439634303,-0.21687096202582026,0.38432674087075896,0.34967933877748886
1774368227.7894473,base,789286287,1774368227,-0.006368862153787301,0.9382151378219602,0.3459866384080237,-0.00224472708848765,-0.21686849785405712,0.3843267891372346,0.3496767639364372
1774368227.7905035,base,790348377,1774368227,-0.006372256845743021,0.9382143524962678,0.3459887026439484,-0.0022451626797098273,-0.21687107517871956,0.38432614043094565,0.34967948977576113
1774368227.79139,base,791279355,1774368227,-0.006372268219886806,0.9382144657614266,0.34598839529842634,-0.0022451620330117186,-0.2168710948323039,0.38432612893499063,0.349679499995499
1774368227.792629,base,792353959,1774368227,-0.006371315005387856,0.9382152255063696,0.34598635418777157,-0.0022449251631307295,-0.21686982082018116,0.3843275542654026,0.3496786398572154
1774368227.793583,base,793284019,1774368227,-0.006371815717835436,0.9382155916694359,0.34598535012463516,-0.0022452198025951532,-0.21686894193979842,0.3843278731087238,0.34967942045084544
1774368227.7945447,base,794364273,1774368227,-0.0063727323207018755,0.9382146780854358,0.34598781111080024,-0.002245143774426296,-0.21687255810107078,0.38432541921358165,0.34967965444110793
1774368227.7953568,base,795258697,1774368227,-0.00636983582083818,0.9382148027797569,0.34598753514409114,-0.0022437828490395996,-0.2168709179434953,0.3843260343157055,0.34967774623619363
1774368227.7965057,base,796346664,1774368227,-0.006369319764245235,0.9382147976426705,0.34598755932366215,-0.0022436673815775985,-0.21687085845099147,0.38432589669040645,0.34967765220119135
1774368227.7974553,base,797288730,1774368227,-0.006369461522721894,0.938214910375956,0.3459872448527662,-0.0022446174149517457,-0.2168711384765964,0.3843261866954569,0.34967834446127954
1774368227.7986596,base,798353387,1774368227,-0.006370942986223662,0.938214566160039,0.3459881495860437,-0.002244833317123651,-0.2168697652318194,0.3843274607254631,0.34967857200751246
1774368227.7994235,base,799309000,1774368227,-0.006369947161499289,0.938213941886309,0.3459898662719561,-0.0022439831610873797,-0.21687130765651083,0.38432760063513566,0.34967722200759804
1774368227.8004606,base,800357409,1774368227,-0.006371809091711158,0.9382142753876908,0.34598892242125695,-0.0022447871672914435,-0.21687159121090002,0.38432597461743956,0.34967884152405143
1774368227.8014057,base,801308095,1774368227,-0.006371892595383831,0.9382142105206144,0.34598909720091625,-0.002244722706321097,-0.21687183522479234,0.3843258546208338,0.3496788658489311
1774368227.802479,base,802340244,1774368227,-0.006373029641755525,0.9382132440667366,0.34599169612135616,-0.00224485322965127,-0.21687297736144173,0.38432632906925907,0.34968044287469224
1774368227.8034134,base,803311024,1774368227,-0.006373687198311038,0.9382138538709587,0.3459900299038697,-0.0022449327875849476,-0.21687349150941523,0.3843255286579492,0.3496804499632309
1774368227.8045104,base,804364241,1774368227,-0.006371176237779042,0.9382146427812346,0.3459879365821952,-0.0022449774659277807,-0.21687079826502947,0.38432550343020333,0.3496785166784345
1774368227.805445,base,805351683,1774368227,-0.006371230586943794,0.9382150243970411,0.3459869019544693,-0.002244792287996292,-0.21686876046822057,0.38432718311839903,0.34967825762581956
1774368227.806506,base,806354669,1774368227,-0.006371077413156737,0.9382151411931829,0.3459865876341953,-0.0022448576117051738,-0.21686846303852703,0.38432726367902664,0.34967813205663456
1774368227.8074503,base,807318475,1774368227,-0.006372518380422709,0.9382134021809945,0.3459912836410207,-0.0022437963128183634,-0.21687255018562027,0.38432649938379304,0.3496792302438231
1774368227.8086,base,808392375,1774368227,-0.006374014299652525,0.9382142491601362,0.34598895690429005,-0.002244173538547002,-0.21687084804810197,0.38432810746218027,0.34967973250002027
1774368227.8093975,base,809305806,1774368227,-0.006377319487870847,0.9382124257755701,0.3459938287310231,-0.0022459734009365987,-0.21687496765276282,0.3843262839954437,0.3496831398715457
1774368227.810518,base,810389712,1774368227,-0.006371334394239574,0.9382132190600633,0.345991805435411,-0.0022432678251026275,-0.2168718086214783,0.38432519104415547,0.3496779676429601
1774368227.8113818,base,811305073,1774368227,-0.006371313827267357,0.9382132377741393,0.34599175770019286,-0.002242861790621444,-0.21687156582738476,0.38432530243275487,0.3496779586453359
1774368227.8125134,base,812384062,1774368227,-0.0063727423408695295,0.9382134303496259,0.34599120501019415,-0.0022435066834141843,-0.21687210865077367,0.3843262767393373,0.3496782354256018
1774368227.813366,base,813296907,1774368227,-0.006374464904500202,0.9382142662727951,0.3459888968646982,-0.0022449957085280054,-0.21687166694312088,0.38432737110832743,0.34968100574438343
1774368227.8145268,base,814402784,1774368227,-0.006375194451082386,0.9382142676441336,0.34598887481291235,-0.002245749404454299,-0.21687086409306436,0.38432765916693656,0.349682014073279
1774368227.8154109,base,815340325,1774368227,-0.0063727648291380746,0.9382137715471841,0.3459902682542237,-0.002245221817780679,-0.21687177538608043,0.3843273302779663,0.3496796570256375
1774368227.8165178,base,816387356,1774368227,-0.0063727477274986444,0.9382138166083243,0.345990146278294,-0.0022452371741294133,-0.21687176984602596,0.3843273195047454,0.349679672888224
1774368227.8173742,base,817308612,1774368227,-0.006372314629844519,0.9382132270949257,0.34599175729956005,-0.0022445469800867553,-0.21687304523465137,0.384326315852097,0.34967946012531004
1774368227.8185205,base,818386618,1774368227,-0.006372175679683776,0.9382151422089757,0.3459865694822335,-0.002244113369286659,-0.2168707899937846,0.3843274912835462,0.34967924220233726
1774368227.819387,base,819311457,1774368227,-0.006373564450091375,0.9382138309261819,0.34599009097884964,-0.0022454575180961673,-0.21687121716001967,0.38432642985827326,0.3496809741424222
1774368227.8205087,base,820382990,1774368227,-0.006372698526747659,0.9382135763663618,0.3459908025071418,-0.0022446415731872354,-0.21687199535041496,0.384326332214697,0.3496795214425217
1774368227.8213692,base,821301268,1774368227,-0.006372341140688197,0.9382135979693724,0.34599075029275755,-0.0022446749444672695,-0.21687191354658214,0.3843261330503856,0.34967921660037604
1774368227.8225014,base,822373956,1774368227,-0.006373556947197162,0.9382135679399953,0.34599081011260946,-0.0022445540235964297,-0.21687256756851908,0.38432545844623084,0.3496793941848618
1774368227.823374,base,823300940,1774368227,-0.006370442229737596,0.9382152522197164,0.34598630193552377,-0.0022442907726881603,-0.21686912450600748,0.38432752163927547,0.34967713149871915
1774368227.8245177,base,824391451,1774368227,-0.006372562179247954,0.9382143159436733,0.3459887855577844,-0.0022467927955583493,-0.21687118637886027,0.38432617407217506,0.3496793799604449
1774368227.825384,base,825315027,1774368227,-0.00637209613638376,0.9382147291016628,0.34598768960522674,-0.0022443549539652714,-0.21686921437121082,0.3843269388033372,0.34967915384113424
1774368227.8265257,base,826394796,1774368227,-0.0063724786846998316,0.9382145058429053,0.3459882925462618,-0.0022436493238742125,-0.21686937011619653,0.38432702805694635,0.34967938769607454
1774368227.8273697,base,827303123,1774368227,-0.0063718472448557485,0.9382138828718835,0.34598999116806156,-0.0022440054983881366,-0.21687074939749992,0.3843256811554995,0.349678657261219
1774368227.8285499,base,828428758,1774368227,-0.006369632558389353,0.9382153767709779,0.3459859771359323,-0.0022445928043375012,-0.21686829614019731,0.3843263276117462,0.34967681921915916
1774368227.829328,base,829256730,1774368227,-0.00637353170860294,0.9382138032888372,0.34599017110938846,-0.002244751111064052,-0.21687200277777458,0.38432687628620854,0.34968028328384637
1774368227.8304927,base,830365034,1774368227,-0.006375243169793017,0.9382145863379594,0.34598801112862715,-0.0022455316686327853,-0.21686984902561857,0.38432915226941344,0.34968135738569506
1774368227.8314219,base,831349498,1774368227,-0.006375329735144831,0.9382145641717766,0.34598806959599915,-0.0022455386804575133,-0.21686993279106823,0.38432916414712603,0.34968143506781424
1774368227.8325577,base,832426920,1774368227,-0.006373075495733589,0.9382144054100122,0.3459885440380078,-0.002245169107775059,-0.21687146429938425,0.3843268220435876,0.3496796779952669
1774368227.8333786,base,833285783,1774368227,-0.006371086332471556,0.9382134954890292,0.3459910579308607,-0.002243651729958562,-0.2168705993809281,0.3843255344304834,0.34967849924992433
1774368227.8344407,base,834325340,1774368227,-0.00637456012046656,0.9382145832037546,0.3459880321321833,-0.0022455441155541976,-0.21687050026191895,0.3843286300285754,0.3496812962545212
1774368227.8355134,base,835348426,1774368227,-0.006372958983238321,0.9382140837693992,0.34598942638643465,-0.0022439338962361795,-0.2168718064629179,0.3843258555119362,0.34967961910348255
1774368227.8366277,base,836428235,1774368227,-0.006372939806471967,0.9382141494973564,0.3459892479090325,-0.0022440259618068227,-0.21687181819824003,0.38432584840923184,0.34967961944694076
1774368227.8374677,base,837299941,1774368227,-0.0063746461834878945,0.9382146496678422,0.3459878519921234,-0.0022452858525918665,-0.21687171383474182,0.38432727505055103,0.3496813359188384
1774368227.8385024,base,838373325,1774368227,-0.006376032652188248,0.9382148187820244,0.3459873641070607,-0.0022458636822807387,-0.216870030148665,0.38432870126024493,0.3496828928804417
1774368227.8395324,base,839347948,1774368227,-0.006373609171374167,0.9382141835649112,0.3459891456380105,-0.0022436498027438804,-0.21687017696116476,0.3843266233010899,0.34968037543558766
1774368227.840563,base,840423101,1774368227,-0.006372092259200584,0.9382143952408191,0.3459885933744161,-0.0022446064103103735,-0.21687079200617757,0.38432720194701103,0.34967872254250115
1774368227.8415058,base,841342347,1774368227,-0.0063716661229362755,0.938214597819164,0.34598805046251724,-0.002244826716847896,-0.21687070588800889,0.3843269843118054,0.349678392107147
1774368227.8424993,base,842309912,1774368227,-0.006371330443569231,0.9382149582668051,0.345987082642108,-0.002244298910365907,-0.2168704390317834,0.3843269805600296,0.34967827059794926
1774368227.8435085,base,843348670,1774368227,-0.006370973911768544,0.938213810463296,0.34599019840711914,-0.0022448059070544445,-0.21687153179186172,0.3843260414498581,0.3496791748719116
1774368227.8445625,base,844366975,1774368227,-0.006372320303743545,0.9382149655092427,0.3459870405140593,-0.00224495540266435,-0.21687022885531523,0.3843261782737487,0.34967876481240356
1774368227.845459,base,845294928,1774368227,-0.006373087254715033,0.9382140700553279,0.3459894495095936,-0.0022457375421954945,-0.2168727301772651,0.3843254190048333,0.3496797978633993
1774368227.8465,base,846306399,1774368227,-0.006373202665888719,0.9382139331210102,0.3459898182324226,-0.002245810517214682,-0.2168729953803985,0.3843251886005192,0.34968007451921834
1774368227.8473432,base,847242072,1774368227,-0.0063777800983751635,0.9382141021100031,0.3459892765734337,-0.0022456667449512802,-0.21687350281867343,0.3843281411378446,0.3496843663219015
1774368227.8483832,base,848265666,1774368227,-0.0063721390451340525,0.9382127143163476,0.34599315088963717,-0.002244566016385254,-0.21687334143524845,0.38432487392789083,0.3496792949844876
1774368227.8494775,base,849348801,1774368227,-0.006371892710294295,0.9382151492992648,0.34598654851597094,-0.0022451847702794074,-0.21686973830019887,0.384327049675884,0.3496788930215886
1774368227.8505166,base,850360408,1774368227,-0.00637327424668827,0.9382149949737512,0.34598694344646425,-0.0022448933947178066,-0.2168706309476399,0.3843269055433642,0.3496789299447862
1774368227.851402,base,851344273,1774368227,-0.006373390908405062,0.9382150330202517,0.3459868379070659,-0.002244927216301753,-0.21687060090195814,0.38432683068026663,0.3496786629046674
1774368227.8524423,base,852363072,1774368227,-0.006369868743436486,0.938214988685781,0.3459870217749505,-0.002245114881481952,-0.21687047048169605,0.3843246815576075,0.3496772094008002
1774368227.8534136,base,853346781,1774368227,-0.006376802363152978,0.9382138919210234,0.34598986309320545,-0.0022458928675321626,-0.21687175324679875,0.3843274227080691,0.3496820017494738
1774368227.8543777,base,854310355,1774368227,-0.0063742968843825566,0.9382136311596568,0.34599062284037496,-0.002244894645777556,-0.21687474040290106,0.3843257898057642,0.3496808219635314
1774368227.8554306,base,855338085,1774368227,-0.006372050977980543,0.9382146353398259,0.3459879459203134,-0.002244165398096919,-0.21687150533983962,0.38432678618407334,0.34967873057762144
1774368227.8564088,base,856338769,1774368227,-0.006371572624383109,0.938214723035473,0.3459877196666232,-0.002243742777830918,-0.21687086827669716,0.3843268156093128,0.3496783280920869
1774368227.857332,base,857273756,1774368227,-0.006368663643350137,0.9382147044291403,0.3459878276791111,-0.002243125994767873,-0.2168688126219633,0.38432478117843566,0.34967627329567014
1774368227.8583872,base,858314077,1774368227,-0.006373909717053276,0.938213700381805,0.3459904516795712,-0.0022434431942339505,-0.21687303203990096,0.3843269919539232,0.3496801070079754
1774368227.859378,base,859325991,1774368227,-0.006370017837110573,0.9382140281342866,0.3459896368229212,-0.0022430996264467683,-0.21687148127882458,0.3843252428404665,0.3496769290062918
1774368227.8604102,base,860342203,1774368227,-0.0063697790844490145,0.9382138096297525,0.3459902335378802,-0.0022431296986524887,-0.21687218599665298,0.38432480242566647,0.3496770075389898
1774368227.8614256,base,861355154,1774368227,-0.0063697963798405805,0.9382138353099805,0.3459901628794171,-0.0022432382153033605,-0.21687221765561512,0.3843248116778377,0.3496770430906788
1774368227.8624723,base,862337641,1774368227,-0.0063711362830630135,0.9382143097228156,0.3459888435180107,-0.0022445077127937556,-0.21687183062112436,0.3843255993403828,0.3496787261462253
1774368227.8633628,base,863306246,1774368227,-0.006369568550283564,0.9382143178820396,0.3459888532214077,-0.002244050836709195,-0.21687080716577947,0.38432562114317875,0.3496769713036272
1774368227.8644035,base,864318035,1774368227,-0.006374305663602774,0.9382150024270559,0.34598690233635176,-0.002245185917071717,-0.2168724009377823,0.3843274320528851,0.34968129968584716
1774368227.865363,base,865310971,1774368227,-0.006370903817470541,0.938214336246565,0.3459887873537151,-0.002242737495075876,-0.2168708295702762,0.3843263626431249,0.34967789178073516
1774368227.8663814,base,866296723,1774368227,-0.006370997669110099,0.9382141971696848,0.34598916554286274,-0.0022423079399739275,-0.2168708373075869,0.38432636149332694,0.3496778953521563
1774368227.8674037,base,867274982,1774368227,-0.00637310832554208,0.9382140277629317,0.34598957206224856,-0.0022444650386720063,-0.21687248071157642,0.38432691069309244,0.3496798580260082
1774368227.8683884,base,868277638,1774368227,-0.006369583782800907,0.9382139330728888,0.34598989611782344,-0.0022440977502379326,-0.21687209605409408,0.38432433216997036,0.34967646010352027
1774368227.869365,base,869315160,1774368227,-0.006372181549744003,0.9382139971305319,0.34598967165428246,-0.002244548776315927,-0.21687097261942156,0.38432593015430155,0.3496793192943269
1774368227.8704407,base,870293987,1774368227,-0.006369455122724285,0.9382150127264772,0.34598696732246753,-0.0022446333993662417,-0.21687070202362332,0.3843270303822415,0.3496770046098412
1774368227.871383,base,871276653,1774368227,-0.006369510421652236,0.9382151403228579,0.34598662020967047,-0.0022446473749266403,-0.21687072538802163,0.38432707671720606,0.3496770562499878
1774368227.8724444,base,872310139,1774368227,-0.006371866680919727,0.9382139105071774,0.34598991273514335,-0.0022444891086245543,-0.21687221678285656,0.3843263105352003,0.34967879538800106
1774368227.87341,base,873263429,1774368227,-0.006371431921742701,0.9382144028645503,0.34598858622408424,-0.002244396453696397,-0.21687137516911867,0.38432661789842015,0.3496786684280847
1774368227.8745477,base,874376860,1774368227,-0.006371407013999584,0.938214455161973,0.34598844504440923,-0.0022443692958203495,-0.21687130731218365,0.384326575572208,0.3496783629404032
1774368227.875388,base,875323988,1774368227,-0.006370859169943285,0.9382143648282817,0.345988699011561,-0.002244535494985152,-0.2168699922433114,0.38432593774836515,0.3496781617060697
1774368227.8763933,base,876295491,1774368227,-0.006371164298277923,0.9382143647299427,0.3459886930352592,-0.002244631735410167,-0.21687000954317084,0.38432597795787343,0.3496784416653976
1774368227.8773665,base,877301369,1774368227,-0.006373538924989857,0.9382151978930221,0.3459863823600033,-0.002245810670284177,-0.2168710762120351,0.38432765980852135,0.34968045966576117
1774368227.8783956,base,878328363,1774368227,-0.006373209268965498,0.9382150124307952,0.3459868977171194,-0.002244829877802158,-0.21687161440234246,0.3843272506817824,0.34968027479586444
1774368227.8793747,base,879312104,1774368227,-0.006372162337988584,0.9382139807332599,0.3459897178068108,-0.002244343055745193,-0.21687211338304832,0.3843262337181564,0.34967928627145767
1774368227.8804376,base,880319036,1774368227,-0.006375387555879408,0.9382138849226646,0.3459899105831079,-0.002245516984211576,-0.21687218991169094,0.3843283142359909,0.34968202416172156
1774368227.8813934,base,881341486,1774368227,-0.006375464591076525,0.9382137011086544,0.34599040744933374,-0.002245541425213564,-0.21687218826335428,0.3843283123830607,0.34968209416879414
1774368227.8823981,base,882330515,1774368227,-0.006371378530311529,0.9382129364117417,0.34599256737509665,-0.0022438374428092197,-0.21687229480855943,0.3843250618705206,0.34967936225552876
1774368227.8834498,base,883373315,1774368227,-0.0063710861980402,0.9382152492810459,0.3459862885144998,-0.0022457598097968073,-0.21686877363939427,0.3843271288708248,0.3496792405466373
1774368227.8845062,base,884435211,1774368227,-0.0063709910418677405,0.9382144742247864,0.3459883973359404,-0.0022449358920806294,-0.21687030040927086,0.3843268369249381,0.34967794505636857
1774368227.8855286,base,885417267,1774368227,-0.00637272119729636,0.9382136770919841,0.34599052798435675,-0.0022447911229482964,-0.21687052022201167,0.38432722581869116,0.34967960644634133
1774368227.886347,base,886280554,1774368227,-0.006372767870978833,0.9382135140062536,0.34599096944759,-0.002244777587404562,-0.21687058494651845,0.38432720180803326,0.3496796173224142
1774368227.8874438,base,887368850,1774368227,-0.006374854892782848,0.938214889910153,0.34598719443569387,-0.0022456318693664457,-0.21687152872035328,0.38432883835806764,0.349681330060608
1774368227.8884594,base,888385571,1774368227,-0.006370642248376924,0.9382159887878712,0.3459842947421092,-0.002245237614566355,-0.21686800701722567,0.3843272882822791,0.3496778197106479
1774368227.889425,base,889358802,1774368227,-0.006375012459061219,0.9382139340318523,0.34598978815983394,-0.0022449262204329895,-0.21687255803795785,0.38432789293032454,0.3496807604020177
1774368227.8903916,base,890323898,1774368227,-0.006373380261623207,0.9382142654555259,0.3459889210536775,-0.002244688820477432,-0.21687215308719063,0.38432649245086004,0.3496797592979434
1774368227.89142,base,891362348,1774368227,-0.0063730418405552255,0.9382142473780468,0.34598897690387115,-0.002244596969682823,-0.21687215942197374,0.38432637467914527,0.34967969937101895
1774368227.892446,base,892372177,1774368227,-0.006375174895428791,0.9382143294656128,0.3459887129447503,-0.002244915427911387,-0.2168711603654955,0.3843284023258447,0.3496814156382621
1774368227.8935003,base,893393712,1774368227,-0.006374017488186987,0.938215553725642,0.34598541198487737,-0.0022452932997396417,-0.21686903060747706,0.38432751342419175,0.34968046999677377
1774368227.8944125,base,894328441,1774368227,-0.006374924970670666,0.9382148124150513,0.3459874028877106,-0.002245693573360592,-0.21686990972496864,0.3843290882230263,0.3496813669288138
1774368227.895427,base,895372559,1774368227,-0.006375854741188535,0.938214242552642,0.34598892618445576,-0.002246442836754321,-0.21687086228523733,0.384327563493446,0.3496828277599612
1774368227.8964937,base,896392221,1774368227,-0.006375852555035033,0.9382143646858804,0.34598859502507845,-0.0022464447108061867,-0.21687086231131045,0.3843275630087893,0.34968282751334623
1774368227.8974288,base,897370686,1774368227,-0.006371577635415388,0.9382140621080144,0.34598950409496415,-0.0022449314767932806,-0.2168716720667983,0.3843254683380932,0.3496780478473387
1774368227.89844,base,898346787,1774368227,-0.006372501479497676,0.9382150308946395,0.3459868567831565,-0.002245431267256093,-0.21686903143320782,0.3843273083931662,0.3496793638859497
1774368227.899374,base,899314817,1774368227,-0.0063726578451619624,0.9382130908859525,0.34599212089358367,-0.0022444602414995983,-0.2168712744562761,0.3843266142496392,0.3496793251148041
1774368227.9004104,base,900316020,1774368227,-0.006375191076059806,0.9382146468913011,0.3459878414918086,-0.0022465166846005642,-0.21686905880762436,0.38432789631983183,0.3496819175197511
1774368227.9014127,base,901353866,1774368227,-0.0063755334609050035,0.938214927598394,0.3459870725761668,-0.002246734252983083,-0.2168688027425691,0.3843280741885623,0.34968227472828656
1774368227.902393,base,902318942,1774368227,-0.00637173181660672,0.9382131864941557,0.3459918742521935,-0.002245144448379543,-0.2168710122581103,0.38432685704049513,0.34967902634871645
1774368227.9033737,base,903311343,1774368227,-0.006373776781930434,0.9382150167581587,0.3459868705993134,-0.0022455894362513364,-0.21687043527009528,0.38432695412141216,0.34968116986750303
1774368227.904416,base,904329901,1774368227,-0.006373266944825113,0.9382151350357085,0.3459865580676426,-0.0022457726694930127,-0.21686993290617657,0.38432745341403235,0.3496790723976211
1774368227.905474,base,905382570,1774368227,-0.0063749646003779335,0.9382145742860039,0.34598804674313327,-0.0022458705545757543,-0.21687091151755244,0.3843279061451309,0.34968130954956195
1774368227.9064195,base,906338944,1774368227,-0.006374578135184901,0.9382145799511713,0.3459880384699176,-0.002245875416053261,-0.21687060286932572,0.38432796751136095,0.34968122084011305
1774368227.9074106,base,907351528,1774368227,-0.006373851179674589,0.9382144127172622,0.34598850993119007,-0.0022451695563679825,-0.2168703237834901,0.3843273763276995,0.34967917610348526
1774368227.9085438,base,908424478,1774368227,-0.006373634476054215,0.9382140593165079,0.3459894836788467,-0.002243405458397906,-0.2168697327932872,0.3843278787670928,0.3496797145998921
1774368227.9095006,base,909415911,1774368227,-0.006374002878764529,0.9382135153278091,0.34599094696465255,-0.0022441840476226734,-0.216872044295638,0.3843264151762587,0.3496804418176985
1774368227.910409,base,910364983,1774368227,-0.006368112115347858,0.9382129346145407,0.34599263405884173,-0.0022435790786984005,-0.2168705674902079,0.38432526525656685,0.3496766987637847
1774368227.9114509,base,911395057,1774368227,-0.006367536758264465,0.9382127754225035,0.3459930765318274,-0.0022435466735009394,-0.21687050236019134,0.3843251169738006,0.3496765967014888
1774368227.9124503,base,912394428,1774368227,-0.006371894901400226,0.9382140987626416,0.34598940758545527,-0.0022435857539793,-0.21687027214984,0.384327048175547,0.3496793807790871
1774368227.9134643,base,913399790,1774368227,-0.006370509116216571,0.9382138464593528,0.3459901174969111,-0.00224355076156607,-0.21687189622618483,0.3843248953968286,0.34967786847153093
1774368227.9143906,base,914341254,1774368227,-0.006372681540688815,0.9382145354373495,0.3459882007228969,-0.002244857365649788,-0.2168712505427519,0.38432613742391836,0.3496796005386219
1774368227.915454,base,915389937,1774368227,-0.006375383301190227,0.9382142664812069,0.3459888766013213,-0.002245423579082269,-0.21687205702650753,0.384327324658917,0.3496814681052376
1774368227.9166038,base,916491154,1774368227,-0.00637591504171523,0.9382143544662923,0.34598862733481495,-0.0022455591174091027,-0.21687197225529775,0.38432754892136917,0.34968156765477104
1774368227.917341,base,917289963,1774368227,-0.006374780430905903,0.9382135358937649,0.3459908664448313,-0.0022457909368116613,-0.21687211595739656,0.3843263769983762,0.3496812883592186
1774368227.9184906,base,918422905,1774368227,-0.006373176977370161,0.9382153020633167,0.34598611082610314,-0.0022451514162556917,-0.21687085889667815,0.3843276052421669,0.3496804423789273
1774368227.9194465,base,919389161,1774368227,-0.006374444261123716,0.9382145085935142,0.3459882427367767,-0.0022445963801870764,-0.21687076345936912,0.38432772335199905,0.34968123376324906
1774368227.9205515,base,920455990,1774368227,-0.006374008158994647,0.9382145110925331,0.3459882417066068,-0.002244949032546264,-0.21686997910732117,0.38432800607188333,0.3496812379644789
1774368227.921558,base,921398676,1774368227,-0.006374234064756623,0.9382147029691259,0.3459877141245704,-0.0022454281322455004,-0.21686973743818544,0.3843281220231278,0.34968152600014457
1774368227.9224439,base,922364751,1774368227,-0.006371676014906032,0.9382142955953808,0.34598887405039486,-0.0022441743613983585,-0.2168713943860794,0.3843258391143889,0.34967912053728445
1774368227.9235027,base,923438305,1774368227,-0.006373624430530686,0.9382143358653485,0.34598872075428005,-0.0022454396403059624,-0.21687130432594176,0.38432676681794736,0.34968044646435625
1774368227.9245143,base,924436908,1774368227,-0.006372008487375658,0.9382142346953005,0.34598903085798255,-0.002244515293399479,-0.21687189998450004,0.38432582820738603,0.34967890522101913
1774368227.9253705,base,925300531,1774368227,-0.006368501794360862,0.938214154758817,0.3459893181158632,-0.0022436008588226056,-0.21687161104126704,0.3843254313098071,0.3496754476941934
1774368227.926448,base,926368148,1774368227,-0.006368133751352893,0.9382141494938436,0.345989339738427,-0.0022435127447504298,-0.21687151502950405,0.38432522160750954,0.34967511230697007
1774368227.927458,base,927387238,1774368227,-0.006371961406001439,0.9382138563902188,0.34599005659759324,-0.0022446649702317,-0.21687123965697708,0.38432635973130025,0.3496791632879762
1774368227.9284053,base,928328713,1774368227,-0.006371861625034987,0.9382132357246863,0.3459917395360532,-0.0022449639778128094,-0.21687301468199818,0.38432437397322183,0.3496785940267774
1774368227.9295251,base,929442930,1774368227,-0.006369196537228394,0.9382144391635917,0.34598853046341976,-0.002244163135881244,-0.21687138283733456,0.38432463650155896,0.3496772466175994
1774368227.9304473,base,930365875,1774368227,-0.0063690489740308096,0.9382131204287982,0.3459921150879209,-0.0022432492975047085,-0.21687273034379978,0.38432407084590126,0.34967649790642485
1774368227.9314463,base,931388246,1774368227,-0.006369388372459899,0.9382130400984786,0.3459923266235934,-0.0022432562323509183,-0.21687276183809162,0.3843241460604133,0.3496765462304426
1774368227.9324982,base,932407580,1774368227,-0.006371856416440341,0.938214411660814,0.34598855217949237,-0.0022447624594897652,-0.2168724146421013,0.38432489775164386,0.34967773835136007
1774368227.9334242,base,933338553,1774368227,-0.006372239594733078,0.9382129831235758,0.34599241781314555,-0.0022449224311569486,-0.2168726352092203,0.38432498620231514,0.3496793844048324
1774368227.934482,base,934411324,1774368227,-0.006371663488441135,0.9382149976513916,0.3459869692079918,-0.0022443762290158347,-0.21687045095589222,0.38432626281819565,0.3496787156921509
1774368227.9354925,base,935389225,1774368227,-0.006372791483135005,0.938214591883835,0.34598804691487145,-0.002244659661052937,-0.21687193990314657,0.3843263016344777,0.3496795734612682
1774368227.936589,base,936469376,1774368227,-0.006372431537522062,0.938214538944726,0.3459881980060649,-0.0022445198932060048,-0.21687197457757568,0.38432607663863877,0.3496792650380188
1774368227.9375317,base,937415176,1774368227,-0.006373686835678136,0.9382139796252215,0.3459896907214162,-0.002244652851544296,-0.21687366526566454,0.3843255425273118,0.34968096518275016
1774368227.9385393,base,938412326,1774368227,-0.006373129503562912,0.9382132943715628,0.34599155972478485,-0.0022445676645839858,-0.21687376948101414,0.3843249789285649,0.3496804647465266
1774368227.9394255,base,939343316,1774368227,-0.006374231270603237,0.9382146984909026,0.34598772828567365,-0.0022451251752743707,-0.21687098021446816,0.38432669441558304,0.3496811971951386
1774368227.940605,base,940485799,1774368227,-0.006375341682328385,0.938213299111492,0.3459915070807407,-0.0022444190253609426,-0.2168718800959699,0.3843275487416178,0.3496817676145554
1774368227.9413953,base,941319665,1774368227,-0.006375659795409025,0.9382129153575339,0.3459925442819413,-0.0022440409530586204,-0.21687210096577192,0.38432761335867843,0.349681975247884
1774368227.942404,base,942295754,1774368227,-0.006372013572567506,0.938212759093495,0.3459930346014908,-0.002244131113399772,-0.21687292929805965,0.3843252194359623,0.3496788432453598
1774368227.9434564,base,943384881,1774368227,-0.006372651077078505,0.938214172174188,0.3459891855148608,-0.002244984747407544,-0.21687053552716629,0.3843268829312492,0.3496800948031313
1774368227.9445403,base,944414152,1774368227,-0.006371570292226575,0.9382139692699629,0.34598976053698655,-0.0022442286583883556,-0.21687178855414072,0.38432629398513735,0.34967849489533276
1774368227.9455488,base,945416035,1774368227,-0.006368094062779231,0.9382142327396772,0.3459891167494587,-0.00224320164849893,-0.21687159173321147,0.3843252839490102,0.3496753013228176
1774368227.946475,base,946366866,1774368227,-0.00636784460769681,0.9382142372878867,0.3459891097513776,-0.0022430868931994476,-0.2168716729433915,0.3843253107627902,0.34967506905068446
1774368227.9474955,base,947410340,1774368227,-0.006374034983435942,0.9382139206698997,0.3459898421935451,-0.0022449583806407876,-0.21687266106843478,0.3843272579151689,0.3496807617805586
1774368227.9485118,base,948383584,1774368227,-0.006374246486301446,0.9382135584441537,0.34599082285660815,-0.002244600698948433,-0.21687228845877257,0.3843266939890521,0.34968086322002934
1774368227.9494865,base,949364915,1774368227,-0.006372106592816907,0.938214252602643,0.34598897537067946,-0.002245304607641264,-0.2168713729479885,0.3843265489336677,0.3496793977034541
1774368227.9504645,base,950339553,1774368227,-0.0063716868272053195,0.9382133116831474,0.3459915409926044,-0.0022443148353806916,-0.21687254892971733,0.3843252807552084,0.3496785823358678
1774368227.9514422,base,951362667,1774368227,-0.006371360189660869,0.9382130506349817,0.34599225523175725,-0.0022442609423166094,-0.21687274087677733,0.38432492769595505,0.3496782879250009
1774368227.952496,base,952381572,1774368227,-0.006373018092607273,0.938212951563024,0.3459924831364046,-0.0022458345653365687,-0.21687293941034583,0.3843248146312647,0.34967999386495585
1774368227.953517,base,953397234,1774368227,-0.006369064571206456,0.9382144361571031,0.3459885425593763,-0.0022439297082468097,-0.21687144257040925,0.38432567870170686,0.3496753998635519
1774368227.954454,base,954340661,1774368227,-0.006370666544257513,0.9382134158131235,0.34599127846101385,-0.002244153507710974,-0.21687215476407945,0.3843257428194187,0.34967705527606535
1774368227.9554589,base,955380354,1774368227,-0.006372247456897511,0.9382140297993318,0.34598957465551594,-0.0022456579752387113,-0.21687233199316855,0.38432604842473084,0.349679460392651
1774368227.9565642,base,956447246,1774368227,-0.006372224768005763,0.9382139231838139,0.34598986421965705,-0.00224565197789088,-0.21687259467019587,0.3843259296313764,0.3496795233939913
1774368227.9575195,base,957402149,1774368227,-0.006372666052245765,0.9382138360818776,0.345990101973589,-0.0022441586886290427,-0.21687305390701658,0.3843271305743186,0.3496796983209978
1774368227.9584198,base,958314460,1774368227,-0.006374680746371319,0.9382153056967806,0.34598607338568543,-0.0022451335892292893,-0.21687126922049516,0.3843281955513155,0.34968133412053903
1774368227.9593787,base,959304310,1774368227,-0.006374424259441247,0.9382139919613948,0.34598964172999785,-0.002244954069061636,-0.21687205650962935,0.3843276686444082,0.3496799652563855
1774368227.9603856,base,960267030,1774368227,-0.006373247064329644,0.938215335025151,0.3459860182849054,-0.0022454391235995886,-0.2168708843237882,0.38432865186796217,0.34967978532678035
1774368227.9613209,base,961258681,1774368227,-0.006372902749153697,0.9382155553121104,0.3459854277694101,-0.002245362366396925,-0.2168703469263172,0.3843288411390545,0.3496797220823705
1774368227.9623978,base,962278094,1774368227,-0.0063681423025886,0.9382141991827894,0.34598920541166844,-0.0022434246172997746,-0.21686944621835016,0.3843258984535687,0.34967669901548465
1774368227.9633467,base,963285144,1774368227,-0.006369759110984104,0.9382137449177833,0.3459904050518034,-0.0022437977417347696,-0.2168731425249279,0.38432473862553246,0.3496777747667939
1774368227.9644415,base,964320849,1774368227,-0.006374548902873924,0.938212910992396,0.3459925721508312,-0.002244724907682357,-0.21687292056781926,0.3843271168754204,0.3496801615738765
1774368227.9654217,base,965332664,1774368227,-0.006374634238301599,0.9382136840787542,0.3459904739586951,-0.002244766254476727,-0.21687104188163117,0.3843277653997274,0.34967950310708523
1774368227.966488,base,966359661,1774368227,-0.006374621709888712,0.9382138311553586,0.3459900755961459,-0.002244730677212326,-0.21687102425296592,0.3843278534845941,0.3496793370029821
1774368227.9673533,base,967294923,1774368227,-0.006373216720147363,0.9382129452493304,0.3459925095487636,-0.002243838533345858,-0.21687294510331404,0.3843262826480909,0.3496790424330573
1774368227.968367,base,968308259,1774368227,-0.006373126895931547,0.9382146854251258,0.3459877884582655,-0.002244447361648071,-0.21687058937920733,0.38432729009592903,0.349679678474147
1774368227.9694104,base,969324347,1774368227,-0.0063742030400036785,0.9382141684485862,0.34598916402672736,-0.002245447398445555,-0.21687199578444777,0.384328361056533,0.3496811976487265
1774368227.9704945,base,970373165,1774368227,-0.006368931414898467,0.9382142009375147,0.345989183468072,-0.0022438348669045565,-0.21687083669824087,0.38432577894514164,0.34967609799600574
1774368227.971377,base,971311043,1774368227,-0.006368598923868154,0.9382141925906724,0.34598921336108124,-0.0022436592788984155,-0.21687089063530146,0.38432575508184424,0.3496757980749778
1774368227.9725888,base,972464607,1774368227,-0.006370938532583123,0.9382147962492638,0.3459875250549718,-0.0022449381954923893,-0.21687111758787794,0.38432616889520493,0.3496783084939423
1774368227.9735436,base,973382994,1774368227,-0.00637401564848495,0.9382136944223834,0.34599045592297,-0.0022449795167869503,-0.2168713574806556,0.38432646132280845,0.34967961084244814
1774368227.974489,base,974358102,1774368227,-0.00637127388347003,0.9382139005816893,0.3459899581933523,-0.0022433131203984883,-0.21687150017647908,0.38432523093640203,0.3496776741500205
1774368227.9754946,base,975401836,1774368227,-0.006370539147970723,0.9382150195868816,0.3459869271093381,-0.0022448879680516056,-0.2168693800883771,0.38432779853263677,0.3496778541479231
1774368227.9765146,base,976393679,1774368227,-0.0063703724754643285,0.9382150666875985,0.3459867980688846,-0.002245563837818161,-0.21686947025637926,0.38432776240865446,0.3496779165838477
1774368227.9774554,base,977356616,1774368227,-0.006373024704085897,0.9382127349352616,0.3459930855407302,-0.002243506055864227,-0.21687267267868657,0.38432598089462583,0.3496795941725257
1774368227.9784312,base,978325627,1774368227,-0.006371905495047216,0.9382141712900635,0.34598920349973883,-0.002244698749949115,-0.21687033733258002,0.384326569801625,0.3496785666220772
1774368227.9794667,base,979374755,1774368227,-0.0063733930436783055,0.9382146818427598,0.3459877929355915,-0.002244498910250406,-0.2168707625987501,0.3843276405260852,0.34968036701475347
1774368227.9804924,base,980381084,1774368227,-0.006371853076474067,0.938214089849154,0.3459894360174068,-0.002243047313877982,-0.21687092792553528,0.38432623592253873,0.34967877252576857
1774368227.9814823,base,981363804,1774368227,-0.006371962890228465,0.9382139884278804,0.34598971153281793,-0.0022426592723869565,-0.21687088638941998,0.3843262821225266,0.3496787970742319
1774368227.9824932,base,982379533,1774368227,-0.006375113542377754,0.9382150253029309,0.34598682519938007,-0.0022452197211355043,-0.21687037712963803,0.3843284221988629,0.34968059124920653
1774368227.9835012,base,983415467,1774368227,-0.006371154710448973,0.9382131083917084,0.3459921055440427,-0.0022437760191622805,-0.21687219580241462,0.3843247797068966,0.3496776543958597
1774368227.9846413,base,984452515,1774368227,-0.00637204486662421,0.9382154026415557,0.34598586049238084,-0.0022449119600233707,-0.21687048162206402,0.38432684671314865,0.3496791469095931
1774368227.9853623,base,985278796,1774368227,-0.006371149777001272,0.9382155373390184,0.3459855124489017,-0.0022447987987326847,-0.21687025677563967,0.3843263779171976,0.3496784308142836
1774368227.9863708,base,986262849,1774368227,-0.0063708516972582,0.9382155385505051,0.3459855149025044,-0.0022447602736943863,-0.21687018182669582,0.3843262216516612,0.3496781921160408
1774368227.9874215,base,987348185,1774368227,-0.0063697909492972165,0.9382156183321537,0.34598531498348606,-0.0022452386632088447,-0.21686881913876518,0.3843271207115909,0.349677355988879
1774368227.9884825,base,988368607,1774368227,-0.006372369158503861,0.9382144830332365,0.3459883443607967,-0.002245507617266929,-0.2168702712417304,0.3843265972399485,0.34967936593086507
1774368227.9895203,base,989400372,1774368227,-0.006371494278646644,0.9382146559445699,0.3459878923327099,-0.0022453932036030303,-0.216871202986976,0.3843257275072189,0.3496791750879726
1774368227.9904332,base,990324224,1774368227,-0.006372789466566898,0.9382149488514167,0.34598707148606034,-0.0022458118016325385,-0.2168704724728811,0.3843261578903663,0.3496800694892175
1774368227.9914465,base,991352703,1774368227,-0.00637304769783119,0.9382149713879286,0.34598700537716753,-0.00224584877705565,-0.21687049924632684,0.38432632776715664,0.34968030143225387
1774368227.9924917,base,992383268,1774368227,-0.006373171393699254,0.938214924516546,0.3459871356452868,-0.0022450097479368857,-0.21687053770047207,0.38432704933415707,0.34968025784503154
1774368227.9935393,base,993344283,1774368227,-0.006373718040555768,0.938213394654348,0.34599128268924134,-0.0022436828112557187,-0.21687150147053866,0.38432730419145245,0.34968051155701035
1774368227.9944942,base,994318133,1774368227,-0.0063707986115917395,0.9382139419383001,0.3459898484090432,-0.002244298450294538,-0.21686999502267088,0.38432611579409187,0.34967779122778275
1774368227.9955206,base,995308949,1774368227,-0.006372204356703064,0.9382147063029264,0.3459877422602913,-0.002245460793790016,-0.21687082020174633,0.38432613994322556,0.34967922661062134
1774368227.9965014,base,996355383,1774368227,-0.006372449700786694,0.9382148181387466,0.345987433966572,-0.002245539337551669,-0.2168710753803526,0.3843261715980337,0.3496794577355358
1774368227.9974725,base,997327330,1774368227,-0.006372739741537878,0.9382150438319937,0.3459868214881378,-0.0022447877521019274,-0.21687057477894361,0.3843271845268867,0.3496795842396279
1774368227.9984405,base,998348541,1774368227,-0.006373133100688622,0.9382144043308093,0.34598854168050475,-0.002245819775355449,-0.2168703427089807,0.384326503176036,0.349680357839592
1774368227.999455,base,999315798,1774368227,-0.00637505368632458,0.9382155110638132,0.3459855037366016,-0.0022460396021430034,-0.21687012062753552,0.3843280165651972,0.3496820499081737
1774368228.0005262,base,389231,1774368228,-0.006370870620019465,0.9382143469045188,0.3459887456152857,-0.0022448112685223144,-0.21687153153102895,0.3843252382790104,0.34967796124796197
1774368228.0014527,base,1292459,1774368228,-0.006369949188008331,0.9382143471492693,0.34598876365072817,-0.002244544063485573,-0.21687144480023784,0.3843250461600258,0.34967711837826565
1774368228.0024333,base,2364476,1774368228,-0.006371792654992576,0.9382150003149548,0.345986957949426,-0.002244631656502487,-0.21686952923131514,0.38432680510002354,0.34967871479635176
1774368228.003387,base,3308363,1774368228,-0.006375822052343066,0.938213339698412,0.345991385705331,-0.0022447990587109,-0.2168734694043374,0.3843273288406377,0.3496825299160081
1774368228.0044272,base,4358236,1774368228,-0.00637067164944149,0.9382145582826452,0.34598817317535296,-0.0022452598998384653,-0.2168691597481024,0.38432667518806607,0.3496775929875181
1774368228.0053823,base,5305952,1774368228,-0.006372464710546672,0.9382151499400794,0.34598653224141473,-0.0022458014132298366,-0.21686820733520742,0.38432742597657504,0.34967948608298133
1774368228.0064216,base,6354371,1774368228,-0.006372588865173622,0.9382152164313048,0.3459863492121278,-0.0022458688250011675,-0.21686810837007958,0.3843273931120801,0.34967960307558726
1774368228.0073905,base,7302340,1774368228,-0.006371714515166026,0.9382145549849263,0.34598816051294523,-0.0022456298542934986,-0.2168695742681201,0.3843265692494027,0.3496788233224528
1774368228.0084422,base,8370517,1774368228,-0.006375394380192564,0.9382144402198658,0.3459884088382402,-0.002244873939397592,-0.21687165739695116,0.38432731134195547,0.34968105173836755
1774368228.0094101,base,9335149,1774368228,-0.006374655819207544,0.9382145431403678,0.34598814193159766,-0.0022450937214546474,-0.21686979904623752,0.3843289451518022,0.34968119794074776
1774368228.0104818,base,10382060,1774368228,-0.00637232781888484,0.9382151376053154,0.3459865744902001,-0.0022448338346019478,-0.21687085110910598,0.3843275672609098,0.3496793922641901
1774368228.011377,base,11267221,1774368228,-0.006371888503040676,0.9382151486422384,0.3459865531671845,-0.00224475446728434,-0.21687074365889067,0.3843273547346265,0.3496790788439369
1774368228.0124555,base,12363521,1774368228,-0.006374076186814684,0.9382144666783676,0.3459883575032262,-0.002245471088826181,-0.21687078437045698,0.3843274509022798,0.34968084631784185
1774368228.0134068,base,13326294,1774368228,-0.006374818796911563,0.9382139504992096,0.34598975375320806,-0.0022438965590289967,-0.21687175706996525,0.384327810451872,0.3496812367719681
1774368228.0145311,base,14353700,1774368228,-0.006372838701087635,0.9382144894393667,0.3459883264385391,-0.0022442596055760396,-0.21687041018447348,0.38432660202624563,0.3496795705912998
1774368228.0153697,base,15294358,1774368228,-0.006373137495302343,0.9382138056387671,0.3459901702672516,-0.0022450179789831326,-0.2168714524255607,0.3843261533629775,0.349679711636978
1774368228.0164073,base,16355811,1774368228,-0.006373129108173226,0.9382137025954421,0.3459904492212873,-0.002245113621542418,-0.21687175217343854,0.38432599215178714,0.34967972256824675
1774368228.0173657,base,17309732,1774368228,-0.006375056949851265,0.9382137031735538,0.3459904088938348,-0.0022456134417518534,-0.2168722481124661,0.3843274866056637,0.3496820096183164
1774368228.0184615,base,18361350,1774368228,-0.006371711697212756,0.9382145150667535,0.3459882741062717,-0.002244813815800959,-0.21687178245128352,0.3843251200902101,0.34967869586652384
1774368228.0194001,base,19345006,1774368228,-0.006372208531576423,0.9382138624726589,0.34599003457262295,-0.002244816028059219,-0.21687164154383726,0.38432711747762593,0.34967971367401823
1774368228.0205193,base,20409733,1774368228,-0.006374646437266359,0.9382130366410062,0.345992223116455,-0.0022457298579931064,-0.216872344802056,0.3843264136561527,0.34968085815496525
1774368228.0213013,base,21250383,1774368228,-0.006374944386766191,0.9382128559778746,0.3459927073644143,-0.0022457543383544174,-0.21687241978210328,0.38432655140313865,0.34968074880431693
1774368228.02245,base,22337468,1774368228,-0.006372235567759687,0.9382142921858163,0.3459888704480954,-0.0022445663696361966,-0.2168715024986633,0.38432682786041095,0.34967889699735055
1774368228.02337,base,23311514,1774368228,-0.006371002834068331,0.9382133389737184,0.3459914821065466,-0.0022439261106594636,-0.21687388402138544,0.38432452927542515,0.3496780606652143
1774368228.0244193,base,24372007,1774368228,-0.006372738463062164,0.9382140708992174,0.34598945544712745,-0.002245459997360406,-0.21687181891014404,0.38432558153699353,0.3496796555565652
1774368228.0253882,base,25336806,1774368228,-0.006369886237772404,0.9382145595049521,0.34598819197420333,-0.0022440803613687286,-0.21687196272834053,0.38432417690385334,0.34967696509505863
1774368228.0264485,base,26379788,1774368228,-0.006369508348001795,0.9382148731854818,0.3459873488038286,-0.002244006384316338,-0.2168718835413918,0.38432401353178636,0.3496766367590414
1774368228.0273795,base,27315043,1774368228,-0.006369927418030888,0.9382132591781686,0.3459917173493918,-0.0022440705394830528,-0.21687307336509093,0.3843245211880087,0.34967618113302135
1774368228.028492,base,28375093,1774368228,-0.006374675143231863,0.9382139749700948,0.34598968036340444,-0.0022453885324443474,-0.2168727699368035,0.38432717929695953,0.34968015317021206
1774368228.0294065,base,29320457,1774368228,-0.006372650475571037,0.9382142545837504,0.3459889653781171,-0.0022444728454033345,-0.21687229211409892,0.38432646453922914,0.3496789685501492
1774368228.0304444,base,30381986,1774368228,-0.006371287406579738,0.9382137610169964,0.34599032949735165,-0.0022443772943253806,-0.21687197956661922,0.38432625787392083,0.3496786662089614
1774368228.031394,base,31327150,1774368228,-0.006371128423673368,0.9382137588068604,0.3459903388022593,-0.0022443180722353418,-0.2168719555856234,0.3843262304561948,0.34967862962429486
1774368228.0324996,base,32378977,1774368228,-0.006367752228562384,0.9382139432636764,0.3459899043561976,-0.0022437648646809645,-0.21687093830166798,0.3843255663812042,0.34967535529654126
1774368228.033398,base,33335387,1774368228,-0.006369523365936144,0.9382152221809589,0.3459863998284732,-0.002244364889378861,-0.2168700521293394,0.3843259068736065,0.34967671520276916
1774368228.0345378,base,34370653,1774368228,-0.00637202544232946,0.9382140035874407,0.3459896517950425,-0.002245354077500196,-0.21687373082675548,0.3843254879236669,0.34967884328878124
1774368228.0354586,base,35316487,1774368228,-0.006372550937767708,0.9382134240317561,0.34599121827507706,-0.002244646449188477,-0.21687472950401948,0.3843261535412989,0.3496797126210811
1774368228.0365171,base,36380525,1774368228,-0.006372635090884758,0.9382133625861943,0.34599138509287874,-0.0022443770218333265,-0.21687470266076309,0.3843261902574412,0.34967973679359315
1774368228.0374582,base,37352315,1774368228,-0.006370691150671687,0.9382140029652839,0.34598968666312385,-0.0022440269326396214,-0.2168727650382093,0.3843259630479708,0.3496765761511417
1774368228.0384336,base,38373850,1774368228,-0.006371659344481834,0.9382125552879643,0.3459936047511927,-0.0022424380709206225,-0.2168744178792572,0.38432562505608964,0.34967846673679565
1774368228.0393898,base,39313169,1774368228,-0.00637061884218782,0.938212848578451,0.34599282399142156,-0.002243150533816355,-0.2168742914394681,0.3843248604267893,0.3496776325378686
1774368228.0409384,base,40328568,1774368228,-0.006368741078652548,0.9382132865634963,0.3459916708350653,-0.0022431597258238626,-0.21687273447214891,0.38432383853027824,0.34967604888376375
1774368228.0413737,base,41252587,1774368228,-0.006368875016974619,0.9382132218708165,0.3459918457492679,-0.0022428581799085506,-0.216872932138772,0.3843237746283925,0.3496761379787383
1774368228.0423784,base,42304559,1774368228,-0.006370810923417236,0.9382137999618012,0.34599023840234744,-0.002243492746132086,-0.21687290636050832,0.3843251694419928,0.3496779693909971
1774368228.0433207,base,43243107,1774368228,-0.006369532937756856,0.9382131893459553,0.34599191112413213,-0.0022445097718840103,-0.2168720408303303,0.38432562647326846,0.34967565203572204
1774368228.0444083,base,44327349,1774368228,-0.006375585522696917,0.9382129545881396,0.34599243131844526,-0.0022452667073464137,-0.216874157348159,0.38432662604583384,0.34968066237876066
1774368228.0454097,base,45347113,1774368228,-0.006370175237964712,0.9382142701424923,0.3459889656738704,-0.002244949966818451,-0.21687267773335736,0.38432556505244464,0.34967717925676267
1774368228.046511,base,46412755,1774368228,-0.0063697852871877556,0.9382144440660113,0.3459885015679914,-0.0022448973331944074,-0.2168725977724689,0.3843254551336735,0.3496771638112707
1774368228.0474217,base,47352986,1774368228,-0.006372811692463166,0.938213992101213,0.34598967092928906,-0.0022449736924166014,-0.2168727109562796,0.38432568367032494,0.34968020337265737
1774368228.0490344,base,48410720,1774368228,-0.006369211145817322,0.938214660660641,0.3459879321645225,-0.0022437618715130487,-0.2168702677656355,0.3843262906659258,0.3496765908195612
1774368228.0494618,base,49377092,1774368228,-0.006368257132928349,0.9382143540780746,0.34598878322384724,-0.0022434317978739324,-0.21687205294199735,0.38432610105212794,0.34967718547430643
1774368228.0503929,base,50321699,1774368228,-0.006370357013360554,0.9382154867900946,0.34598566225684346,-0.002245086065530855,-0.21687052217068917,0.38432658628325306,0.3496787697526966
1774368228.0514572,base,51345399,1774368228,-0.00637100033925755,0.9382154751303393,0.3459856803280734,-0.0022453482021602823,-0.21687061947569333,0.384326714812188,0.34967912143951196
1774368228.0524518,base,52410483,1774368228,-0.006371046227148577,0.938214156206595,0.3459892658182318,-0.0022438364645303967,-0.21687204044141206,0.38432613285353057,0.34967857544715975
1774368228.0534136,base,53344798,1774368228,-0.006371651786079068,0.9382150493946462,0.3459868251381441,-0.0022449885847905015,-0.21687001371209594,0.3843275575350934,0.3496786898793553
1774368228.0544794,base,54397387,1774368228,-0.0063716123897773974,0.9382149330928352,0.3459871408235155,-0.0022450527677763442,-0.2168709814677131,0.3843258919867801,0.34967922160433845
1774368228.0554042,base,55341287,1774368228,-0.0063712525503921745,0.9382135273369149,0.3459909597780784,-0.002244997729944041,-0.21687143719346377,0.38432505217883667,0.34967831744741057
1774368228.0564904,base,56405221,1774368228,-0.006371500990583562,0.9382133469836822,0.3459914440266516,-0.0022450338875399985,-0.21687150393024654,0.3843251913216662,0.3496785390335082
1774368228.0574956,base,57376579,1774368228,-0.006368996721471749,0.9382146302701422,0.34598801763528564,-0.002243898533295892,-0.21687085960665597,0.384325790642247,0.34967757500097385
1774368228.0584962,base,58403238,1774368228,-0.006372868244634508,0.9382141796255444,0.3459891592728244,-0.0022452985519569365,-0.21687290166912898,0.3843260365551461,0.34968101319276557
1774368228.0594208,base,59306002,1774368228,-0.006370796812419543,0.9382143244813844,0.3459888130261915,-0.002244002371089854,-0.21687064706012915,0.3843253915275923,0.34967844993416836
1774368228.0604959,base,60359018,1774368228,-0.006373499560025786,0.9382139143380985,0.34598986954041766,-0.0022449100530225734,-0.21687192107822809,0.38432727858802185,0.3496808971247174
1774368228.0615242,base,61352608,1774368228,-0.0063737815041935535,0.9382137944710763,0.34599018904708073,-0.0022449625134979135,-0.21687227937575523,0.38432726587998334,0.34968112464355794
1774368228.0624552,base,62370120,1774368228,-0.006376934971624431,0.9382141735088525,0.34598909492735774,-0.0022462232338246197,-0.2168729219726429,0.38432837616445575,0.34968237710895334
1774368228.063362,base,63300333,1774368228,-0.006370932902578932,0.9382147597529882,0.3459876255623178,-0.0022447167622962685,-0.2168698572470419,0.38432628342690356,0.34967788243123143
1774368228.0644243,base,64358883,1774368228,-0.006371140215211552,0.938214205295276,0.34598912881026267,-0.002244170142208371,-0.2168708000047616,0.3843271582017891,0.3496779783701336
1774368228.0653586,base,65292822,1774368228,-0.006373887449454912,0.9382150129540141,0.34598687893636154,-0.002245580182577527,-0.2168701784747292,0.38432770401367095,0.34967954847338223
1774368228.0664594,base,66367676,1774368228,-0.00637461215260758,0.93821502642348,0.34598682813357146,-0.002245722859782663,-0.21687028868454447,0.3843279771398737,0.34967985716028976
1774368228.0673819,base,67306466,1774368228,-0.006374815265062947,0.9382144913646733,0.3459882764462384,-0.0022455479120158796,-0.21687102620527712,0.3843277475890275,0.34968127134077565
1774368228.0684328,base,68325208,1774368228,-0.006369941189974774,0.9382159706741101,0.345984346570914,-0.0022468086637134695,-0.21686784638176418,0.38432793428470147,0.34967759784134805
1774368228.0693448,base,69294954,1774368228,-0.006372672717675169,0.9382142148471754,0.3459890631634678,-0.0022459457690516033,-0.2168692361249701,0.38432756967791776,0.34967992164100953
1774368228.0704508,base,70383778,1774368228,-0.006376078738680852,0.9382152959418637,0.34598606732938725,-0.0022461733201216082,-0.21686951671883123,0.3843286534375277,0.3496821339767207
1774368228.0713995,base,71324450,1774368228,-0.006376656036960864,0.9382155115193621,0.3459854714742876,-0.002246270456306312,-0.21686933501500213,0.38432898210317046,0.3496822877731182
1774368228.072507,base,72430966,1774368228,-0.006372214961917531,0.9382151923635431,0.34598643051456407,-0.002244458622808207,-0.21686932861428487,0.38432738649755765,0.349678816450007
1774368228.0734053,base,73328690,1774368228,-0.006376663010067107,0.9382152200619434,0.3459862635021403,-0.0022459921644267934,-0.2168694983791764,0.3843306453926083,0.3496830359955779
1774368228.07442,base,74326044,1774368228,-0.006369825148885602,0.9382158580502232,0.34598467052578047,-0.002244279800547902,-0.21686830537421622,0.3843271371944297,0.34967688556790316
1774368228.075324,base,75254810,1774368228,-0.006373192806563316,0.938216101993205,0.3459839381889139,-0.0022456378639546613,-0.21686845715023417,0.3843288997258625,0.3496800806540251
1774368228.0764291,base,76370428,1774368228,-0.0063733893804585485,0.9382162016879624,0.3459836633616425,-0.002245770441436837,-0.2168683281301568,0.38432914346120994,0.34968028554381864
1774368228.077361,base,77298884,1774368228,-0.0063759953560253504,0.9382166215132964,0.34598247440516955,-0.002246153127465876,-0.21686810302826662,0.3843301791350346,0.34968207467429513
1774368228.0784276,base,78321248,1774368228,-0.006371607021816617,0.9382148022412942,0.3459875044859466,-0.002243706503981884,-0.21686919310310995,0.3843268290155749,0.34967912648465743
1774368228.0793612,base,79304346,1774368228,-0.006371504698880284,0.9382152560303981,0.34598626535905125,-0.002245320151520735,-0.216869762523583,0.3843271662362166,0.3496791155315115
1774368228.080474,base,80399228,1774368228,-0.006374077513133624,0.9382151208455737,0.34598659112431257,-0.0022443071893073004,-0.21687039310383835,0.3843291225363735,0.3496810145254634
1774368228.0813851,base,81331916,1774368228,-0.006374186351940958,0.9382152607475326,0.3459862084145863,-0.0022445123498605227,-0.21687018297325564,0.384329325797662,0.34968108738245174
1774368228.082471,base,82399141,1774368228,-0.006372875433394364,0.9382154419536787,0.3459857447503081,-0.0022439625550426784,-0.21686760861121304,0.3843285959691051,0.34968009461800637
1774368228.0833962,base,83343116,1774368228,-0.006372997199107995,0.9382146127861172,0.34598799206583,-0.0022437931169340263,-0.21686911026140707,0.3843280465768584,0.349679609978548
1774368228.084476,base,84407144,1774368228,-0.006371517036386719,0.9382142062002489,0.3459891203742614,-0.002244022579325299,-0.2168691207467584,0.38432713170476696,0.349678935121419
1774368228.0854454,base,85370884,1774368228,-0.006371231587804421,0.9382146692993877,0.34598786846992224,-0.002244235089059753,-0.21686917176220744,0.38432711084516874,0.34967872854246385
1774368228.0864918,base,86416649,1774368228,-0.006371099327945795,0.9382146774839215,0.3459878467512295,-0.002244537266889156,-0.21686944910447584,0.3843269539808986,0.34967867309063505
1774368228.0874104,base,87344250,1774368228,-0.006373617690972697,0.9382155762621127,0.3459853552104141,-0.0022457596943468864,-0.21686960685636977,0.3843284973320468,0.3496805155678316
1774368228.0884774,base,88401872,1774368228,-0.006370110680546602,0.9382154566978991,0.3459857522829221,-0.0022444866430364305,-0.21686989080869834,0.38432740673977644,0.3496778326586425
1774368228.0893373,base,89283611,1774368228,-0.006372370629057625,0.9382145800714169,0.34598808343765797,-0.0022451621582761953,-0.21687093746487293,0.3843276599010845,0.34967961374091977
1774368228.090476,base,90401365,1774368228,-0.006371047221067592,0.9382139719506304,0.34598975935001797,-0.0022447759009454472,-0.21687171491583504,0.3843256711780212,0.34967868576681205
1774368228.0913658,base,91315931,1774368228,-0.006371046676783181,0.9382139719843113,0.3459897592606403,-0.0022447771444741756,-0.21687171605715724,0.38432567053248234,0.34967868553861453
1774368228.0924804,base,92383176,1774368228,-0.006368342703551964,0.938214791031235,0.3459875947994938,-0.0022437348968732517,-0.21686886285363766,0.38432739224906476,0.3496761648840905
1774368228.0933492,base,93302225,1774368228,-0.006373143869685876,0.9382148106634817,0.34598744440888957,-0.00224508358624831,-0.2168708720626666,0.3843268965664593,0.3496802328613946
1774368228.094424,base,94351224,1774368228,-0.006373243679798041,0.9382146527342343,0.34598787551902654,-0.002244360400759767,-0.21687024255385123,0.38432752952234117,0.3496796695147443
1774368228.0953488,base,95296865,1774368228,-0.0063708574078362255,0.9382134353168503,0.34599122173686814,-0.002244203170978253,-0.2168713453935718,0.38432535451869276,0.3496778361736803
1774368228.0964293,base,96360423,1774368228,-0.006370501743044668,0.9382133962804564,0.34599133471166826,-0.00224411494170205,-0.21687132325851943,0.38432510269560166,0.34967751155724736
1774368228.0973732,base,97297307,1774368228,-0.006375943375555239,0.9382137169088749,0.3459903549933158,-0.0022456628652846116,-0.216870953890045,0.38432795324974556,0.3496825050729262
1774368228.0984468,base,98359147,1774368228,-0.006371877859540019,0.9382138569161698,0.34599006431910545,-0.002243491807269533,-0.2168713105113783,0.3843267263277265,0.3496786093634595
1774368228.0993638,base,99315448,1774368228,-0.006370400656309286,0.938214522370266,0.34598827842823465,-0.0022448160900378935,-0.21687117551887625,0.3843261128116166,0.3496778330577938
1774368228.1004395,base,100360321,1774368228,-0.006371117016025528,0.938214340928058,0.34598875370558657,-0.002245362810972169,-0.21687121563391218,0.38432591830050655,0.349678545298122
1774368228.1013877,base,101302906,1774368228,-0.0063706642739820825,0.9382143624675754,0.3459887008778458,-0.0022457874186377494,-0.21687146192036405,0.38432551977154394,0.34967823049749225
1774368228.1024158,base,102337866,1774368228,-0.006368499036955952,0.938215118632167,0.3459866984973036,-0.0022445162020047708,-0.21687064800570952,0.38432599332076794,0.34967644904155376
1774368228.1033738,base,103289323,1774368228,-0.006371746310400743,0.938214351659394,0.34598871259524244,-0.0022454277956443073,-0.2168718141712976,0.3843270610971269,0.34967911576400423
1774368228.1043336,base,104277164,1774368228,-0.006367707710466118,0.9382141295380292,0.3459894009610056,-0.002243625716728133,-0.21687149537884579,0.3843245964274877,0.3496752886788104
1774368228.105356,base,105299938,1774368228,-0.006371279732854149,0.9382133131387093,0.34599154209979754,-0.0022446913498436146,-0.21687199521294565,0.3843251805812411,0.3496791549194356
1774368228.1064208,base,106345568,1774368228,-0.006370436238733333,0.9382134392649352,0.345991216751787,-0.0022445167426269836,-0.21687161705346986,0.38432496656034354,0.3496787641885714
1774368228.1073627,base,107300946,1774368228,-0.006371067649861624,0.938213702992212,0.345990491230817,-0.0022443245087091232,-0.2168713027444994,0.3843263769599265,0.3496783003513677
1774368228.1084285,base,108330718,1774368228,-0.006369969658658133,0.9382132718384899,0.34599168489225884,-0.0022436617569210286,-0.21687312133397904,0.38432471572553845,0.3496777559661
1774368228.1093616,base,109292753,1774368228,-0.006370185736069411,0.9382137872184294,0.3459902826553549,-0.002243772494497688,-0.21687324642476477,0.3843254474449567,0.3496778449051541
1774368228.1104481,base,110361284,1774368228,-0.00637236253583829,0.9382133937975886,0.34599130200086736,-0.002244912975424798,-0.2168720543760861,0.3843270114312267,0.349679575556936
1774368228.1113462,base,111291524,1774368228,-0.006372414103532731,0.9382131456886027,0.34599197419712835,-0.0022448578492724083,-0.21687223607497877,0.3843269228018601,0.34967960027024014
1774368228.1124308,base,112352492,1774368228,-0.006372424301630657,0.9382147330066706,0.3459876696999151,-0.002244859319493804,-0.21687163848222646,0.38432726465135314,0.3496796085080027
1774368228.1133838,base,113315512,1774368228,-0.00637110584015489,0.9382138138027046,0.34599018899259776,-0.002244486806342857,-0.21687167005609895,0.38432569803574995,0.3496786839753135
1774368228.1144543,base,114378224,1774368228,-0.006372036832197719,0.9382130917474014,0.3459921407854498,-0.002242796266399258,-0.21687435526933796,0.3843257759078684,0.34967891657028244
1774368228.1153696,base,115315867,1774368228,-0.006373330625219114,0.9382139834836378,0.3459896896544562,-0.0022442159697587476,-0.21687216683263466,0.3843264389341994,0.3496797372535468
1774368228.1164217,base,116341882,1774368228,-0.006373272987225128,0.9382140645016501,0.34598946924521995,-0.002244489727074963,-0.21687220175213634,0.3843264171147922,0.34967973742661057
1774368228.1173868,base,117317044,1774368228,-0.006371793747792863,0.9382126956396771,0.34599320708782727,-0.002244690189297258,-0.2168733415332049,0.38432642293247193,0.3496801650393116
1774368228.1185007,base,118382775,1774368228,-0.006370464940442015,0.9382138218637415,0.34599018000575327,-0.002244321692775344,-0.21687166570890765,0.3843264946130749,0.3496779202360368
1774368228.119354,base,119297732,1774368228,-0.006369000329435929,0.9382142072741997,0.34598916622845227,-0.002243647964629965,-0.21687081928046015,0.3843253650899075,0.34967684677934047
1774368228.1203797,base,120307786,1774368228,-0.006372723308149466,0.9382150366194991,0.3459868391397478,-0.0022451282359907438,-0.21687139891080182,0.3843265832827287,0.3496794064742792
1774368228.1212962,base,121249049,1774368228,-0.006373337388560686,0.9382150602061149,0.3459867627439555,-0.0022453015222242663,-0.21687144322238627,0.38432673369560494,0.3496799400587183
1774368228.1223867,base,122310298,1774368228,-0.006373178232289137,0.9382135309807474,0.34599092394044934,-0.0022435317451941672,-0.2168735898546823,0.3843261243520347,0.34968003048837076
1774368228.1233613,base,123242991,1774368228,-0.006370618282455116,0.9382127739196771,0.34599303038338475,-0.0022425438159443295,-0.21687164777998993,0.3843257439989724,0.3496779259512081
1774368228.1244822,base,124383020,1774368228,-0.0063741462619188415,0.9382140283045286,0.3459895482102786,-0.0022449679882347987,-0.216872755862118,0.3843272775628517,0.3496797446014636
1774368228.125452,base,125358905,1774368228,-0.0063733321911730555,0.9382142219227877,0.3459890415824693,-0.002244442791289629,-0.21687222088251865,0.3843264581491626,0.3496796750939238
1774368228.1265182,base,126419760,1774368228,-0.0063730246024441715,0.9382144201009569,0.3459885093600001,-0.0022445184087060374,-0.21687218202039077,0.38432636324525565,0.34967967130301675
1774368228.127428,base,127349669,1774368228,-0.006369612529007216,0.9382146289680939,0.3459880014158902,-0.0022451954770452967,-0.21687210111006902,0.3843256705122836,0.3496772035249937
1774368228.1284645,base,128410648,1774368228,-0.006371589437183476,0.9382134512322384,0.3459911717602569,-0.0022431760744173013,-0.21687249105313267,0.3843256282825589,0.3496794236215974
1774368228.1293721,base,129325178,1774368228,-0.006372594200254582,0.9382150895098283,0.345986693397074,-0.00224585203936033,-0.2168719518588318,0.38432754827643295,0.349680309165208
1774368228.1304395,base,130390705,1774368228,-0.006369550898929603,0.9382155826882851,0.34598542006613636,-0.0022446211009344227,-0.21686944259629545,0.3843264060476804,0.3496769061983446
1774368228.1313887,base,131341716,1774368228,-0.006369344765717272,0.9382155202485354,0.3459855948103292,-0.002244369793070117,-0.21686933280212,0.38432624313552943,0.3496765979704151
1774368228.1324465,base,132410068,1774368228,-0.006373321792404674,0.938213842404667,0.3459900706434235,-0.0022444834060509193,-0.2168732336947032,0.3843267655100314,0.34968007615880203
1774368228.1334078,base,133360013,1774368228,-0.0063663533140510915,0.9382144942723681,0.34598844206398915,-0.0022428198454201922,-0.21687047800301573,0.3843249892065336,0.34967428601262596
1774368228.1344168,base,134367455,1774368228,-0.006373288831327862,0.938213430416102,0.34599118828941744,-0.00224450493418653,-0.21687235204938932,0.38432689067786185,0.34968141318653834
1774368228.135389,base,135339997,1774368228,-0.006369908297091842,0.9382148570379283,0.34598739164455933,-0.0022430168480533823,-0.21686921913617987,0.3843266632585746,0.3496782902535241
1774368228.1363971,base,136363147,1774368228,-0.006369890180210073,0.9382147696912376,0.3459876309569755,-0.002242689699843076,-0.21686915442602572,0.3843266511281122,0.3496783382021362
1774368228.137384,base,137337751,1774368228,-0.006374332622932816,0.9382144392142746,0.3459884327201375,-0.002244628548170527,-0.21687152050264535,0.3843272671069694,0.34968120506462774
1774368228.1384492,base,138412988,1774368228,-0.006372978839960585,0.938215014778733,0.34598690394642784,-0.0022435422912233734,-0.2168692381761374,0.38432837660621627,0.3496803095555487
1774368228.1394162,base,139328663,1774368228,-0.00637236232472179,0.9382137084371995,0.3459904513118185,-0.002244526668217021,-0.216872148432568,0.384326177302131,0.3496795378424247
1774368228.1404405,base,140387748,1774368228,-0.006373125017768928,0.938213428311655,0.34599119337066225,-0.002245066400743917,-0.21687179066522932,0.3843266351215555,0.3496797320468811
1774368228.1413894,base,141342011,1774368228,-0.006373123145983585,0.9382134000680766,0.34599126931106716,-0.0022451713924965862,-0.2168716165724087,0.3843267386542512,0.34967973579995926
1774368228.1424537,base,142415993,1774368228,-0.006372013045359567,0.9382146680830766,0.3459878525806541,-0.0022449744184933995,-0.21686878903135648,0.3843272797864856,0.34967922119070777
1774368228.143498,base,143344182,1774368228,-0.0063706499695088195,0.9382157649467381,0.34598490528027365,-0.0022446698138397763,-0.21686871035475982,0.3843271065945463,0.3496783081321552
1774368228.1445339,base,144390209,1774368228,-0.006374226193742914,0.938213963877151,0.3459897266847782,-0.0022441601876149937,-0.2168705435609255,0.3843280143111286,0.3496804882677899
1774368228.1454346,base,145341212,1774368228,-0.006374569575033726,0.9382143459484664,0.34598867831827707,-0.0022450823584452477,-0.21687006488916435,0.38432818569091176,0.34968120599037067
1774368228.146561,base,146438427,1774368228,-0.006374545833220957,0.9382144018563979,0.34598852546445175,-0.002245342200234208,-0.21687016466349618,0.3843281466498991,0.3496812340038837
1774368228.1475787,base,147352898,1774368228,-0.0063729504867381685,0.9382145330464259,0.34598819424218225,-0.002246091628747362,-0.21686997380840398,0.3843273899335869,0.34968025208919357
1774368228.1487267,base,148442576,1774368228,-0.006371305884763025,0.938215261880225,0.3459862532806895,-0.0022453011232982964,-0.21686824783157316,0.3843277702455649,0.34967867507125566
1774368228.1495047,base,149344269,1774368228,-0.006370375177808391,0.9382150266616509,0.3459869096494253,-0.0022450874397237776,-0.21686896394510222,0.38432740001479077,0.34967784965789395
1774368228.1506758,base,150400774,1774368228,-0.006372950784835184,0.9382158759636885,0.34598455416635043,-0.002245855359230662,-0.21686821117072486,0.38432839500959615,0.34968019387885785
1774368228.1514695,base,151307542,1774368228,-0.006372971636353263,0.9382158380077277,0.34598465707081955,-0.0022457995384655032,-0.2168683881769639,0.38432829473988317,0.34968020459049626
1774368228.1525056,base,152380124,1774368228,-0.006370984744891327,0.9382147511912627,0.3459876461399806,-0.002244976394771754,-0.21687063939128132,0.3843265400381433,0.3496778357795608
1774368228.1534152,base,153296728,1774368228,-0.006370965662512392,0.9382142993330757,0.34598887277639234,-0.0022448248026334557,-0.21687089487260544,0.3843266837046442,0.3496783193390706
1774368228.1544387,base,154360256,1774368228,-0.006369834993054387,0.9382138715225379,0.34599005275111344,-0.002244968181038672,-0.21687182992076268,0.3843255548945783,0.3496776700679466
1774368228.1553502,base,155292868,1774368228,-0.006373577489037975,0.9382143129945895,0.3459887938584208,-0.0022438641841108975,-0.21687004208144112,0.3843281147169133,0.3496804010776062
1774368228.1564262,base,156350993,1774368228,-0.006373690595652449,0.9382143319699779,0.34598874294128296,-0.002243459879200092,-0.21686997788887122,0.38432817375944495,0.3496804254092635
1774368228.1573477,base,157292137,1774368228,-0.006371010816789341,0.9382132805086532,0.3459916458798456,-0.0022430960119951015,-0.2168698514045913,0.3843277076764924,0.3496777833711473
1774368228.1584353,base,158357576,1774368228,-0.00637406868981517,0.9382148386502523,0.3459873445120905,-0.0022461572274612837,-0.21686942694527758,0.38432783862639375,0.3496795760118448
1774368228.1593738,base,159313808,1774368228,-0.0063742211529952,0.9382150011958921,0.34598690298097284,-0.002245840893717799,-0.2168699880850368,0.38432925896066494,0.3496804052010621
1774368228.1604946,base,160413937,1774368228,-0.006372508433479925,0.93821504114321,0.34598683175336803,-0.002244986008111983,-0.2168697027549927,0.38432722508746736,0.34967873179385206
1774368228.161438,base,161345760,1774368228,-0.006372568658722496,0.9382153029148624,0.34598612050293626,-0.002245031044404176,-0.21686937971375642,0.3843272753546485,0.34967849961150416
1774368228.1624808,base,162366257,1774368228,-0.006372560928450866,0.938214306558081,0.3459888241910265,-0.002244765436127121,-0.21687090288720764,0.3843267370464009,0.34967917765391365
1774368228.1634898,base,163347595,1774368228,-0.006371038094741833,0.9382147440225413,0.3459876621910418,-0.002245347164723328,-0.2168688365640904,0.38432713106474725,0.34967828990132066
1774368228.1646466,base,164429628,1774368228,-0.006367840151927123,0.9382161575538278,0.34598389231770077,-0.0022446766858555877,-0.2168684796111807,0.38432667897730666,0.34967581131918424
1774368228.165348,base,165285285,1774368228,-0.006370087487241864,0.9382151889761465,0.3459864788746277,-0.0022444589092908748,-0.21686928236404324,0.38432692817600467,0.3496774643308459
1774368228.1664946,base,166422819,1774368228,-0.006370374776329564,0.938214939844113,0.3459871492610412,-0.0022444430789258446,-0.21686954351843507,0.3843269788868922,0.3496777265849771
1774368228.1673985,base,167304639,1774368228,-0.006372309340582811,0.9382143569447361,0.34598869029445234,-0.00224505785509977,-0.21687095887041322,0.3843276191877108,0.34967952893432896
1774368228.1685348,base,168413520,1774368228,-0.006369967026649863,0.9382145190787028,0.3459883021879472,-0.0022437600361052737,-0.2168685719944603,0.3843270021129026,0.3496769800088165
1774368228.1694827,base,169312940,1774368228,-0.006370890233200279,0.9382146224715535,0.3459880021343402,-0.0022441740762461724,-0.216870566519427,0.38432578734121786,0.3496778691781332
1774368228.1704252,base,170303956,1774368228,-0.006370029442491093,0.9382149173246996,0.34598721944837013,-0.00224401708868519,-0.21687007280047987,0.384326355917873,0.3496773649139762
1774368228.1713817,base,171306106,1774368228,-0.006369896686426955,0.9382149205445515,0.34598721282878275,-0.0022440683491767423,-0.21687011058890027,0.38432624649593583,0.3496772597741265
1774368228.1725478,base,172399275,1774368228,-0.006368757111797909,0.9382137419135809,0.3459904298390434,-0.002244076015163513,-0.21687191868545982,0.3843241291342922,0.3496771278085364
1774368228.173408,base,173251537,1774368228,-0.006367737242393069,0.9382130039682925,0.3459924549233894,-0.002243266210445635,-0.2168713701466943,0.3843247208687676,0.3496756311236995
1774368228.1746166,base,174391042,1774368228,-0.006373330962609854,0.938213839760555,0.345990073839197,-0.002245069919599226,-0.21687282613913358,0.38432591583252845,0.3496805463128292
1774368228.1754558,base,175304162,1774368228,-0.006370379427737108,0.9382146213913641,0.3459880146166534,-0.0022441512944519296,-0.21686967972042936,0.3843270277883437,0.34967804281707904
1774368228.1765351,base,176390842,1774368228,-0.006370418210711047,0.9382144785947347,0.3459884010867642,-0.0022441569586338964,-0.21686968574218554,0.3843270367050749,0.3496780494403046
1774368228.1774874,base,177281101,1774368228,-0.006372336302859502,0.9382144875103616,0.3459883437339386,-0.0022438261873170572,-0.21686938487203025,0.3843268316162925,0.34967903773712294
1774368228.1785975,base,178368250,1774368228,-0.006369655918217182,0.9382145619641354,0.34598819098554046,-0.0022438583917360226,-0.21687111267252296,0.3843260864559307,0.34967703752132934
1774368228.1794093,base,179327973,1774368228,-0.006372044750559871,0.9382148840242331,0.34598726836989263,-0.0022446752619451915,-0.2168714461661598,0.38432678473336307,0.3496787058148907
1774368228.1804307,base,180344650,1774368228,-0.0063734537248088426,0.938214453103455,0.34598841210040776,-0.0022444971911699456,-0.2168711068758912,0.38432620189250505,0.34967929318738056
1774368228.1813688,base,181316181,1774368228,-0.006373857702991047,0.9382144633252838,0.34598837615450434,-0.0022446182750616977,-0.21687116007725463,0.3843262645693832,0.34967929090016564
1774368228.1824846,base,182409725,1774368228,-0.006370500209188698,0.9382141794757535,0.34598921145924666,-0.0022440391110682065,-0.21687221648682276,0.38432454910368863,0.34967616453112993
1774368228.1833723,base,183319086,1774368228,-0.006374252121055586,0.9382139590858631,0.3459897302556546,-0.002245538676329933,-0.21687174624859062,0.3843273373084663,0.3496816223551135
1774368228.184445,base,184382562,1774368228,-0.006371404462903878,0.9382137617365517,0.34599032629185483,-0.0022442383507141,-0.2168723633615077,0.38432661504566934,0.3496785537321971
1774368228.1853907,base,185321425,1774368228,-0.006369377337525127,0.9382138849744369,0.345990037432568,-0.0022430048855049942,-0.21687165828411226,0.384325632352875,0.34967671427455865
1774368228.1864672,base,186380095,1774368228,-0.006368830250649094,0.93821392472141,0.3459899407364936,-0.0022428484666797937,-0.2168716004992331,0.38432550216514294,0.3496761710593823
1774368228.1873705,base,187314302,1774368228,-0.006374658799011354,0.9382125115427588,0.3459936498589128,-0.0022452543581959737,-0.21687556239130262,0.3843260476702196,0.3496813877233289
1774368228.1884258,base,188358913,1774368228,-0.006372633933964708,0.9382137472022972,0.34599034301338505,-0.002244245719100207,-0.2168727857214874,0.3843258461425602,0.3496794199830823
1774368228.1894872,base,189336823,1774368228,-0.006371786951939673,0.9382135938353505,0.3459907704947212,-0.0022448621481615093,-0.2168727851937565,0.3843255570320114,0.3496779372969847
1774368228.1905453,base,190405125,1774368228,-0.006371947352173036,0.9382129476773252,0.3459925291824248,-0.00224340088140927,-0.216871720601119,0.3843257096747009,0.3496785433582863
1774368228.1913931,base,191317048,1774368228,-0.006371955163890043,0.9382128940942015,0.3459926771545966,-0.0022429663767116583,-0.2168716868329806,0.38432580257841265,0.34967872073575934
1774368228.1924052,base,192330613,1774368228,-0.006376663969805458,0.9382125674522027,0.34599347139464137,-0.0022436986534991195,-0.216872822960893,0.38432783186357306,0.3496816400683299
1774368228.1933758,base,193325642,1774368228,-0.006377609183410526,0.9382119991986718,0.34599499610372575,-0.0022435088406125192,-0.21687569380088384,0.384325847222225,0.3496818134213362
1774368228.194405,base,194335264,1774368228,-0.00637510704970306,0.9382125299174142,0.34599359717960576,-0.0022444212587346625,-0.21687399745327854,0.38432743496818556,0.3496813657839168
1774368228.1953285,base,195274977,1774368228,-0.006374683805437113,0.9382130810485727,0.34599210541472597,-0.0022452052044565104,-0.2168720220432273,0.3843276897068076,0.34968118237913676
1774368228.1963809,base,196313584,1774368228,-0.0063741365167443885,0.9382131466646437,0.34599193731359745,-0.002245244591846956,-0.21687183043449784,0.38432748223239566,0.3496808255942418
1774368228.1973264,base,197264804,1774368228,-0.006371908192616498,0.9382128016678559,0.345992920628277,-0.0022442031218198495,-0.216872486063972,0.3843255527465237,0.3496776194263499
1774368228.1983685,base,198304466,1774368228,-0.006372573027021178,0.9382128569876613,0.34599275436911076,-0.0022448207370645208,-0.216872877197029,0.38432487717504576,0.34967906853071895
1774368228.1993377,base,199279365,1774368228,-0.006374330547284804,0.9382132869507915,0.3459915550740911,-0.0022449758301419467,-0.2168723042834224,0.384326611121194,0.3496808737132481
1774368228.2003715,base,200305561,1774368228,-0.006374085212247981,0.9382133058774637,0.3459915076418094,-0.0022450728129468573,-0.21687275313887502,0.3843267321041454,0.34968050733250045
1774368228.20133,base,201253456,1774368228,-0.006374169957622136,0.9382132622697863,0.345991624312309,-0.00224507553692488,-0.21687260959874313,0.38432688711132257,0.34968060976106
1774368228.2024622,base,202403134,1774368228,-0.006372313971293172,0.9382122285020482,0.3459944664427967,-0.002244347307408984,-0.2168742839027204,0.3843252622827472,0.3496788950112679
1774368228.2034054,base,203316517,1774368228,-0.006370807971306977,0.9382147664416234,0.3459876076042057,-0.002245043652339471,-0.2168707167556953,0.3843271964302015,0.3496779622152319
1774368228.2044055,base,204362618,1774368228,-0.006372818051267575,0.9382122855083389,0.34599431077604337,-0.002243083127193985,-0.2168723563260919,0.3843260914630604,0.3496796231733563
1774368228.205356,base,205308463,1774368228,-0.006370239207177364,0.9382128626024097,0.34599278988607174,-0.0022436235619730893,-0.21687236110325875,0.3843256438454023,0.349677217916533
1774368228.206406,base,206359627,1774368228,-0.006370187720804885,0.9382130811003817,0.34599219667074244,-0.0022438813436475827,-0.21687245354915533,0.38432558965825475,0.3496772219413894
1774368228.2073445,base,207299554,1774368228,-0.006368767725173545,0.9382133693250322,0.3459914397286218,-0.0022441149589671463,-0.21687214806918823,0.3843249334684475,0.3496774148334114
1774368228.208412,base,208368036,1774368228,-0.006372883680084027,0.9382143818675313,0.3459886131426265,-0.0022449022625342934,-0.21687031434369825,0.3843262150562429,0.3496801005239958
1774368228.2093806,base,209305921,1774368228,-0.006373685230371932,0.9382129770196218,0.34599241086611965,-0.0022444401558327155,-0.2168737076024387,0.3843260376921982,0.3496804911744137
1774368228.2104025,base,210364424,1774368228,-0.006370830495609822,0.9382137192413011,0.34599044980376975,-0.002244591451982305,-0.21687331857268194,0.38432455389271963,0.34967852843664604
1774368228.211385,base,211317457,1774368228,-0.006370529808907589,0.9382135879210636,0.3459908117394123,-0.0022445449741658333,-0.2168735167176087,0.3843242102031521,0.3496782305784475
1774368228.2124426,base,212375906,1774368228,-0.006373321770406334,0.9382139266327333,0.34598983419231055,-0.002245724287705316,-0.21687260028965247,0.3843257985104189,0.34967998853092896
1774368228.2134626,base,213302166,1774368228,-0.006376350398911307,0.9382136668936387,0.34599048427296447,-0.0022454848345625903,-0.2168730127113099,0.38432702238871774,0.3496828434928875
1774368228.2145433,base,214379815,1774368228,-0.006372507683986662,0.9382145157979893,0.34598825430204794,-0.0022453010451498525,-0.21687171284967202,0.38432647949383336,0.3496794688887916
1774368228.2154934,base,215307116,1774368228,-0.006372052388765918,0.9382146162001089,0.34598799383582757,-0.00224477577864904,-0.21687112606014158,0.38432727877324707,0.349679266843929
1774368228.2165108,base,216385900,1774368228,-0.006372308714701066,0.9382147182482589,0.34598771211846835,-0.00224481781278697,-0.2168709759617259,0.3843275483710352,0.34967949736587767
1774368228.2173712,base,217305202,1774368228,-0.006373704585160302,0.9382133883168687,0.34599129468795603,-0.0022445206600742056,-0.21687136475328644,0.38432670530967833,0.34968037275870095
1774368228.2184525,base,218340027,1774368228,-0.006368123410661393,0.9382132200753069,0.34599186180670854,-0.0022432662966651745,-0.21687073679171337,0.3843255030500451,0.3496758894690055
1774368228.2194703,base,219309699,1774368228,-0.006374242357697456,0.9382137813636828,0.34599021314401973,-0.0022454180414374393,-0.21687346896616974,0.3843264511489138,0.34968016717621864
1774368228.2206354,base,220407672,1774368228,-0.006371111654052601,0.9382142866488158,0.3459889033912806,-0.0022449931947238354,-0.2168724325499684,0.3843256497855025,0.3496778467387758
1774368228.2215273,base,221357722,1774368228,-0.006370922159564151,0.9382143011003835,0.3459888678832776,-0.002244963786681643,-0.2168724948020891,0.38432555702529725,0.34967792622212635
1774368228.2226229,base,222396594,1774368228,-0.006370538689103116,0.938214234524275,0.345989059092276,-0.002244406665719664,-0.2168712217976189,0.38432536068060025,0.34967782655261
1774368228.223442,base,223303580,1774368228,-0.0063684994141366595,0.9382135452704526,0.34599096555260006,-0.0022444247013169234,-0.21687111062957376,0.38432553684897053,0.34967752984565
1774368228.2245018,base,224379240,1774368228,-0.006368893131378123,0.93821427985721,0.34598897069862394,-0.002243752928634436,-0.2168698096582632,0.3843266896489368,0.3496781241900403
1774368228.2253838,base,225306447,1774368228,-0.00637006064301327,0.9382148758791188,0.34598732438003943,-0.0022450779219247317,-0.21686864732055747,0.38432622295814556,0.3496780593590757
1774368228.2265296,base,226399808,1774368228,-0.006370367724538395,0.9382149759297729,0.3459870463741219,-0.0022452388427839374,-0.21686834563026486,0.3843264577401228,0.34967801868786463
1774368228.2273872,base,227304439,1774368228,-0.006372420564678189,0.9382147121086599,0.3459877241119563,-0.0022452177711976195,-0.216869358065397,0.38432728986701326,0.34967968087375756
1774368228.2284837,base,228329906,1774368228,-0.006373682255791313,0.9382137325246132,0.34599035737760914,-0.0022451900699417804,-0.21687365281106558,0.3843256591103897,0.3496807669351101
1774368228.2294035,base,229317879,1774368228,-0.006370640932529466,0.9382148262849118,0.3459874492753312,-0.002244909181155539,-0.21687067144960737,0.38432642397544103,0.34967779940551136
1774368228.2305503,base,230407886,1774368228,-0.006371115772702183,0.9382139321630288,0.34598986757993416,-0.0022445291305994244,-0.21687105084018213,0.38432559609288713,0.3496778558982059
1774368228.2314777,base,231359983,1774368228,-0.006370792998245508,0.938213831656715,0.34599014642909426,-0.0022444728941763024,-0.21687119168702604,0.3843252820907008,0.3496775635862533
1774368228.2325454,base,232410338,1774368228,-0.006370973387335012,0.9382139773131082,0.3459897434775032,-0.0022451905905821992,-0.21687130145307904,0.3843249868367265,0.3496780999813507
1774368228.2333813,base,233305586,1774368228,-0.006369259406999458,0.9382146407565923,0.34598798151853843,-0.0022443371654582906,-0.21687068829838912,0.38432430462426465,0.3496770380885567
1774368228.234471,base,234381543,1774368228,-0.0063716495077216235,0.9382144211232204,0.34598852984424017,-0.002244837453489302,-0.216870687332434,0.38432698324557396,0.3496797718803626
1774368228.2354352,base,235346014,1774368228,-0.006370199641186049,0.9382146469531345,0.34598794872792726,-0.0022441332798813244,-0.21687031582015706,0.38432646378459073,0.3496776436380377
1774368228.2365055,base,236370335,1774368228,-0.0063703300888128395,0.9382146622607562,0.3459879050131572,-0.0022441029613610303,-0.21687037879896764,0.38432664285866,0.34967750586744006
1774368228.2374132,base,237318981,1774368228,-0.006370160066365335,0.9382144498206109,0.3459884816305764,-0.002244501616344452,-0.21686838606916592,0.3843267225960328,0.34967786293377884
1774368228.2385292,base,238362747,1774368228,-0.006370092827699979,0.9382138660662955,0.34599006611026706,-0.0022444579111205332,-0.2168715867545073,0.38432562110578394,0.3496772368253255
1774368228.2395804,base,239354975,1774368228,-0.006368535130053962,0.9382138923203137,0.34599002805541795,-0.002243769969296133,-0.21686985212619675,0.38432483611903673,0.3496763271524421
1774368228.2406116,base,240397298,1774368228,-0.0063717764508666565,0.9382161553187744,0.3459838172792407,-0.002246006367407092,-0.21686782769668334,0.3843283306679947,0.3496789378935453
1774368228.2416408,base,241344114,1774368228,-0.006371778351438034,0.9382161884757105,0.345983727360984,-0.002246001814494867,-0.21686778021443762,0.3843283480134839,0.34967893778248416
1774368228.2424965,base,242363698,1774368228,-0.006369914874323423,0.9382139420857084,0.34598986221428624,-0.002244616989177995,-0.21686956754939973,0.3843266674579579,0.3496773638196912
1774368228.2434268,base,243346891,1774368228,-0.006371755704428861,0.9382161224030894,0.3459839065424516,-0.0022460645089548074,-0.21686802287845344,0.38432726791704047,0.3496797733306694
1774368228.2445228,base,244410358,1774368228,-0.006367959622101984,0.9382153304702544,0.3459861346485957,-0.002244413457107091,-0.21686851318956782,0.3843265940046373,0.3496757335208025
1774368228.245345,base,245285400,1774368228,-0.006370790433457561,0.9382150155973393,0.34598693427274685,-0.0022447381769619247,-0.21686859675915707,0.3843276595993001,0.349679113596254
1774368228.246444,base,246409102,1774368228,-0.006370471152038458,0.9382150722626115,0.3459867867485396,-0.00224469863997323,-0.21686847275847956,0.38432766512272354,0.3496791195913053
1774368228.2474785,base,247297821,1774368228,-0.006372249437518464,0.9382150120247569,0.34598691233893647,-0.002245470699109792,-0.21687025663310727,0.3843272657843846,0.3496795233060151
1774368228.2486944,base,248437514,1774368228,-0.006372095688708418,0.9382141431666718,0.3459892743556493,-0.0022449920741245263,-0.2168704147612635,0.3843270978148093,0.3496794977885609
1774368228.2495565,base,249349415,1774368228,-0.006374767611429517,0.938214373514616,0.34598859282555317,-0.002246175209205167,-0.21687010671159468,0.3843286735267222,0.34968189027703545
1774368228.2505822,base,250372871,1774368228,-0.006370051113342673,0.9382147092069995,0.3459877820102859,-0.0022442317263587233,-0.21686898443156327,0.38432753912115175,0.3496771724608514
1774368228.251437,base,251340957,1774368228,-0.006370077647682597,0.9382146175272794,0.34598803025700603,-0.002244212062257827,-0.21686905553030356,0.3843275048960275,0.34967718013414056
1774368228.25244,base,252365981,1774368228,-0.0063744619784420605,0.9382147744703212,0.34598751414893986,-0.0022457188441313814,-0.2168699436405066,0.38432749688210616,0.3496812288938282
1774368228.253433,base,253342624,1774368228,-0.00637072799192369,0.9382146631999889,0.3459878888452597,-0.0022450732247494983,-0.2168704118268764,0.3843267096932165,0.3496778788195001
1774368228.2545192,base,254422799,1774368228,-0.006373916281051083,0.9382146158607994,0.345987955631225,-0.0022455143153149357,-0.21687192947167774,0.38432761348050554,0.34967989730359045
1774368228.255373,base,255292596,1774368228,-0.006373488696715787,0.9382149901093411,0.34598694411586195,-0.002246213999013991,-0.2168708113868785,0.38432770469325395,0.3496803765484539
1774368228.2564692,base,256365855,1774368228,-0.006373131789699839,0.9382149135176238,0.34598715884320996,-0.0022461433418809757,-0.21687082718951242,0.3843273038156634,0.34968030132360983
1774368228.2574563,base,257342022,1774368228,-0.006374695871149677,0.9382152678851712,0.3459861724941663,-0.0022456185214300524,-0.21686938790362864,0.3843282075490533,0.34968109862505187
1774368228.258506,base,258426221,1774368228,-0.006374687786899068,0.93821388612904,0.345989916311865,-0.0022461168208832098,-0.21687070795668745,0.38432730107580154,0.34968174818430026
1774368228.2593977,base,259301320,1774368228,-0.006367926014051281,0.9382161284914176,0.34598396981564333,-0.0022446352628835865,-0.21686813353586673,0.3843265635407079,0.34967647750841446
1774368228.26045,base,260374293,1774368228,-0.006368753521942899,0.9382156929414573,0.34598513795916574,-0.002244283479143164,-0.21687005073894666,0.3843277594975756,0.3496764402090143
1774368228.2614381,base,261343709,1774368228,-0.006368675399075427,0.938215706401168,0.3459851034683392,-0.0022441955844111567,-0.21687014812303498,0.3843277721213074,0.34967611253531705
1774368228.262441,base,262352516,1774368228,-0.006367040358013498,0.9382153052733269,0.3459862205669342,-0.0022443096413305727,-0.21686995147122579,0.384325551458268,0.34967518614090215
1774368228.263453,base,263350764,1774368228,-0.006369399076911821,0.9382147957570576,0.3459875600176968,-0.002244123646898904,-0.21686898328593285,0.3843271513610083,0.3496765933245806
1774368228.2644856,base,264417482,1774368228,-0.006371921058402228,0.9382146555702772,0.34598789554657305,-0.0022438427808596575,-0.2168714914497602,0.3843270844210212,0.3496793070009012
1774368228.265385,base,265293022,1774368228,-0.006370616508416307,0.938215573067408,0.34598543145811783,-0.0022438622591263815,-0.21686903508370675,0.38432745752992303,0.3496775858000003
1774368228.2664402,base,266381016,1774368228,-0.006370892953659691,0.9382155719760757,0.34598542872124516,-0.002243955693459465,-0.2168690412212804,0.38432747422833125,0.3496778390828146
1774368228.2673888,base,267301044,1774368228,-0.006372155699819294,0.9382151157894603,0.34598663121729034,-0.0022456969558835214,-0.21687077453490752,0.38432732704512373,0.3496786991736195
1774368228.2683427,base,268253305,1774368228,-0.006370599945645828,0.9382152402777524,0.34598632458838086,-0.0022453428948549983,-0.21686921475578264,0.384326465297344,0.34967752912950556
1774368228.269414,base,269341041,1774368228,-0.006369648840613634,0.938214672573527,0.34598788175067013,-0.0022453113550414726,-0.21687082035599867,0.38432529118304715,0.3496775619555501
1774368228.2703936,base,270294816,1774368228,-0.006368192296311178,0.9382144290447115,0.34598857311489456,-0.002244667704219201,-0.21686932412707818,0.3843254976654498,0.34967559334847115
1774368228.2713926,base,271282294,1774368228,-0.006368109345394611,0.9382144458934968,0.34598852924288365,-0.0022446230129261036,-0.21686912315296747,0.3843255424777291,0.3496755137199481
1774368228.2724388,base,272363951,1774368228,-0.0063721113707252315,0.9382150529964153,0.3459868054944109,-0.0022452063124476346,-0.21686921181724178,0.3843275975880179,0.3496791021360194
1774368228.2733824,base,273297551,1774368228,-0.006369264788735289,0.938213701350515,0.3459905291007685,-0.0022442898181562515,-0.21687080376587792,0.3843254421594953,0.34967674955923406
1774368228.274429,base,274349106,1774368228,-0.006369843427198398,0.9382142268879756,0.34598909651148857,-0.002243803662335927,-0.21687093950442737,0.38432583972865264,0.3496774837701629
1774368228.2753708,base,275270638,1774368228,-0.006371955846944902,0.9382140168408232,0.3459896335754228,-0.002242819751336112,-0.2168717199377055,0.3843256830599527,0.34967855345415627
1774368228.2764091,base,276328587,1774368228,-0.006371770814086296,0.9382137931513985,0.34599024650380245,-0.002242365134309634,-0.2168718783873387,0.3843254009876451,0.3496783090749638
1774368228.277374,base,277289083,1774368228,-0.006369139482139618,0.9382135904311106,0.34599083757506016,-0.00224345865340588,-0.21687264892560965,0.38432416800071334,0.3496765030268744
1774368228.2784255,base,278348881,1774368228,-0.006369771202449542,0.9382146615027427,0.3459879164439102,-0.0022442439538088157,-0.21687180419145044,0.3843263091322467,0.34967667314761297
1774368228.279467,base,279383275,1774368228,-0.00636912234770106,0.9382141914766926,0.3459892087696906,-0.0022433473158453366,-0.21687152750304944,0.38432477256352693,0.34967646681301273
1774368228.2804246,base,280342417,1774368228,-0.006370790707162732,0.9382138389056298,0.3459901248933202,-0.0022447690374003512,-0.21687127116512023,0.3843263406614112,0.3496781567741633
1774368228.2813294,base,281251032,1774368228,-0.0063711519177191995,0.938213860382678,0.34599005951210743,-0.0022448447346504257,-0.21687134266627026,0.384326563509163,0.3496784850975856
1774368228.2825446,base,282399727,1774368228,-0.006373092833487039,0.9382142662016082,0.34598892039339246,-0.0022452947531247614,-0.21687133457506608,0.38432658431445776,0.34968024185772184
1774368228.2833867,base,283301800,1774368228,-0.006371388830824604,0.9382144190598584,0.3459885413195244,-0.0022446710508780285,-0.2168713654054948,0.3843266659629164,0.3496786699675652
1774368228.2844663,base,284400214,1774368228,-0.0063679973201728685,0.9382139126681838,0.3459899745975129,-0.0022450309574975247,-0.21687144842581443,0.3843247622540373,0.3496755341752792
1774368228.285368,base,285295331,1774368228,-0.006372189688771485,0.9382133911088362,0.34599131317179177,-0.0022448056235441372,-0.2168733577181723,0.3843246881146118,0.34967938793738795
1774368228.2864661,base,286393425,1774368228,-0.006371891562404567,0.9382133711680568,0.3459913750522041,-0.0022444484560920613,-0.2168730920044413,0.38432457705070966,0.3496790634234068
1774368228.2874646,base,287382503,1774368228,-0.006373178998668416,0.938213127249245,0.3459920143508558,-0.0022442041083674713,-0.21687569834782386,0.38432458260092844,0.3496801647495761
1774368228.2885785,base,288453464,1774368228,-0.00636964647200464,0.9382124416579224,0.34599393390928956,-0.0022449098145344653,-0.21687533428753586,0.38432337868957017,0.3496775396825591
1774368228.289441,base,289367001,1774368228,-0.006371224823115425,0.938213353082084,0.3459914405790859,-0.0022438000657429447,-0.21687290780903645,0.3843256446922159,0.3496781158129244
1774368228.290439,base,290368327,1774368228,-0.00637025008633839,0.9382125380912931,0.34599366588604585,-0.0022442033924397527,-0.21687314582039255,0.3843241138320163,0.3496775925407786
1774368228.2914543,base,291373897,1774368228,-0.006370072585948832,0.9382126357549406,0.34599340505504933,-0.002244090780130769,-0.21687286702233446,0.38432407218232145,0.34967741609176717
1774368228.2925663,base,292481655,1774368228,-0.006369977931761378,0.9382131113965706,0.34599211611057823,-0.0022442312802338407,-0.21687065540670597,0.3843253117358637,0.34967733516116495
1774368228.293476,base,293390520,1774368228,-0.006369724558945209,0.9382142285161723,0.34598909207126743,-0.002244144947794248,-0.21687230029261526,0.3843247252647589,0.3496768696895079
1774368228.2945168,base,294368142,1774368228,-0.0063704604401778235,0.9382132005702314,0.3459918714052563,-0.002243308055421813,-0.21687108868234958,0.3843244250225141,0.3496773272325817
1774368228.2954013,base,295309788,1774368228,-0.006366979694455276,0.9382129983644166,0.3459924885200202,-0.0022425782807606602,-0.21687172174270902,0.3843239647827688,0.3496761728299816
1774368228.2964737,base,296363840,1774368228,-0.006366740656583975,0.9382130944276108,0.3459922309855342,-0.0022428008452696126,-0.21687176874544933,0.3843240086712829,0.3496763818510996
1774368228.2973683,base,297300649,1774368228,-0.006369469500543741,0.9382141116892623,0.34598941473797284,-0.0022439640561261257,-0.21687096303113526,0.38432586254108936,0.34967768886539774
1774368228.2984517,base,298363653,1774368228,-0.006372789247077015,0.9382131419023407,0.3459919824212482,-0.002244107654578739,-0.2168746038749224,0.38432562505385287,0.3496797080457065
1774368228.2993813,base,299300303,1774368228,-0.006371684931212874,0.9382149237325689,0.34598716441812344,-0.0022451223872426112,-0.21686935843080898,0.3843272350252375,0.3496787716341557
1774368228.300408,base,300314225,1774368228,-0.006371838160199909,0.9382132879630141,0.34599160382090116,-0.0022441153115202697,-0.21687184956266572,0.38432568842953246,0.34967871483127655
1774368228.3013773,base,301294632,1774368228,-0.006371492661738602,0.9382131294841134,0.3459920403241343,-0.0022440537494126844,-0.21687168871381324,0.38432552171495415,0.349678389894097
1774368228.3024154,base,302322391,1774368228,-0.006372223736606254,0.9382136564692201,0.3459905937160136,-0.0022446913701576073,-0.21687124129507246,0.38432643264585226,0.3496791183355988
1774368228.303385,base,303317031,1774368228,-0.006372911353306592,0.9382145734728323,0.34598808902756967,-0.00224552335207384,-0.21687125290396367,0.384326416508549,0.3496798487632334
1774368228.304467,base,304373016,1774368228,-0.00637131561941352,0.938214291865548,0.34598888129747696,-0.002245639113199357,-0.21687195641896817,0.38432562707801676,0.34967989905993324
1774368228.3053675,base,305297057,1774368228,-0.006371745515729084,0.9382145632458677,0.34598814152317586,-0.0022450162109091897,-0.21687128486384566,0.38432647391457414,0.3496794066251726
1774368228.3064291,base,306368074,1774368228,-0.006372188106916925,0.9382144924039018,0.3459883267361357,-0.0022448216740024534,-0.2168713139801947,0.3843266020390375,0.3496795053116763
1774368228.3073742,base,307299978,1774368228,-0.006373059614167347,0.9382135756791772,0.3459907973818694,-0.002244693632833786,-0.2168722508080672,0.3843248673801449,0.34967960431593337
1774368228.3084207,base,308364487,1774368228,-0.006374091654264122,0.9382145198395406,0.34598821288190845,-0.002245498747803002,-0.21686996072383755,0.38432702184759066,0.3496811642819505
1774368228.3093543,base,309291005,1774368228,-0.0063783828394039215,0.9382140926872207,0.34598928321927547,-0.0022468673439633,-0.21687241557779402,0.3843279693640336,0.3496842956431684
1774368228.3103807,base,310319379,1774368228,-0.006371697645542572,0.9382135942943823,0.3459907758230014,-0.0022441024325014305,-0.21687277108662925,0.38432406571834205,0.34967930373591016
1774368228.311371,base,311301668,1774368228,-0.006370911011448519,0.9382137492582953,0.3459903710797071,-0.002243950913752326,-0.21687261045729803,0.3843239511115778,0.34967921667429835
1774368228.31243,base,312364585,1774368228,-0.006371807254525919,0.9382151316564863,0.34598659690953193,-0.0022453423067179657,-0.2168703339898373,0.38432670238188305,0.34968015366664645
1774368228.313427,base,313330799,1774368228,-0.006375756841565233,0.9382141005178202,0.3459893171337069,-0.002245828040167046,-0.21687169474861853,0.38432786900582055,0.3496811483888058
1774368228.3144252,base,314373444,1774368228,-0.006373565141955169,0.9382149531979627,0.3459870485945224,-0.0022453213528707103,-0.21687086585022272,0.3843272600067601,0.34967980436931295
1774368228.3153598,base,315292256,1774368228,-0.00637136363737112,0.9382153346868954,0.3459860560487654,-0.0022451065849585492,-0.21686920454042607,0.38432697739617344,0.3496783248907386
1774368228.3164148,base,316362590,1774368228,-0.006371122160506865,0.9382152282223009,0.3459863495999031,-0.0022450444818356606,-0.21686898581298572,0.3843269811822978,0.34967817555595526
1774368228.3173914,base,317327254,1774368228,-0.006372874488434158,0.9382150135897468,0.3459869021036608,-0.0022446198470618766,-0.2168700591733597,0.38432768357034486,0.3496785338789168
1774368228.318422,base,318363995,1774368228,-0.006374555415041299,0.9382148720798366,0.345987247023606,-0.002245829134806634,-0.21687097408949946,0.38432754267096947,0.3496798475799599
1774368228.3194048,base,319304287,1774368228,-0.006374647225487342,0.9382141895735602,0.34598910102610625,-0.002245067198349404,-0.21687188919381845,0.38432564213156073,0.34968103731477956
1774368228.3204205,base,320330859,1774368228,-0.006372051722467202,0.9382148954731889,0.3459872304432726,-0.0022457157596809736,-0.21687069356620994,0.38432611982272824,0.34967896839602003
1774368228.3213902,base,321309432,1774368228,-0.006371453793208696,0.9382149893899715,0.34598698792240706,-0.002245539782974703,-0.21687045707429334,0.384326137263148,0.3496785321344375
1774368228.322522,base,322402409,1774368228,-0.006368607517790839,0.9382152657472033,0.34598629454509033,-0.002244981992579096,-0.21687025272990199,0.3843256481574889,0.34967600531528736
1774368228.323405,base,323310089,1774368228,-0.006374172390523224,0.938214887085842,0.34598721353190104,-0.0022458070414168407,-0.2168698505328714,0.38432806520870616,0.349680731587635
1774368228.324496,base,324388212,1774368228,-0.006372881830879848,0.9382139932430803,0.34598966628165123,-0.002245013664678595,-0.2168720457112964,0.3843257071980092,0.3496794797387268
1774368228.3254,base,325298755,1774368228,-0.006367995223474288,0.9382142677646903,0.3459890151895034,-0.002244497225947207,-0.21687023847911036,0.3843246797518166,0.34967651715408876
1774368228.3264549,base,326370867,1774368228,-0.006367131638451685,0.9382142122888449,0.3459891820217386,-0.0022444192676742956,-0.21686978257243977,0.3843245308205546,0.3496761229540969
1774368228.3273935,base,327305146,1774368228,-0.0063703019593957496,0.9382147700458946,0.34598761092379987,-0.0022444616095413875,-0.21687049562190155,0.38432591722896825,0.34967816817197694
1774368228.328443,base,328355493,1774368228,-0.006371759504082506,0.9382150646832796,0.3459867840291534,-0.0022446289972936338,-0.2168705043572929,0.3843268884643441,0.3496791507575886
1774368228.3293633,base,329291827,1774368228,-0.006370426691293931,0.9382147817903981,0.34598757007856706,-0.002245494354280155,-0.216869608565759,0.3843266808082813,0.34967801815602556
1774368228.3304045,base,330338014,1774368228,-0.006370225100129022,0.9382138473683901,0.3459901172780174,-0.0022440107666344545,-0.21686991039823225,0.38432593645557084,0.3496775390022633
1774368228.3314216,base,331346126,1774368228,-0.0063700134219421495,0.9382140865852558,0.345989472038886,-0.002244081159650621,-0.2168695801181866,0.38432592953507233,0.3496773505128361
1774368228.332498,base,332410340,1774368228,-0.006368174198681525,0.9382145972598924,0.34598811336151986,-0.002245274675662733,-0.2168691080273312,0.3843263131971526,0.3496757099075479
1774368228.3333676,base,333285615,1774368228,-0.006368124474699879,0.9382154973629385,0.3459856875829482,-0.0022430975108152485,-0.21686909233663035,0.3843262497061323,0.3496755531789146
1774368228.3344092,base,334311429,1774368228,-0.0063709465985786395,0.9382139026809462,0.3459899549491235,-0.0022438649535241042,-0.21687168932189982,0.38432555542337504,0.3496781395874049
1774368228.3354743,base,335345887,1774368228,-0.00637229242983484,0.9382128507683225,0.34599277756915836,-0.002244640805328111,-0.2168735735586801,0.3843252155841431,0.34967918224508404
1774368228.336506,base,336407034,1774368228,-0.0063726377959486035,0.9382127101663417,0.34599315159036437,-0.002244776696425432,-0.21687395121882208,0.3843252035976353,0.3496795070708523
1774368228.3373885,base,337295301,1774368228,-0.00637392860713119,0.9382137991522586,0.34599017493104983,-0.0022447640361843513,-0.2168726884807801,0.3843263247801495,0.3496797683383743
1774368228.338332,base,338260884,1774368228,-0.006370669668408402,0.9382138203657748,0.3459901813735977,-0.00224415589892427,-0.21687089452900882,0.38432537778476306,0.3496775697384485
1774368228.33946,base,339350609,1774368228,-0.006369860086570986,0.9382142376093714,0.34598906643155297,-0.0022439116216776637,-0.2168697737137464,0.3843271227997126,0.3496773904941528
1774368228.340448,base,340364596,1774368228,-0.006369893704385725,0.9382140150160144,0.3459896704821581,-0.0022437471721170952,-0.21686971652306652,0.38432579409495043,0.3496771510814299
1774368228.3413756,base,341273569,1774368228,-0.006369529713684312,0.938213800033469,0.34599026140242783,-0.0022435535794746533,-0.21686988225556672,0.3843256919282012,0.3496768339159029
1774368228.3423467,base,342269903,1774368228,-0.006367576293556261,0.9382141155884598,0.34598943802879134,-0.0022441156902505617,-0.21687073616273092,0.3843252635328679,0.3496752621469824
1774368228.34341,base,343318281,1774368228,-0.0063646582455640695,0.938214129305268,0.34598946181010765,-0.0022429921370879253,-0.21686902999050095,0.3843239612121044,0.3496728205349758
1774368228.3444343,base,344350768,1774368228,-0.006369314196949333,0.9382140487897781,0.34598958903485394,-0.002243829237084525,-0.21687114067266444,0.3843261815525248,0.3496773083480401
1774368228.345379,base,345291873,1774368228,-0.006371108341926778,0.9382134914289688,0.3459910577421059,-0.0022453154919758076,-0.216872888721111,0.38432568020489893,0.34967855621639893
1774368228.3464522,base,346323961,1774368228,-0.006371153094696606,0.9382137744763057,0.3459902865377427,-0.002245754371783933,-0.21687297395648913,0.3843257163496789,0.3496786762693922
1774368228.3477533,base,347512286,1774368228,-0.006371718425354476,0.938215612144972,0.34598529221399066,-0.0022458636074402538,-0.21687104211492286,0.3843274438025756,0.3496794750480261
1774368228.3484478,base,348326523,1774368228,-0.00637246370691029,0.9382140747998685,0.34598945158687,-0.00224520474516749,-0.216870113613253,0.38432638064221114,0.3496802256433553
1774368228.3496027,base,349407481,1774368228,-0.006369678725509934,0.9382164821060737,0.3459829727090294,-0.002245549567551641,-0.21686727492790417,0.3843283746276079,0.3496773105760683
1774368228.3504906,base,350325899,1774368228,-0.006370596455474518,0.9382139319277872,0.34598988778313994,-0.00224298667256086,-0.21687226882805904,0.3843260666230707,0.34967799628536816
1774368228.3514755,base,351322874,1774368228,-0.006370640685300245,0.938213752035473,0.3459903781979363,-0.002242459192012611,-0.2168724531836289,0.3843259686651167,0.3496779425792161
1774368228.3524096,base,352320012,1774368228,-0.006369630104356277,0.9382137983359937,0.3459902633942659,-0.0022436712431872416,-0.21687231197106532,0.3843253901405016,0.34967696821165783
1774368228.3534396,base,353332136,1774368228,-0.0063725241224431755,0.9382125875457509,0.3459934958551558,-0.002243286193068666,-0.2168740942710096,0.3843263275715972,0.3496780551900087
1774368228.3543973,base,354329209,1774368228,-0.006371122079568986,0.9382133300987031,0.34599149655417943,-0.0022450703214740232,-0.21687215795881765,0.38432510774864376,0.34967758819229483
1774368228.3554776,base,355311541,1774368228,-0.006373146550365784,0.9382132465274982,0.3459916900601753,-0.0022444270277824693,-0.21687364768112685,0.38432653238723724,0.34968005360683185
1774368228.356426,base,356331744,1774368228,-0.006373374383117668,0.9382133196385815,0.34599148722379675,-0.0022444866653313256,-0.21687345215952897,0.38432679723848123,0.34968034502207834
1774368228.357434,base,357322838,1774368228,-0.006370190922312777,0.9382144512038814,0.3459884825567607,-0.002243692911970664,-0.21686973630951475,0.3843270985659002,0.3496771742737113
1774368228.3584583,base,358324797,1774368228,-0.006372528152462937,0.9382147980237029,0.3459874973112939,-0.002243960462158201,-0.21686959857344948,0.38432768498910475,0.3496781152037604
1774368228.3594303,base,359256611,1774368228,-0.006371818547361689,0.9382142938020475,0.34598886957080205,-0.0022452097993990163,-0.2168723194199502,0.3843264465452088,0.3496784921352741
1774368228.3603737,base,360249355,1774368228,-0.006372444753451737,0.9382142972250813,0.34598884973482025,-0.002245058904977699,-0.21687263735147086,0.3843267624049969,0.34967953758303005
1774368228.3614376,base,361251257,1774368228,-0.006372388578507801,0.9382144199557447,0.34598851739654796,-0.0022451460194530515,-0.21687245819233153,0.38432682234388255,0.34967958767036095
1774368228.362455,base,362340335,1774368228,-0.006369782014130791,0.9382150364448211,0.345986898702235,-0.0022443690305048673,-0.21687009824409448,0.3843261021320558,0.3496769217963034
1774368228.3633442,base,363253538,1774368228,-0.006372493957286187,0.9382135298524518,0.34599093515577634,-0.002244217591581108,-0.21687208980113304,0.38432716157865676,0.34967873055479654
1774368228.3644986,base,364385049,1774368228,-0.00637064139973615,0.9382146455507937,0.3459879390061116,-0.0022449642442010044,-0.21687083319527917,0.384327104382607,0.34967769906273677
1774368228.365429,base,365356852,1774368228,-0.006373988528838834,0.9382140463295251,0.34598950510260384,-0.0022445264688691884,-0.21687328823453,0.3843261090034682,0.34967966573289605
1774368228.3665254,base,366434635,1774368228,-0.00637497702282352,0.938214239908543,0.345988960092659,-0.0022448150912296578,-0.2168731732970948,0.3843263040281905,0.34968027914093686
1774368228.3674197,base,367346961,1774368228,-0.00637579104195744,0.9382141251732402,0.3459892492455629,-0.002245889688442208,-0.21687063583623112,0.3843289039432237,0.34968163148461373
1774368228.3684855,base,368380759,1774368228,-0.0063725147045581645,0.9382152441249306,0.3459862759999955,-0.002245788857387923,-0.21687049998262412,0.3843272825605148,0.3496793997112982
1774368228.3694131,base,369295497,1774368228,-0.006372876581590601,0.9382143159129521,0.34598879017142103,-0.0022452028379534956,-0.21687190144053992,0.3843260657814714,0.34968000108940966
1774368228.37043,base,370297385,1774368228,-0.0063713928643226786,0.9382134659285194,0.3459911258700359,-0.002244665353314153,-0.2168702785221667,0.38432654429154184,0.3496786358098668
1774368228.3714225,base,371346936,1774368228,-0.0063714941494209315,0.9382132640318488,0.3459916720341644,-0.002244580141463707,-0.21687030541006483,0.38432658217754473,0.3496787207251475
1774368228.3725219,base,372357155,1774368228,-0.0063720425453876895,0.938212927011929,0.3459925740895177,-0.00224484663575592,-0.2168715529626309,0.38432536789281896,0.34967870370311305
1774368228.373388,base,373307256,1774368228,-0.006370292497865437,0.9382150266619959,0.3459869124413742,-0.0022448916247716118,-0.21686938559646593,0.3843263318887202,0.3496777305827352
1774368228.3744917,base,374380383,1774368228,-0.006368883782422619,0.9382145930774426,0.34598811934886153,-0.0022440867480486445,-0.21686913599102486,0.38432547445236664,0.34967637996208434
1774368228.3754554,base,375320046,1774368228,-0.006372471538539808,0.9382150284502375,0.3459868655022313,-0.0022451941010724567,-0.21687008633690444,0.3843277679732949,0.34967968866111143
1774368228.3764918,base,376397472,1774368228,-0.006373020117738401,0.9382150500023843,0.3459867960595813,-0.0022453320530007323,-0.21687017073313739,0.3843279463646807,0.3496801883089322
1774368228.377388,base,377298345,1774368228,-0.006371816736116976,0.9382144941335805,0.34598832354001624,-0.0022456453682515344,-0.21687040587335424,0.3843263213302536,0.34967918542969206
1774368228.3784904,base,378379375,1774368228,-0.0063757176343393705,0.9382148690797415,0.34598723322779146,-0.0022459086598799064,-0.2168701411033459,0.38432833181936144,0.3496823436862735
1774368228.3793936,base,379309138,1774368228,-0.006371947770269844,0.9382137329001718,0.3459903946090509,-0.002244218663854239,-0.21686982154421883,0.38432649887963405,0.3496790406180376
1774368228.3805375,base,380446129,1774368228,-0.006369271285751486,0.9382142832047572,0.34598895107852545,-0.002244305116038303,-0.21686928336601147,0.38432630979784604,0.34967675504900436
1774368228.3814409,base,381345198,1774368228,-0.006369022641534349,0.9382144171428218,0.3459885928444745,-0.002244245407098704,-0.21686927176771012,0.3843261312646466,0.34967652889043405
1774368228.3825026,base,382397816,1774368228,-0.00637074432753785,0.938213523577606,0.34599098211425333,-0.002244568649094662,-0.21686984945249368,0.38432567616334234,0.349678060758152
1774368228.383418,base,383339846,1774368228,-0.006370928135472913,0.938212637765617,0.3459933862413632,-0.0022437220885041763,-0.21687339942661335,0.38432365531811447,0.3496780821132929
1774368228.3845007,base,384421857,1774368228,-0.006372606856627103,0.9382125466677893,0.34599359477087666,-0.0022448907587175318,-0.21687179771346676,0.3843259246195049,0.3496797421087473
1774368228.3854265,base,385324532,1774368228,-0.006369890108706885,0.9382141081839381,0.3459894184190069,-0.0022436681345286524,-0.21686938502231928,0.38432661971864085,0.3496771684537167
1774368228.3865151,base,386432307,1774368228,-0.006369887940769271,0.9382142852574664,0.3459889382715362,-0.002243671138707637,-0.21686938497459085,0.3843266189839369,0.3496771675230222
1774368228.387417,base,387339983,1774368228,-0.006372859646212279,0.9382148078241694,0.34598745746734433,-0.002245064513352343,-0.21686969597577693,0.3843271910427341,0.34968110927081153
1774368228.3885002,base,388421812,1774368228,-0.006371913606606356,0.9382154307184157,0.34598578528002716,-0.0022451420914108996,-0.21686900000424877,0.3843276612836986,0.34967901504217
1774368228.3895218,base,389368842,1774368228,-0.006370796888672318,0.9382128226324659,0.3459928853354393,-0.0022440348219518232,-0.21687240289218154,0.3843249926659596,0.3496770457351531
1774368228.3905072,base,390425020,1774368228,-0.006372479488261166,0.9382138613985865,0.3459900325844563,-0.0022448022034064455,-0.21687200775223836,0.3843257080933879,0.3496784750732003
1774368228.3913877,base,391308650,1774368228,-0.006372607947276593,0.9382138538467044,0.3459900504687247,-0.002244837347002138,-0.216872302727573,0.38432555267193397,0.34967844069367054
1774368228.3925123,base,392427962,1774368228,-0.006372318444613609,0.938214365011224,0.3459886668524859,-0.002245273672791863,-0.21686834046671488,0.3843267158650089,0.3496789971789929
1774368228.393361,base,393283839,1774368228,-0.006372837966796258,0.9382144554912324,0.3459884124432327,-0.0022451945463306516,-0.2168707458241375,0.38432665325696413,0.3496798120670014
1774368228.394448,base,394304212,1774368228,-0.0063706228837317426,0.9382140447107221,0.34598957286904003,-0.0022443122598453107,-0.21687055253606102,0.3843261073682355,0.34967842903325147
1774368228.3954208,base,395328513,1774368228,-0.0063716792634677605,0.9382146840725615,0.3459878169879526,-0.002244724904778369,-0.21687075233006928,0.3843270624753518,0.34967864337209764
1774368228.396463,base,396386110,1774368228,-0.006371336192351567,0.9382147274856308,0.34598770597129125,-0.0022446649885317868,-0.21687058725843433,0.3843269145670683,0.34967834696907873
1774368228.3974028,base,397327456,1774368228,-0.006373935755772635,0.9382137802468226,0.3459902192691229,-0.0022458112237075094,-0.21687276307279363,0.3843254902004713,0.34968080779115307
1774368228.3984554,base,398362543,1774368228,-0.006370655390858578,0.9382151562887293,0.34598655325940836,-0.0022450442491445018,-0.2168707218906257,0.38432515879981743,0.34967808636247627
1774368228.3993907,base,399308678,1774368228,-0.006371510952266249,0.9382127666183749,0.34599301624199064,-0.0022452425814330035,-0.21687304926047257,0.384324470812884,0.34967886687158917
1774368228.4004133,base,400325045,1774368228,-0.006371377539827802,0.938213668412344,0.3459905771998906,-0.0022446472737526818,-0.2168726682275012,0.38432499837477296,0.34967838586489497
1774368228.401322,base,401254751,1774368228,-0.0063717468141455385,0.9382135358638521,0.3459909296052415,-0.002244681555467218,-0.21687304944664854,0.3843250466131153,0.34967871396249267
1774368228.402397,base,402323751,1774368228,-0.006369376462569971,0.9382137362372369,0.3459904299397421,-0.002244675779481132,-0.2168719265658164,0.3843249420761633,0.34967691979424087
1774368228.4033957,base,403330246,1774368228,-0.006367423368119582,0.938214096574528,0.3459894987476425,-0.0022431372780856934,-0.21687238347397303,0.38432459049520845,0.34967529303277073
1774368228.4044032,base,404335056,1774368228,-0.006372834352326981,0.9382139982186539,0.3459896591338129,-0.0022441705268409617,-0.21687229921992018,0.38432489855292024,0.34967869298983206
1774368228.4053931,base,405330437,1774368228,-0.006371855385872563,0.9382136522047495,0.3459906154269418,-0.002244172910611429,-0.21687155042438164,0.38432493872516965,0.34967858929087825
1774368228.4064016,base,406327537,1774368228,-0.006371555485228381,0.9382136104632091,0.34599073298648725,-0.00224435063250658,-0.21687190243681753,0.38432486854809983,0.34967861529184535
1774368228.4073713,base,407307191,1774368228,-0.006370956344093121,0.9382141717743038,0.34598921899941393,-0.0022448013931133295,-0.21687114568787083,0.38432509139658505,0.34967713333255085
1774368228.4084446,base,408343257,1774368228,-0.006373385490230556,0.9382133531142941,0.3459913925921865,-0.0022450495641198995,-0.21687206972214287,0.3843261155608114,0.34968006098714705
1774368228.4093735,base,409321744,1774368228,-0.00637090955219845,0.9382134465908833,0.34599118614649044,-0.002244828830437484,-0.21687250954918513,0.3843250271380716,0.34967845714937595
1774368228.4103878,base,410314098,1774368228,-0.006370355766630387,0.9382137813359026,0.3459902936224952,-0.0022440583354986455,-0.2168721806009261,0.38432597547020364,0.349677638548618
1774368228.411362,base,411308063,1774368228,-0.006370586600851566,0.9382135317678886,0.34599096586677397,-0.0022440972713080793,-0.21687252523568337,0.38432596448329,0.34967787554405355
1774368228.4124038,base,412333640,1774368228,-0.006370164294972411,0.9382142643349748,0.34598897507285387,-0.0022459593213713393,-0.21687169406692713,0.38432436889327315,0.3496778300915593
1774368228.413387,base,413277027,1774368228,-0.00637238991002277,0.9382144546856894,0.3459884234557473,-0.0022451058494688597,-0.21687321120968947,0.3843263647026979,0.3496796303206304
1774368228.4143445,base,414262532,1774368228,-0.00637142848601525,0.9382137832095019,0.3459902656438595,-0.0022445432615447814,-0.21687167527300585,0.38432650379339595,0.3496786784804603
1774368228.4153721,base,415304156,1774368228,-0.006373028669331859,0.938213837456544,0.34599009427552,-0.0022437410416786927,-0.216871382624334,0.38432676264654747,0.34967965005164486
1774368228.416463,base,416367601,1774368228,-0.006373146260633507,0.9382138753057613,0.34598999274873504,-0.002243236103556585,-0.21687126124499517,0.3843268348830595,0.34967966268539996
1774368228.417347,base,417281998,1774368228,-0.006368037258262069,0.9382147929389733,0.3459876024980892,-0.0022426166817184744,-0.21686996400121192,0.3843261703742458,0.34967541136189606
1774368228.418437,base,418341476,1774368228,-0.00637427037118458,0.9382144378028778,0.34598843341267344,-0.0022452884244216357,-0.2168707286319899,0.384327583039595,0.3496798899897896
1774368228.4193451,base,419283984,1774368228,-0.006368469053246578,0.9382143512689971,0.3459887866854349,-0.0022434711393891854,-0.21687112600089753,0.3843249124255953,0.3496763936158595
1774368228.4203749,base,420298383,1774368228,-0.0063728383802194866,0.9382139828987157,0.3459896966869325,-0.002244774107190442,-0.21687139917672588,0.38432668269253095,0.34967907460965164
1774368228.4213502,base,421297379,1774368228,-0.0063741339632020465,0.9382137918569229,0.34599018888361976,-0.002245079497654326,-0.21687162037095498,0.38432703077349184,0.34967971155540467
1774368228.4224117,base,422337108,1774368228,-0.00636945251833605,0.9382140082892236,0.34598969699809773,-0.0022437236125975087,-0.21687127642307896,0.38432634163758944,0.3496763738080279
1774368228.4233952,base,423336693,1774368228,-0.0063731068930969045,0.9382133653411335,0.34599136659933,-0.002244736626415056,-0.21687242853042715,0.38432552721082347,0.34967945690110214
1774368228.4244075,base,424320593,1774368228,-0.006369883002255331,0.9382148046159868,0.34598752640041025,-0.002244229321768668,-0.216870481062514,0.3843268275705961,0.3496775443167847
1774368228.425294,base,425242811,1774368228,-0.006370609485326126,0.9382135843022561,0.3459908244602953,-0.0022438704917710135,-0.21687279869864015,0.3843257669298683,0.34967786101691584
1774368228.4264088,base,426337297,1774368228,-0.0063703127119347615,0.9382134176091192,0.34599128229464954,-0.0022438160068542156,-0.21687271841039316,0.3843256024248975,0.3496776039685814
1774368228.4273882,base,427321727,1774368228,-0.006371366461046565,0.9382139660270833,0.3459897694043855,-0.0022447959039067268,-0.21686971700229699,0.38432702031354793,0.3496789611571337
1774368228.4284186,base,428337859,1774368228,-0.006369705160240589,0.9382140556342478,0.345989560694456,-0.002244227476337257,-0.2168693732731005,0.38432659491137405,0.34967599084376605
1774368228.4293756,base,429316273,1774368228,-0.006375237688982928,0.9382151377991883,0.34598651486195864,-0.002245680862180577,-0.21687088235819654,0.38432821316791094,0.34968068334296093
1774368228.4304109,base,430338095,1774368228,-0.006373783986738765,0.9382146453255508,0.3459878810054689,-0.002245077211804769,-0.2168703123279959,0.3843284497761742,0.3496797771867556
1774368228.431424,base,431319962,1774368228,-0.006373369151549641,0.9382146826915592,0.34598778802465907,-0.0022449689170344197,-0.21687031164870607,0.38432832636155473,0.34967973158108245
1774368228.4323716,base,432316454,1774368228,-0.006369727936714027,0.9382135366282824,0.3459909731700238,-0.0022433765450003153,-0.21687263161610965,0.38432562634678896,0.3496778238899642
1774368228.4333408,base,433290117,1774368228,-0.006367966353003726,0.9382135240076095,0.3459910329658775,-0.0022444333259827617,-0.2168703274600425,0.3843246298600401,0.3496765696450216
1774368228.4344163,base,434341919,1774368228,-0.006370145209311701,0.9382145719230444,0.3459881574631605,-0.0022434742071618667,-0.21687006034670528,0.384327864236347,0.34967761775465855
1774368228.435314,base,435248888,1774368228,-0.006370844204185993,0.9382141656658961,0.34598924659759234,-0.002243418552780399,-0.21687144644242207,0.3843271196186735,0.3496784531896356
1774368228.4363353,base,436262851,1774368228,-0.006370828212897027,0.9382140687198268,0.34598951294412966,-0.002242930394308029,-0.2168714487441428,0.38432724391426104,0.3496782444555677
1774368228.4373221,base,437240351,1774368228,-0.00637038310042079,0.9382139709533655,0.34598978235656797,-0.002243531128880777,-0.21687027137686318,0.3843266343659008,0.34967733915608185
1774368228.4383593,base,438286870,1774368228,-0.006369802030348807,0.9382149074623577,0.34598725265130287,-0.002243666708146052,-0.21687051944104505,0.38432712155300364,0.34967798383332893
1774368228.4394066,base,439348701,1774368228,-0.006367745489473056,0.9382144313894857,0.34598857010197,-0.002245419488537422,-0.21686910696332468,0.3843255057715682,0.34967545305528325
1774368228.4404411,base,440368850,1774368228,-0.006371791119564778,0.9382135159050898,0.3459909840926159,-0.0022444994011411594,-0.21687123927274177,0.3843270525193604,0.3496791200043254
1774368228.4414716,base,441389566,1774368228,-0.006372288666463571,0.9382133826845099,0.3459913358970368,-0.00224454294336067,-0.21687153198637021,0.38432717914038567,0.34967947951721096
1774368228.4424648,base,442360057,1774368228,-0.006373669080893028,0.9382139004537294,0.3459899050889664,-0.0022447526311052085,-0.21687111410357696,0.3843282736491119,0.3496804122106189
1774368228.443395,base,443336020,1774368228,-0.006371176741955803,0.9382154024618855,0.34598587829392674,-0.0022447074163967112,-0.2168687622767749,0.384327311749279,0.34967845999774233
1774368228.4444354,base,444361924,1774368228,-0.0063710978938334994,0.9382136343676944,0.34599067682145407,-0.0022443152232450724,-0.21687209932072635,0.38432599920460503,0.34967835318357965
1774368228.4452984,base,445250630,1774368228,-0.006369531706117647,0.938213538109134,0.34599096554223757,-0.002244490529186202,-0.2168710567987046,0.38432508981839886,0.3496775819428079
1774368228.4464417,base,446366302,1774368228,-0.00636961456343323,0.9382135024573023,0.3459910605955248,-0.0022445055355368782,-0.2168711753885623,0.38432508279101124,0.34967765660554245
1774368228.4474008,base,447342412,1774368228,-0.0063717598032837575,0.9382155543945031,0.3459854528364533,-0.002245126895889655,-0.2168695960343943,0.38432744151977993,0.3496793598765272
1774368228.4484162,base,448341392,1774368228,-0.0063694298236112385,0.9382149730351194,0.34598707251514677,-0.002245081029937331,-0.21687016724035565,0.3843254838357706,0.34967732408062013
1774368228.4494498,base,449352712,1774368228,-0.006372221414335044,0.9382149046272502,0.3459872090684577,-0.002244702774500626,-0.21687050872262373,0.3843268460232557,0.3496791176843084
1774368228.4504821,base,450361111,1774368228,-0.006372985132643335,0.9382150696920443,0.3459867401176902,-0.0022458241216893955,-0.2168702832668528,0.3843262869826854,0.34967996263136336
1774368228.451407,base,451347087,1774368228,-0.0063733370734036,0.9382150781097512,0.34598671041725404,-0.0022458843936250766,-0.2168703700939695,0.3843264925587784,0.3496802800674602
1774368228.4524503,base,452368010,1774368228,-0.006373395281818801,0.9382139844855658,0.3459896783380284,-0.002245357844069498,-0.21687136890667516,0.384326636940944,0.34968024718546353
1774368228.4534147,base,453363572,1774368228,-0.006370919228169605,0.9382151225621905,0.34598663509380795,-0.002245778320764994,-0.21687118120351542,0.38432582213266653,0.3496784632672985
1774368228.454435,base,454350101,1774368228,-0.006368524116375415,0.9382136606658419,0.3459906613410816,-0.002243012559174953,-0.2168703866678938,0.38432498131858656,0.3496758704740087
1774368228.455483,base,455352428,1774368228,-0.006368659337701211,0.9382143793883552,0.34598870506797474,-0.0022437585765755835,-0.21687000370529927,0.3843258835656011,0.3496758681105507
1774368228.4564393,base,456364379,1774368228,-0.0063685276110044655,0.9382144285432674,0.3459885731198055,-0.0022439250921163336,-0.2168700007467876,0.38432581636230684,0.34967578408417826
1774368228.457505,base,457338579,1774368228,-0.006370600344434086,0.9382144592974953,0.3459884443133564,-0.0022450429803627537,-0.2168698255131827,0.38432711486125415,0.34967804072117153
1774368228.4585607,base,458271815,1774368228,-0.006370928317471222,0.9382151085104252,0.3459866808731417,-0.002244569787601263,-0.2168688356799308,0.3843275083742038,0.34967852531935145
1774368228.459449,base,459280823,1774368228,-0.006369451657327659,0.9382154203242806,0.34598586032899736,-0.0022449061721968385,-0.2168692277584359,0.3843267085024046,0.3496770030297954
1774368228.4604871,base,460339394,1774368228,-0.006367943336228622,0.9382142459047413,0.3459890819474506,-0.002243491079630535,-0.21687024945768593,0.38432475328399407,0.34967545307271314
1774368228.4614964,base,461338968,1774368228,-0.006367975917309608,0.9382140363208125,0.3459896497561175,-0.0022434783183676852,-0.2168703077371302,0.38432471896501913,0.34967547921034875
1774368228.4625216,base,462368756,1774368228,-0.006368637590176427,0.9382141628094761,0.34598928477814533,-0.002244989457954279,-0.21686962552869016,0.38432506067896216,0.3496763059645271
1774368228.4634628,base,463299210,1774368228,-0.006370980203010848,0.9382153082330663,0.3459861337549603,-0.002245274522173693,-0.21686961191257,0.38432734426722903,0.3496781415252884
1774368228.4644907,base,464338167,1774368228,-0.006370230652763945,0.9382145987533853,0.34598807548275073,-0.002244653914778056,-0.21686905834820766,0.3843263004078907,0.34967736045320197
1774368228.4654737,base,465311873,1774368228,-0.006370006166810614,0.9382148574421866,0.3459873704872017,-0.0022458315885580853,-0.21686984176874385,0.3843256382058489,0.349678235674667
1774368228.466462,base,466297886,1774368228,-0.00636969965789735,0.9382148859989786,0.34598729671024336,-0.002246136979279407,-0.2168700224390808,0.3843253564067243,0.3496780281129773
1774368228.4675164,base,467346128,1774368228,-0.006369556500394003,0.9382155373844201,0.3459855368084476,-0.002245546664486263,-0.21686857056830233,0.3843264297424982,0.349677189359421
1774368228.4685178,base,468366227,1774368228,-0.006370682801686183,0.9382139003441646,0.3459899593566271,-0.0022449111407458933,-0.21687092781380976,0.3843257097823415,0.3496780843517938
1774368228.4695215,base,469339817,1774368228,-0.0063706518611419275,0.9382144552468179,0.3459884571408078,-0.0022446126847189664,-0.2168697894214486,0.38432568636656345,0.34967797916771115
1774368228.4706266,base,470364925,1774368228,-0.0063715700166457655,0.9382155627988583,0.3459854334691583,-0.002245138014255499,-0.21686915214364702,0.384328115190943,0.3496789076142311
1774368228.471479,base,471318953,1774368228,-0.0063715943720113275,0.9382152965010346,0.3459861556314502,-0.002245063028996262,-0.21686932758278235,0.3843280151146624,0.34967891735210066
1774368228.4725149,base,472355146,1774368228,-0.006371082048026858,0.9382150080982403,0.34598694177134187,-0.00224588879295052,-0.2168701520237267,0.3843257165393234,0.3496780538647065
1774368228.4735212,base,473369146,1774368228,-0.006371495520772141,0.9382132304471142,0.34599176227055306,-0.0022447048215316263,-0.21687098695956647,0.38432567964151276,0.3496773714575782
1774368228.474538,base,474340356,1774368228,-0.006370712490687412,0.9382143804280426,0.3459886602918758,-0.0022443996564508865,-0.21686984195445588,0.384325686580702,0.3496779369828925
1774368228.4754894,base,475312808,1774368228,-0.006370758383507827,0.9382142633685046,0.34598897334427053,-0.0022449440285029778,-0.2168706837202742,0.3843252304175579,0.34967802041742213
1774368228.4765072,base,476322233,1774368228,-0.006370673460066675,0.9382144241745107,0.3459885391291408,-0.002244901298366513,-0.2168706624705672,0.38432520361777095,0.3496780222332981
1774368228.4774857,base,477320763,1774368228,-0.006368371319825574,0.938213890593685,0.345990043535696,-0.0022425694996871925,-0.21687143993932265,0.3843234149050355,0.349675652453065
1774368228.4786007,base,478322599,1774368228,-0.006369310411066279,0.9382131517286787,0.3459920288445807,-0.002242718046859838,-0.2168726149182734,0.384325603985757,0.34967654562218775
1774368228.4794817,base,479305196,1774368228,-0.006371788005759259,0.9382138088064371,0.345990186179608,-0.0022450723658927513,-0.21687136967988024,0.384326325163391,0.34967880987037453
1774368228.4804916,base,480338062,1774368228,-0.006369928549283449,0.9382142695704758,0.34598897532980455,-0.0022444007769368795,-0.21687120983215868,0.3843255743798176,0.3496773469023968
1774368228.4815373,base,481352102,1774368228,-0.006369438513461408,0.9382145303246674,0.3459882782123233,-0.0022442549674236436,-0.21687103461927226,0.3843256921875884,0.34967690127599993
1774368228.4824722,base,482321638,1774368228,-0.006372800575007053,0.9382136183566603,0.34599068714645764,-0.0022445825572544455,-0.2168741478986566,0.38432622684739043,0.3496796343645414
1774368228.4834704,base,483302991,1774368228,-0.006372455193189684,0.9382130939236426,0.3459921158423031,-0.002244544497940165,-0.21687275376659051,0.38432551395159786,0.3496798591695926
1774368228.4845235,base,484364659,1774368228,-0.006370890833931473,0.9382147344683441,0.3459876931648516,-0.0022449843966467747,-0.21687222715423252,0.3843258808583641,0.3496783084571772
1774368228.4855874,base,485351964,1774368228,-0.0063690558985563216,0.9382148886069045,0.3459873120082235,-0.002244516121413933,-0.21687179421615935,0.3843255812807997,0.34967662826948775
1774368228.4865084,base,486367233,1774368228,-0.006368486315063288,0.9382149414977063,0.3459871813624082,-0.002244162517819684,-0.2168714061991602,0.38432562048567537,0.3496760681567939
1774368228.4873667,base,487254980,1774368228,-0.006371961514743259,0.9382146706326249,0.34598785117018244,-0.0022442724454662245,-0.21687056832562046,0.38432764850245094,0.34967883805631117
1774368228.4884293,base,488360140,1774368228,-0.006371172392212709,0.9382137085873263,0.3459904737819491,-0.002244378155872162,-0.21687200671993195,0.3843262016278055,0.3496784394742714
1774368228.4894888,base,489338575,1774368228,-0.0063711739062163285,0.9382142239082355,0.3459890741835845,-0.0022447148839392157,-0.21687304547537528,0.38432451965250486,0.3496779639981421
1774368228.4904609,base,490305183,1774368228,-0.006370293790794786,0.9382134070180222,0.34599131429753577,-0.002243363394058186,-0.21687375134546774,0.3843245504665556,0.34967780942947296
1774368228.4914858,base,491340639,1774368228,-0.006369982925029929,0.9382134051686529,0.3459913258214781,-0.0022432422231379798,-0.21687377073574676,0.38432456148895233,0.34967752154028175
1774368228.4925117,base,492371911,1774368228,-0.006371364801527574,0.9382123124155513,0.3459942582515421,-0.002244058687950323,-0.21687378759047987,0.38432427899880534,0.3496777540163921
1774368228.4934537,base,493305251,1774368228,-0.006374938414975409,0.9382135474391395,0.3459908393547054,-0.0022446925172835927,-0.21687300942218912,0.38432801334685,0.34968123942713214
1774368228.4944506,base,494317571,1774368228,-0.00637312352011804,0.9382126271578901,0.34599337134262415,-0.00224422036620661,-0.21687228784813622,0.3843267275774607,0.3496804004666505
1774368228.495436,base,495312657,1774368228,-0.006375705245087512,0.938213950948112,0.34598972819642937,-0.002245130624780904,-0.21687230341690011,0.3843269059572717,0.3496822246791794
1774368228.4964757,base,496307034,1774368228,-0.006375715516320417,0.9382140866435004,0.3459893600015989,-0.00224513719878722,-0.216872303210114,0.3843269056662382,0.34968223497025297
1774368228.497516,base,497278799,1774368228,-0.006368631488571856,0.9382136516245985,0.3459906762473252,-0.002244189857822475,-0.21687127900362035,0.38432471936148677,0.34967618120573213
1774368228.4985538,base,498296075,1774368228,-0.006369492648075867,0.9382129628821169,0.34599253048315676,-0.0022438122086507863,-0.21687229959404541,0.3843232839386956,0.3496768481994405
1774368228.4995117,base,499281383,1774368228,-0.006371669356422066,0.9382129287187864,0.3459925836195582,-0.002243723421674307,-0.21687371345317757,0.38432599323948285,0.3496785082291952
1774368228.5003793,base,500287693,1774368228,-0.00637008868008877,0.9382132046730001,0.34599186709112645,-0.002243313224502505,-0.2168733850803227,0.38432545741321866,0.34967732192144324
1774368228.5013971,base,501277907,1774368228,-0.0063696918218227845,0.9382133658478174,0.34599143790830655,-0.0022432264145253655,-0.216873309392249,0.38432529918460334,0.3496769625404535
1774368228.502382,base,502312187,1774368228,-0.006374376770348007,0.9382126930883126,0.34599316529813645,-0.00224486430368681,-0.21687379759486225,0.38432623613631406,0.34968103074880486
1774368228.5033643,base,503314274,1774368228,-0.0063702033645219825,0.9382146902299687,0.3459878277906432,-0.0022446751414551226,-0.21686961652086914,0.3843271513609389,0.34967793478120207
1774368228.5043676,base,504312129,1774368228,-0.0063707782568153655,0.9382147638145776,0.34598760834586034,-0.0022461112773866825,-0.21686973048232755,0.38432747404489687,0.3496783762797919
1774368228.5053253,base,505278188,1774368228,-0.006372221123805514,0.9382124949142674,0.3459937434730482,-0.0022446964609575855,-0.21687379466347348,0.3843248403979383,0.3496788549967104
1774368228.506375,base,506332511,1774368228,-0.006372358980815765,0.9382120037584784,0.3459950749823503,-0.002244355693371336,-0.216874291578152,0.3843245895704138,0.3496789156417873
1774368228.5072958,base,507244260,1774368228,-0.006372125150225502,0.9382144550430672,0.3459884285424452,-0.0022449240609750316,-0.2168705488184382,0.38432776680657266,0.3496779521678411
1774368228.5083811,base,508307792,1774368228,-0.006375304569148052,0.9382139605651593,0.34598970932501455,-0.002245157785154866,-0.21687347855899847,0.3843264471878753,0.3496809751631024
1774368228.5093718,base,509240974,1774368228,-0.006373137536635607,0.9382141562083637,0.3459892182834277,-0.0022452259997030725,-0.2168707725000756,0.38432657637992207,0.3496795020062287
1774368228.5104432,base,510313919,1774368228,-0.006371055911650453,0.938214077565886,0.3459894745750621,-0.002244501511846929,-0.21686985707440035,0.3843270711521034,0.34967790208210253
1774368228.5113802,base,511254166,1774368228,-0.006370948839677384,0.9382139312696244,0.3459898732813855,-0.0022444975405306222,-0.2168697728366808,0.384327086820472,0.349677917905464
1774368228.5123277,base,512277826,1774368228,-0.006371491526345294,0.9382133548342266,0.3459914297594823,-0.0022439784812408204,-0.21687178165198295,0.3843256236943462,0.3496786106120163
1774368228.51339,base,513333969,1774368228,-0.00637010770741146,0.9382148592494576,0.3459873759807302,-0.0022439414620844247,-0.21687050955933437,0.3843269438012775,0.34967742942431246
1774368228.51445,base,514372222,1774368228,-0.006369887772857489,0.9382142751761077,0.3459889627929686,-0.002244105830401332,-0.21687172907421906,0.384325268764275,0.34967673733290294
1774368228.5154662,base,515311229,1774368228,-0.006368182454825603,0.9382151287204527,0.3459866775030653,-0.002244433709497422,-0.2168672099815364,0.38432617129653956,0.34967578599611887
1774368228.516444,base,516320646,1774368228,-0.006367886691850548,0.9382152491222167,0.34598635608862655,-0.0022444897261484106,-0.2168668498539077,0.38432612753388123,0.34967553409157065
1774368228.51745,base,517322074,1774368228,-0.006372210749889106,0.9382160527638653,0.34598409341745445,-0.00224507649158958,-0.21686849744020073,0.3843286852030341,0.34967778895076934
1774368228.5184505,base,518323793,1774368228,-0.006370721384997359,0.9382167299208072,0.3459822775482708,-0.002246158554758207,-0.2168664652941255,0.38432986586166507,0.3496782661908137
1774368228.5194383,base,519306779,1774368228,-0.0063676307602178695,0.9382159735315524,0.3459843927543229,-0.002245052152042772,-0.21686783815746083,0.3843273669548811,0.3496750732973664
1774368228.5204496,base,520319129,1774368228,-0.006372975717882091,0.9382156178052766,0.34598525428590693,-0.0022457745832068533,-0.21687007200619393,0.38432792928843995,0.34967964312488814
1774368228.5213778,base,521250132,1774368228,-0.006373106002864937,0.9382156010932727,0.34598529754522983,-0.002245722067419018,-0.21687009441580982,0.38432783583992175,0.3496797725097577
1774368228.5223815,base,522300920,1774368228,-0.006370271074289272,0.9382162838946815,0.3459834982877482,-0.0022457056499539337,-0.216867126926312,0.38432752902106754,0.34967728623572647
1774368228.5234542,base,523325246,1774368228,-0.006370311630256233,0.9382152591767514,0.3459862836108666,-0.002244578084075323,-0.21687006049077628,0.3843266552763271,0.3496777100271335
1774368228.5245655,base,524423669,1774368228,-0.006369715149883977,0.938215042186366,0.3459868834862288,-0.002244504317558482,-0.21686907653156115,0.38432638969917693,0.3496774640113862
1774368228.525369,base,525248072,1774368228,-0.006371889636274221,0.9382153065930381,0.3459861208161791,-0.0022453729237942506,-0.21687075176695456,0.38432776645595434,0.3496792261295183
1774368228.5264475,base,526306179,1774368228,-0.006372150240856549,0.9382153396830403,0.34598602613946966,-0.0022453955027097673,-0.2168709466454415,0.38432765646234834,0.34967945719693355
1774368228.527472,base,527342101,1774368228,-0.006371620249471537,0.9382152990741925,0.3459861531022263,-0.0022443039105437186,-0.2168700047694843,0.3843279265248235,0.34967938442503627
1774368228.528506,base,528361346,1774368228,-0.006372328370141022,0.9382155032179255,0.34598558166544274,-0.002245046169515683,-0.21686795248676902,0.38432895480128715,0.34967877917364637
1774368228.529483,base,529337579,1774368228,-0.006369595892260066,0.9382156504001558,0.34598523330387415,-0.002244978406564154,-0.21686828098663335,0.3843263280249732,0.3496768953192772
1774368228.5303822,base,530305706,1774368228,-0.006370412221040552,0.9382147711095815,0.345987601976459,-0.002245083185320842,-0.21687074708959267,0.38432545869575335,0.3496775285944541
1774368228.531472,base,531341049,1774368228,-0.006370221858812756,0.9382147440876197,0.34598767912121137,-0.002245027035330826,-0.21687076148182727,0.38432533702998745,0.3496774091906301
1774368228.5324483,base,532324146,1774368228,-0.006367448842336744,0.9382146558894767,0.34598797362526595,-0.0022443654144063017,-0.21687091331582717,0.3843253139640739,0.34967494337712046
1774368228.5334897,base,533341949,1774368228,-0.006367709870085664,0.9382149174388479,0.3459872574335385,-0.0022446959358908007,-0.2168697939665581,0.38432500830953054,0.34967545918936027
1774368228.534484,base,534364854,1774368228,-0.006371550756782199,0.9382157126497986,0.34598502768812495,-0.002245104369893075,-0.21686925392735196,0.3843280618721549,0.34967887669861497
1774368228.5354364,base,535312373,1774368228,-0.0063667419586941705,0.9382151484453406,0.3459866531111496,-0.002244035085311881,-0.21686873954315658,0.3843256416162074,0.349674507770257
1774368228.5363765,base,536305771,1774368228,-0.00636643435154042,0.9382148799877453,0.3459873881445706,-0.00224381998525971,-0.21686892013089795,0.38432555247084815,0.3496742080224352
1774368228.5373807,base,537239582,1774368228,-0.006368742771558743,0.9382149648620599,0.34598712378479324,-0.0022425430919914887,-0.2168679020287938,0.38432768051507354,0.349675972334481
1774368228.5384972,base,538346025,1774368228,-0.006367446203769139,0.938213628773667,0.3459907665223264,-0.0022431882406305933,-0.21687089252409872,0.3843256011896014,0.3496747403697297
1774368228.539473,base,539341811,1774368228,-0.0063707282460051685,0.9382136506274221,0.3459906419992583,-0.002243935587795192,-0.2168725931248579,0.3843250286385914,0.3496779663637794
1774368228.5404587,base,540402116,1774368228,-0.0063691053263901735,0.9382142558159948,0.34598903217718846,-0.0022437232611867003,-0.2168713605306766,0.3843258335724259,0.3496765372218795
1774368228.5414188,base,541364911,1774368228,-0.00636860394129558,0.9382143539763668,0.3459887758782218,-0.002243622703859825,-0.216871105640948,0.3843257905410639,0.3496760854887284
1774368228.5424168,base,542371009,1774368228,-0.0063716787944603295,0.9382152728906467,0.34598621966925486,-0.00224482138438324,-0.2168705371989333,0.38432683604046697,0.3496786747758189
1774368228.543385,base,543337515,1774368228,-0.006370563146116532,0.9382146518808941,0.34598792242217646,-0.0022450967016664986,-0.21686973287599665,0.384327222116046,0.34967801783338975
1774368228.544407,base,544349871,1774368228,-0.006370624718955648,0.9382149822760194,0.345987029245689,-0.002244497102138684,-0.21687063550854682,0.3843259993842207,0.34967826397691276
1774368228.5454676,base,545373761,1774368228,-0.006369675829539773,0.9382148717716953,0.34598734925483243,-0.0022440525534586273,-0.21687071487483883,0.38432626445773244,0.3496768041248743
1774368228.546451,base,546403175,1774368228,-0.006369998442236313,0.9382147699424663,0.3459876196014494,-0.0022440285589971107,-0.21687102726354887,0.3843262917190299,0.34967708401081987
1774368228.547394,base,547342128,1774368228,-0.0063686432689442655,0.9382139735438502,0.3459898130550378,-0.0022426529184334516,-0.21687113395577504,0.3843246201563673,0.34967592204568165
1774368228.548461,base,548408470,1774368228,-0.006373463742623442,0.9382140237291098,0.3459895722844052,-0.0022451076609531547,-0.21687145891968435,0.38432704155982556,0.34968052515180637
1774368228.5493991,base,549349253,1774368228,-0.006372442670481504,0.9382146945489728,0.34598778049986884,-0.0022438029244218525,-0.21687109045634592,0.3843274925882863,0.34967944084513175
1774368228.5504522,base,550400227,1774368228,-0.006372433478412825,0.9382149346750912,0.34598711720152014,-0.0022457013958329278,-0.2168709044942412,0.3843266495655237,0.34968004149556725
1774368228.5513947,base,551339211,1774368228,-0.006372114535036902,0.9382152122222595,0.3459863705566921,-0.0022456847731620274,-0.2168706257842189,0.38432656189477915,0.3496797606754649
1774368228.552444,base,552396484,1774368228,-0.006373029036551264,0.9382160349752033,0.34598412092455366,-0.002245948434676674,-0.21686885284988883,0.38432682626227294,0.3496805875048319
1774368228.5533314,base,553282205,1774368228,-0.0063693976948909084,0.9382137717741476,0.3459903394252775,-0.0022437135987618626,-0.2168707178818213,0.38432550510183866,0.34967675954909594
1774368228.5544527,base,554407645,1774368228,-0.006370730488606989,0.9382159420207935,0.3459844203403437,-0.00224517545708052,-0.2168693016936909,0.3843267096309582,0.34967817193542916
1774368228.5553904,base,555338458,1774368228,-0.006371236831229763,0.9382139811302327,0.3459897343969638,-0.002244247071564507,-0.21687024968412583,0.38432624216891775,0.34967817374672555
1774368228.5564492,base,556398155,1774368228,-0.0063712159480029465,0.9382136370817187,0.3459906678926529,-0.0022442220106277666,-0.21687058502092635,0.38432603221769823,0.3496781517286547
1774368228.5573623,base,557311229,1774368228,-0.006369835540718262,0.9382147417526121,0.34598769549640224,-0.0022445753167330573,-0.21686961608059646,0.3843258103335471,0.349677284966297
1774368228.5583448,base,558300564,1774368228,-0.006372276396251308,0.9382135349049803,0.3459909247571657,-0.002244326249105498,-0.21687264392812125,0.38432530400647613,0.3496796838897675
1774368228.559362,base,559305167,1774368228,-0.006372706711001062,0.9382144677558725,0.34598838849049074,-0.0022441329046565895,-0.21687148187894445,0.3843269380579726,0.3496797211835632
1774368228.5603917,base,560344827,1774368228,-0.00637393270189096,0.9382137590370645,0.34599027476451094,-0.002246130857942088,-0.21687248608943685,0.3843265467552368,0.3496808706491136
1774368228.5614212,base,561362959,1774368228,-0.006373677022628806,0.9382138789844814,0.3459899516401303,-0.002246527579260122,-0.21687245940616406,0.3843263794073632,0.34968071996965694
1774368228.5624583,base,562415365,1774368228,-0.006369418092182997,0.9382129201985268,0.34599264139959857,-0.002244767927565901,-0.21687155184128415,0.3843245981926099,0.34967727538334775
1774368228.5632923,base,563246644,1774368228,-0.006370565229796648,0.9382132645177917,0.34599168774952654,-0.0022445912222867344,-0.21687286173237932,0.38432462474886325,0.349677940147995
1774368228.5643456,base,564306747,1774368228,-0.0063731466689613695,0.9382128219775054,0.34599284110337214,-0.002244456227732213,-0.21687304857043196,0.3843254766446845,0.34967961366508576
1774368228.565442,base,565340249,1774368228,-0.00637168412679767,0.938213889339576,0.34598996846672037,-0.002245264370205532,-0.21687136683183705,0.38432598494863035,0.34967823036072443
1774368228.5664756,base,566346633,1774368228,-0.006371789680562731,0.9382140651694155,0.34598949002133966,-0.0022452192141397807,-0.21687138699881647,0.38432624750549793,0.34967831807067107
1774368228.567479,base,567342928,1774368228,-0.006372267473030051,0.9382145593126451,0.34598814426711405,-0.0022447555835773698,-0.21687125354748377,0.38432651089269865,0.3496797392799117
1774368228.5686252,base,568401320,1774368228,-0.006372282111350894,0.9382144214902502,0.34598851697968375,-0.0022448711783935,-0.21687249063161534,0.38432677293948664,0.3496794995647486
1774368228.5694075,base,569283546,1774368228,-0.006372197445538973,0.9382141786159476,0.3459891758630681,-0.002245067774702698,-0.21687106088886632,0.38432614910794793,0.34967941178010115
1774368228.5704944,base,570353899,1774368228,-0.006371121126107639,0.9382145625825262,0.3459881633531013,-0.00224370078735147,-0.21686992278867195,0.384327304612954,0.3496785755550355
1774368228.571467,base,571337934,1774368228,-0.006370768901119813,0.9382145592631127,0.34598817921774694,-0.002243642556218,-0.21686982196019353,0.38432709803024745,0.34967825806661257
1774368228.5725224,base,572378493,1774368228,-0.006369875668042019,0.9382134102171518,0.34599130752692214,-0.002244256778268048,-0.21687130722947653,0.3843263449807695,0.34967730077308606
1774368228.5734408,base,573315337,1774368228,-0.006372323249268469,0.9382139984804615,0.3459896628692147,-0.0022449363818579245,-0.21687190678883703,0.384325878999233,0.34967953250662853
1774368228.5745127,base,574365015,1774368228,-0.006372226440130462,0.9382131836883836,0.3459918775958765,-0.002244397732813648,-0.21687201609701162,0.38432601165732816,0.3496790780163617
1774368228.575393,base,575287345,1774368228,-0.006369965074588657,0.9382134865487074,0.34599109524085153,-0.0022448200602430985,-0.21687129092446555,0.38432435162095374,0.34967744335081324
1774368228.5764267,base,576333718,1774368228,-0.0063697447420720255,0.9382135380430471,0.34599095986821604,-0.0022447882170171718,-0.21687122285229424,0.384324211880158,0.34967724544598344
1774368228.5773833,base,577291717,1774368228,-0.006370730221708829,0.9382137005445679,0.34599050235480727,-0.002244590648276957,-0.21687128486922608,0.38432486501918767,0.34967805604915525
1774368228.5784154,base,578346038,1774368228,-0.0063725585894347705,0.9382137768274781,0.34599025850289045,-0.002245103393260842,-0.21687088542790775,0.3843256634569323,0.34967973774121763
1774368228.579413,base,579279101,1774368228,-0.006373683823939325,0.9382137074581647,0.34599041935816977,-0.002246108740820813,-0.21687237037854032,0.3843263466316292,0.34968064813383226
1774368228.5804393,base,580339695,1774368228,-0.006367377208105948,0.9382153908380351,0.34598598316891993,-0.0022441819798757266,-0.2168692761804747,0.3843259345632149,0.34967540977141953
1774368228.5813708,base,581304193,1774368228,-0.006367098409594424,0.9382153315746944,0.3459861515820933,-0.002243784624585865,-0.21686924943629618,0.38432596453850904,0.34967509904056876
1774368228.5824232,base,582349842,1774368228,-0.006371746655031259,0.9382136610050476,0.3459905899655805,-0.0022447278987340214,-0.21687283987498798,0.3843254966282652,0.34967873799207416
1774368228.5834007,base,583328920,1774368228,-0.006370602639657471,0.9382137787707047,0.3459902852885936,-0.002245714300710761,-0.2168728521447236,0.38432476721704073,0.34967817858007333
1774368228.5844662,base,584387288,1774368228,-0.006368094314580777,0.9382151274413405,0.345986682015678,-0.0022445228472881013,-0.21686989071613164,0.38432521174777273,0.34967577597611565
1774368228.5854065,base,585342487,1774368228,-0.006370146745260883,0.9382138555418321,0.3459900928047419,-0.0022445892140945437,-0.21687105769462595,0.3843258784807298,0.349677304815926
1774368228.5864618,base,586377335,1774368228,-0.0063697298700629125,0.9382137896420041,0.345990280103752,-0.002244446635374593,-0.21687074526469166,0.3843260105131196,0.3496769160664908
1774368228.5874248,base,587331142,1774368228,-0.006368070274524844,0.9382140889373987,0.3459895036960208,-0.00224373183046815,-0.2168712108791355,0.38432512561630305,0.34967536490045487
1774368228.5884721,base,588397870,1774368228,-0.006370724776956333,0.9382129169840402,0.3459926285977226,-0.002244376562242181,-0.2168742691321479,0.384323817314318,0.3496780581936392
1774368228.5894406,base,589352363,1774368228,-0.006369202620312104,0.9382141205827778,0.3459893931852609,-0.0022443262600227486,-0.21687154949096923,0.38432487901705864,0.3496764357902121
1774368228.5904434,base,590350417,1774368228,-0.006369904296089692,0.9382133101014078,0.3459915851453352,-0.0022432290200728173,-0.2168723028311734,0.3843249773681641,0.3496771113187632
1774368228.5913358,base,591258239,1774368228,-0.006369687347019018,0.9382132020423698,0.3459918859702582,-0.0022426411323316735,-0.21687253916537644,0.38432485954357654,0.3496768224270812
1774368228.5924292,base,592341515,1774368228,-0.006369686831930292,0.938213524657346,0.34599100852345244,-0.0022430471745373457,-0.21687368378036967,0.3843250351758165,0.3496769355649698
1774368228.5933723,base,593290874,1774368228,-0.0063687422377911,0.9382132696399154,0.3459917096032371,-0.0022442548244971695,-0.21687162916065236,0.3843250454499022,0.34967629699347136
1774368228.5944293,base,594331554,1774368228,-0.006369987543734232,0.9382143675534381,0.34598870941586785,-0.002244266413958786,-0.2168711742166585,0.38432613009571914,0.34967738344756993
1774368228.5954177,base,595306752,1774368228,-0.006373080173883481,0.9382151329658005,0.345986563133965,-0.0022463868343119667,-0.2168718074370743,0.3843270811959351,0.3496801785974926
1774368228.5964746,base,596394039,1774368228,-0.006372749639474835,0.9382152498505896,0.34598624963695473,-0.0022467914863896587,-0.21687175157070862,0.38432685059611216,0.3496799636733407
1774368228.5973942,base,597290761,1774368228,-0.006364754004842856,0.9382121862296166,0.34599473112466583,-0.00224266597408772,-0.21687266943745157,0.3843237554460714,0.3496737157181687
1774368228.5985057,base,598409965,1774368228,-0.006370008181598248,0.938213773738898,0.3459903193534168,-0.0022442540192372648,-0.21687195067258777,0.3843257555257702,0.3496777842024077
1774368228.5993993,base,599311029,1774368228,-0.006366788632068186,0.9382145029114043,0.34598840491009364,-0.0022437016267975616,-0.21686971099419036,0.3843252000135443,0.34967462836624824
1774368228.6003973,base,600322422,1774368228,-0.006368547477971075,0.9382134402298046,0.3459912561544912,-0.0022433991648938465,-0.2168716990485068,0.3843250853559081,0.3496757644412469
1774368228.6014178,base,601303701,1774368228,-0.006368591790791661,0.938213357978601,0.34599147806844155,-0.0022434467087280377,-0.2168719150422873,0.38432478915882773,0.3496757805744776
1774368228.6024976,base,602405759,1774368228,-0.0063694143962106115,0.9382134479920603,0.34599121689797,-0.002243746099891223,-0.21687111330516193,0.3843251512790263,0.34967652779742364
1774368228.603453,base,603364465,1774368228,-0.006370634107157081,0.938214132832997,0.3459893288522059,-0.002245059887897092,-0.21687108442693864,0.3843256200802195,0.3496780719578702
1774368228.6044307,base,604324345,1774368228,-0.006371541143852563,0.93821334771778,0.34599144331228826,-0.0022447232185738427,-0.216870948367944,0.3843256616119609,0.34967879691139675
1774368228.605424,base,605308927,1774368228,-0.006368844388641337,0.938214047017652,0.34598959870971246,-0.0022444118616027978,-0.21687095968789993,0.38432522487278575,0.3496761339882055
1774368228.6064906,base,606399005,1774368228,-0.006369066481530941,0.9382140845543622,0.3459894922646031,-0.002244499600371741,-0.21687122993366348,0.3843250626953024,0.349676340617908
1774368228.6073763,base,607300526,1774368228,-0.0063699333041644405,0.9382141491252204,0.3459893033044206,-0.0022441768782744693,-0.21687091419698787,0.3843265250471239,0.34967731431813875
1774368228.6084583,base,608389021,1774368228,-0.006370972976252109,0.9382148519749642,0.3459873763315782,-0.0022444723483980855,-0.21687029543928218,0.38432621870883255,0.349678257715492
1774368228.6093729,base,609298013,1774368228,-0.006370363639282142,0.9382130507319083,0.34599228339608745,-0.002242706799937015,-0.21687147212068125,0.3843253149030698,0.34967689977700656
1774368228.6104453,base,610377513,1774368228,-0.006368776110053381,0.9382140545405461,0.34598958200040625,-0.0022440366827076617,-0.216870945720921,0.3843255688146073,0.34967685997565406
1774368228.6114502,base,611337136,1774368228,-0.006368861054884943,0.9382140039959578,0.34598971526084354,-0.002244381531022021,-0.21687122800069192,0.3843253396608285,0.3496769942777311
1774368228.6124985,base,612419458,1774368228,-0.006370859690853911,0.9382146908351503,0.3459878066687314,-0.0022458148773633934,-0.216869562840043,0.3843256448006055,0.3496786540922212
1774368228.6134424,base,613319475,1774368228,-0.0063715143620511035,0.9382150399746368,0.3459868517426757,-0.002245215204905868,-0.21686930657994732,0.38432592039968977,0.34967882521070354
1774368228.6144786,base,614393713,1774368228,-0.006374565216318201,0.9382146158669209,0.34598794445297293,-0.002245391991509434,-0.21687119403924981,0.38432793384758185,0.3496807355684248
1774368228.615422,base,615305338,1774368228,-0.006369548024305092,0.9382146303429514,0.3459880026224628,-0.0022446179460757086,-0.21687015519182468,0.3843257871921281,0.3496765094425249
1774368228.6164682,base,616383608,1774368228,-0.0063695506494579265,0.9382146624410652,0.34598791556460584,-0.0022446131919475563,-0.21687014430034854,0.38432579299944947,0.34967651117254517
1774368228.6173792,base,617295976,1774368228,-0.0063708761635268155,0.9382151053157393,0.3459866862109977,-0.0022452302817059814,-0.21687033737883804,0.38432616482928833,0.3496780138917912
1774368228.6184568,base,618380700,1774368228,-0.006372077851998093,0.9382136182071409,0.3459907010773596,-0.002244549511738807,-0.21687092123873983,0.3843269821609219,0.34967979795497084
1774368228.6193855,base,619295768,1774368228,-0.00637346097489828,0.9382133056721614,0.3459915225326583,-0.002244635928151653,-0.21687066701723726,0.38432700421254473,0.3496801597655127
1774368228.6204526,base,620379136,1774368228,-0.006370319247989558,0.9382151569817869,0.3459865632323031,-0.0022441713435506793,-0.21686963723409414,0.38432682170125393,0.34967764629309556
1774368228.6215236,base,621399585,1774368228,-0.006369994002528048,0.9382152853059217,0.34598622159026,-0.002244117740034728,-0.21686952662821937,0.3843266493497179,0.34967735356713653
1774368228.6225321,base,622434448,1774368228,-0.006371678616530913,0.9382151730296528,0.34598648881099503,-0.002245076565580588,-0.2168683064896917,0.3843279663207157,0.34967895823021955
1774368228.623459,base,623355775,1774368228,-0.006371173346306105,0.9382149243296444,0.3459871773933864,-0.002244324991724189,-0.21687047598922998,0.3843268749669703,0.34967815090428783
1774368228.6244936,base,624421537,1774368228,-0.006368132169993279,0.9382136748515404,0.34599062442615647,-0.0022438857885266963,-0.2168708642672665,0.3843253124428459,0.3496754376467442
1774368228.6253576,base,625284131,1774368228,-0.00636909445777379,0.938213688878611,0.3459905651895806,-0.0022444233939881335,-0.21686972481603273,0.3843262884155196,0.3496769239388439
1774368228.6265259,base,626430767,1774368228,-0.00636883379883146,0.9382135933934356,0.34599082956847305,-0.0022443222451129403,-0.21686954032876024,0.38432640200996754,0.3496766817435065
1774368228.6274164,base,627343857,1774368228,-0.0063696961503735584,0.938214874862235,0.345987337518927,-0.0022445121422453467,-0.21686909549265557,0.3843259556307972,0.3496774330865385
1774368228.628517,base,628426456,1774368228,-0.006372939714040214,0.9382155768768025,0.3459853674726776,-0.002245537781062289,-0.21686990049131966,0.3843279406147009,0.34967989392334353
1774368228.6293576,base,629284845,1774368228,-0.00637128399068977,0.9382145478259459,0.34598818759984273,-0.0022456690410310462,-0.21687139163512845,0.3843273910339896,0.3496798855687625
1774368228.6304464,base,630362264,1774368228,-0.006371623027894727,0.9382149644994451,0.3459870541390945,-0.0022452566549739793,-0.2168687875761252,0.38432746334795226,0.3496785114683386
1774368228.6314359,base,631321785,1774368228,-0.0063717227361442235,0.938214854797682,0.34598735158790206,-0.0022449782911390715,-0.21686879417102656,0.38432734046939615,0.3496782973551748
1774368228.6325195,base,632433060,1774368228,-0.00637299241893606,0.9382136524379125,0.3459905888805499,-0.002244939382317344,-0.21687216027418948,0.38432618320607675,0.34967934739172213
1774368228.633426,base,633341894,1774368228,-0.006374097396411893,0.9382156570999365,0.34598512435737566,-0.0022461919612203314,-0.2168691019241475,0.38432785120275065,0.3496809897368921
1774368228.6345003,base,634376861,1774368228,-0.006374030639280755,0.9382141230838082,0.3459892876001733,-0.002245850710701468,-0.2168704507114629,0.38432708860640924,0.3496797521768783
1774368228.635437,base,635347811,1774368228,-0.006376464116874246,0.9382148194376426,0.3459873564365066,-0.0022455464892662262,-0.2168705903732333,0.38432922190181534,0.34968283576385084
1774368228.63638,base,636277102,1774368228,-0.0063761394796897925,0.9382147949382456,0.3459874294433579,-0.002245455744138821,-0.2168706001967686,0.3843291114021286,0.3496827871078291
1774368228.6373565,base,637287241,1774368228,-0.006372871954505639,0.938213255511429,0.34599166808501963,-0.0022448388456606746,-0.21687219742947708,0.38432631130782385,0.34967967759304514
1774368228.6385224,base,638419727,1774368228,-0.006374440746366207,0.9382146457345482,0.3459878622679364,-0.002245929124187921,-0.21687118525930635,0.38432645218605727,0.34968181092412626
1774368228.6393578,base,639284090,1774368228,-0.006372072786232618,0.938214673832338,0.345987834900936,-0.002245126867037762,-0.2168699475097108,0.3843264787616509,0.3496790482815729
1774368228.640412,base,640312553,1774368228,-0.006371146093436058,0.9382134067924852,0.34599128988564964,-0.0022448018975080217,-0.21687089051067002,0.38432588950022084,0.3496781960599375
1774368228.64136,base,641268664,1774368228,-0.006371104931840746,0.9382132351596788,0.34599175611557464,-0.002244792466440658,-0.21687094271991428,0.3843258302617779,0.3496781592680319
1774368228.6425316,base,642405771,1774368228,-0.006372969648714444,0.9382144215826437,0.34598850190709995,-0.0022452038398607537,-0.21686977277877906,0.384327244700287,0.349679836766862
1774368228.6434336,base,643337102,1774368228,-0.0063708086315392536,0.9382134087480039,0.34599128393752776,-0.0022458588763267315,-0.21687086698679572,0.38432532711679435,0.34967835475593234
1774368228.6445477,base,644425532,1774368228,-0.006370113292137433,0.9382144472041327,0.34598849109732016,-0.0022442687648231477,-0.21687039426694088,0.38432628604435,0.3496774968686159
1774368228.6453438,base,645254953,1774368228,-0.006372016260417523,0.9382151196429005,0.3459866283065456,-0.0022449310241284496,-0.21687043804067588,0.38432637193652414,0.34967898569951683
1774368228.646445,base,646360923,1774368228,-0.006371987517040763,0.9382152727082558,0.34598621410516933,-0.00224487888935701,-0.2168703471614402,0.38432621922062404,0.3496789481432198
1774368228.6474307,base,647320177,1774368228,-0.006370461654394963,0.9382138988216543,0.345989966546782,-0.0022450668447306366,-0.21687244855499332,0.38432487825513156,0.349677938151884
1774368228.6484811,base,648352541,1774368228,-0.0063700211430474055,0.9382148705381762,0.3459873334370773,-0.00224602599522098,-0.2168715548443796,0.3843265386760435,0.3496785936483399
1774368228.6494246,base,649332174,1774368228,-0.006369985292928673,0.9382128056965956,0.34599294734633307,-0.002243858482098093,-0.21687292535975475,0.3843245446605774,0.34967798527640714
1774368228.6504002,base,650290544,1774368228,-0.006367532661754359,0.9382142740289524,0.3459890151079544,-0.0022432032353598913,-0.2168706314261099,0.38432536657864425,0.34967518008437126
1774368228.6513925,base,651310494,1774368228,-0.006367504523438653,0.9382143623969071,0.3459887769164278,-0.0022430617876631853,-0.21687061309549716,0.3843253598748953,0.34967504755242407
1774368228.6524422,base,652338693,1774368228,-0.006370902721920822,0.9382149473358352,0.3459871195253321,-0.0022443967312462698,-0.2168704957094518,0.3843265669183561,0.3496785222826752
1774368228.653427,base,653325824,1774368228,-0.006372257068061383,0.9382149755049531,0.34598700877147875,-0.00224584938573592,-0.21687207554870505,0.38432576027760273,0.3496796373296911
1774368228.6544523,base,654331553,1774368228,-0.006371721060859399,0.9382156165335834,0.3459852857436265,-0.002245019405641235,-0.21686980451754445,0.38432712922135837,0.3496790115870556
1774368228.655381,base,655299216,1774368228,-0.006370299298165021,0.9382142544649309,0.34598901054412273,-0.002244234471852595,-0.2168715295828496,0.3843249912800698,0.349677640832195
1774368228.6564453,base,656329053,1774368228,-0.006370087503910268,0.9382142270025742,0.34598908975038006,-0.0022441053580699397,-0.21687145073719089,0.3843248598553782,0.34967743218889924
1774368228.6573942,base,657316687,1774368228,-0.0063672603063521,0.93821378361697,0.345990348829339,-0.002243377871143045,-0.21687170073684456,0.38432369495848384,0.3496754278376396
1774368228.6584957,base,658398970,1774368228,-0.006370263156427803,0.9382131080361632,0.34599211969356863,-0.002244274134782437,-0.21686999205062787,0.3843257332330878,0.34967732085690895
1774368228.6593263,base,659246645,1774368228,-0.006372299728417503,0.9382136498070026,0.3459906072820805,-0.0022451691632530335,-0.21686993544144562,0.3843276637855032,0.3496798224134891
1774368228.6604297,base,660327491,1774368228,-0.006371150890534026,0.9382140079165467,0.3459896598294582,-0.0022447887642023196,-0.2168718712881061,0.38432620832189596,0.3496784921155743
1774368228.6613164,base,661248687,1774368228,-0.006370926693323623,0.9382141027639317,0.34598940738889883,-0.002244692098593211,-0.21687198047427056,0.38432596945280606,0.34967828230272624
1774368228.6624649,base,662350921,1774368228,-0.006370118777057906,0.9382135424665886,0.345990947733176,-0.0022437481497384897,-0.21687184837051898,0.38432568386349697,0.3496768796870879
1774368228.6634562,base,663353214,1774368228,-0.006371644921341279,0.9382144464061858,0.34598847611053035,-0.002242564256301449,-0.21687109336006624,0.38432667243034013,0.34967851781739107
1774368228.6645737,base,664430840,1774368228,-0.006369108954206474,0.9382140745483155,0.34598952294048513,-0.0022438328798409482,-0.21686990438743706,0.38432577632422193,0.34967652936419763
1774368228.6661391,base,666018528,1774368228,-0.006369761818708985,0.9382151586703914,0.34598656216441886,-0.0022452120416633758,-0.21686843625029184,0.3843279479627067,0.3496773401999377
1774368228.6664402,base,666354049,1774368228,-0.006369714584197738,0.938215183850318,0.34598649419364524,-0.0022452982920963915,-0.2168684406367017,0.38432792447060343,0.3496773149659302
1774368228.6673894,base,667298672,1774368228,-0.006371478784936965,0.9382146957305043,0.3459877777339871,-0.002246471034184948,-0.21687140892910545,0.38432621333069134,0.34967906535763915
1774368228.668462,base,668325223,1774368228,-0.006368754598044618,0.9382153375565522,0.34598610020096626,-0.002244505790063332,-0.21687076564891958,0.3843267674469945,0.3496766722948952
1774368228.6694257,base,669309318,1774368228,-0.006368607662287549,0.9382144310938773,0.3459885637719816,-0.002244072779022776,-0.2168719061800623,0.3843267703781873,0.349676185777028
1774368228.670514,base,670391069,1774368228,-0.0063670371320352324,0.9382139040108252,0.3459900254839454,-0.0022435294836872836,-0.21687091251089666,0.3843253547965383,0.34967443616801785
1774368228.671438,base,671310265,1774368228,-0.006366978419252394,0.9382140464270365,0.34598964068006033,-0.002243482760796104,-0.2168708387852604,0.3843253784839831,0.34967437723468925
1774368228.6724606,base,672334069,1774368228,-0.006365157733647504,0.9382142548445954,0.34598911081197625,-0.002243205956751199,-0.21687088943011373,0.3843240618331907,0.3496738502387084
1774368228.6734235,base,673326560,1774368228,-0.006369969456550562,0.9382147212807238,0.3459877542510677,-0.0022436955138984914,-0.21687033138688858,0.38432672251893457,0.3496776383531872
1774368228.6744244,base,674323166,1774368228,-0.006371215165488191,0.9382147203162777,0.34598772754660484,-0.0022446795539534537,-0.21687035441410996,0.3843264000763564,0.34967698152638044
1774368228.6754375,base,675302806,1774368228,-0.006370698483545005,0.9382150596871385,0.3459868154147636,-0.0022448911424264254,-0.21686898979847238,0.3843273181602037,0.34967887816337423
1774368228.6764607,base,676323625,1774368228,-0.006370194988544779,0.9382148848344127,0.34598729957948604,-0.002244776303444044,-0.21686894077488914,0.3843272771115461,0.34967901678806657
1774368228.6774583,base,677346601,1774368228,-0.006370159660049711,0.9382133588528532,0.34599144272238935,-0.0022440808435365465,-0.21687159485667584,0.38432708085007206,0.34967771090334876
1774368228.6784608,base,678347163,1774368228,-0.0063697476320055,0.9382128088006123,0.34599294187064666,-0.0022440796032323533,-0.21687238443036908,0.38432496807689237,0.3496772992111517
1774368228.6794357,base,679310431,1774368228,-0.006366311276971235,0.9382143711397581,0.34598876584949834,-0.0022444984950082884,-0.2168705626656344,0.3843246328368804,0.3496742897433605
1774368228.6805212,base,680387528,1774368228,-0.006366788087979584,0.9382156414368713,0.34598531299721325,-0.002244407018192908,-0.21686892795909815,0.3843253786888063,0.3496749270211123
1774368228.681434,base,681338427,1774368228,-0.006367147509395087,0.938215624245926,0.345985354050933,-0.0022442450114852725,-0.21686888588969222,0.38432538892566603,0.3496751942679164
1774368228.6824613,base,682316275,1774368228,-0.006368383721073242,0.9382141361911803,0.34598936773140626,-0.0022440491617440415,-0.2168702940480768,0.3843245485073874,0.3496762354645339
1774368228.6833973,base,683308387,1774368228,-0.006370835294713909,0.9382153280010956,0.3459860893036956,-0.0022442748894040965,-0.21686975580139595,0.3843271439233001,0.34967811573913404
1774368228.6844323,base,684316991,1774368228,-0.006368439894239534,0.9382151691331445,0.34598656040544606,-0.0022448609282397962,-0.21687008774604072,0.38432591654690634,0.34967559455069214
1774368228.685396,base,685293146,1774368228,-0.006370665700445007,0.9382129928325885,0.3459924302055878,-0.002243421289393835,-0.2168730213119226,0.384325437690199,0.34967814123509755
1774368228.6865673,base,686393606,1774368228,-0.006370755389939069,0.938212810398564,0.34599292602933046,-0.0022429929674620402,-0.21687307423317778,0.38432522553241005,0.34967813983771584
1774368228.6874244,base,687313759,1774368228,-0.006369534789549074,0.9382140051550184,0.3459897072790904,-0.0022432152088399495,-0.216870635989166,0.3843254268404204,0.34967653055859366
1774368228.6884856,base,688366726,1774368228,-0.006371504129030887,0.9382140410894699,0.34598956520160196,-0.0022445064728630975,-0.21687130222644033,0.3843265274903735,0.3496782028472209
1774368228.6894093,base,689289374,1774368228,-0.006370627025664379,0.9382134918600818,0.34599107510711025,-0.002243824689679864,-0.21687195511459806,0.38432591746737443,0.34967786739508444
1774368228.6904755,base,690360709,1774368228,-0.006372134744619982,0.9382133763226848,0.3459913621392295,-0.0022435937745648453,-0.21687120453284287,0.3843268044370909,0.34967941746149833
1774368228.691435,base,691350151,1774368228,-0.006371926825559413,0.93821321728154,0.3459917998930424,-0.0022431837919928673,-0.21687089651587416,0.38432699178290636,0.34967916046725117
1774368228.6924973,base,692373450,1774368228,-0.006372918220252915,0.9382133554074182,0.3459913965464372,-0.002244808311966465,-0.21687171823125515,0.38432628219464043,0.34967947554693707
1774368228.6934314,base,693323433,1774368228,-0.006371421110975943,0.938214214490604,0.34598910159460095,-0.0022437242625023565,-0.21687180537058517,0.3843260950165855,0.3496788356438184
1774368228.6943803,base,694307139,1774368228,-0.006370262877647054,0.9382134619840934,0.34599115968814237,-0.00224430843384795,-0.21687149483684703,0.38432496222405715,0.3496773529930591
1774368228.6953719,base,695309289,1774368228,-0.0063712441756404925,0.9382129020410305,0.34599266008508667,-0.002244294688264039,-0.2168724094226188,0.38432501568764227,0.34967821314995334
1774368228.6963687,base,696319676,1774368228,-0.006371252683331045,0.9382127241144103,0.34599314229899925,-0.002244310835669061,-0.21687241155089562,0.38432499333850745,0.34967822271783017
1774368228.69734,base,697280496,1774368228,-0.006372750958823738,0.9382135096566016,0.34599098429548736,-0.002244354984980495,-0.2168718799366811,0.38432587861284895,0.34967978289711915
1774368228.698299,base,698245456,1774368228,-0.006370232902057742,0.9382151481054234,0.3459865886565994,-0.002244207668885039,-0.21687034173430877,0.38432619121047296,0.3496773215004291
1774368228.699508,base,699321198,1774368228,-0.006374468568464369,0.9382141697110324,0.34598916465911844,-0.002244068268402443,-0.21687253140507698,0.3843271307474666,0.3496795868462349
1774368228.7004733,base,700390510,1774368228,-0.0063737421305140405,0.9382133633132155,0.3459913598736104,-0.002244817268246158,-0.21687337505765422,0.38432695896140656,0.34968038128047635
1774368228.7013972,base,701288693,1774368228,-0.006373518177977464,0.9382133728018399,0.34599133860418574,-0.002244765625750741,-0.21687335581172026,0.3843269436752076,0.34968042759151297
1774368228.702405,base,702331315,1774368228,-0.006373860831113606,0.9382135298408747,0.3459909101895888,-0.0022441897895677547,-0.21687216987046354,0.3843266095367786,0.3496809843141643
1774368228.7034335,base,703318708,1774368228,-0.006373891578686369,0.9382132895247042,0.3459915556974068,-0.002245050437085257,-0.21687282149183998,0.3843254892002473,0.34968087673896125
1774368228.7043855,base,704271615,1774368228,-0.006371667509002459,0.938214000531813,0.34598967200077524,-0.0022445329228307324,-0.21687093236257338,0.3843266704535975,0.3496791774616332
1774368228.705337,base,705247326,1774368228,-0.006369629621889609,0.9382139950402202,0.3459897299536468,-0.0022436790662078657,-0.21687201272100226,0.38432566273937424,0.34967671147932794
1774368228.7064774,base,706381234,1774368228,-0.006369536111675705,0.9382140657838359,0.3459895400673238,-0.0022436441535667847,-0.21687183750863823,0.3843255075331567,0.34967662389957266
1774368228.7073715,base,707297297,1774368228,-0.006370777148719966,0.9382132375911224,0.3459917609677446,-0.002243958498804628,-0.21687228839658212,0.3843249786518943,0.3496780262850391
1774368228.7083833,base,708270696,1774368228,-0.006370390315659756,0.938213409738123,0.34599130975228665,-0.0022426526008968626,-0.21687235956210146,0.38432524736383716,0.3496771891676113
1774368228.7093558,base,709293256,1774368228,-0.006372310259096307,0.9382143566891177,0.3459886952239732,-0.002244402281098636,-0.21687187134383654,0.3843256738922882,0.3496788674248706
1774368228.7104142,base,710324148,1774368228,-0.006373088257182687,0.9382121834726449,0.3459945808758893,-0.002243331022378885,-0.2168739378522697,0.38432631312786436,0.3496799131135342
1774368228.7114108,base,711330187,1774368228,-0.0063735608502023125,0.938211793369513,0.34599563189742827,-0.002243036413064696,-0.21687424485571188,0.38432634234807433,0.3496802712148975
1774368228.7124534,base,712347056,1774368228,-0.006371997903697215,0.938212481361822,0.34599378598562913,-0.0022444417877854447,-0.21687393234836358,0.38432502109431477,0.34967946378656706
1774368228.7134142,base,713317026,1774368228,-0.006373074371492093,0.9382144078881292,0.34598853855156164,-0.0022449822131164286,-0.21687060360310295,0.3843262034747126,0.34968015406348735
1774368228.7144513,base,714380961,1774368228,-0.006369627345864558,0.938214214153284,0.34598913504545065,-0.00224380006051263,-0.21687094500299325,0.3843253419935759,0.3496767285576729
1774368228.7153993,base,715292037,1774368228,-0.006370858247897818,0.9382140233151538,0.3459896273081108,-0.0022441958853538667,-0.21687160383657492,0.38432502498281845,0.3496775813406275
1774368228.7164152,base,716298694,1774368228,-0.006371181466763087,0.9382140640354342,0.34598951048331067,-0.00224426565961379,-0.21687166476930467,0.38432522607539327,0.3496778755515224
1774368228.7174149,base,717316840,1774368228,-0.006372783486979371,0.9382127735467295,0.3459929816543651,-0.0022440655746582498,-0.21687403983006145,0.3843262112966797,0.3496801032285015
1774368228.718449,base,718332310,1774368228,-0.006370002625160641,0.9382140587620214,0.3459895468939706,-0.00224420318926201,-0.21687204939822935,0.38432535723081795,0.34967713652344
1774368228.7193825,base,719272201,1774368228,-0.006370372735762875,0.9382145234131568,0.34598827952524636,-0.002244290308862805,-0.21687099670603496,0.3843257224491977,0.3496777090026967
1774368228.720411,base,720287046,1774368228,-0.006370042649705964,0.9382132819763811,0.34599165501110424,-0.002243823171666771,-0.21687200873396106,0.3843241075403527,0.349676531168902
1774368228.7214358,base,721329884,1774368228,-0.006370648829588971,0.938213226563739,0.3459917931878573,-0.002243965463025628,-0.21687206104481713,0.3843242363688877,0.3496767072430016
1774368228.722426,base,722343298,1774368228,-0.006370364759844725,0.9382151533988997,0.3459865739710303,-0.002243884420934083,-0.21686954025183786,0.3843267746680078,0.34967743933392137
1774368228.7234554,base,723329551,1774368228,-0.006370470163364158,0.9382144004081551,0.34598859720939523,-0.002246458933246787,-0.21687100740057486,0.3843251781912082,0.34967831288668916
1774368228.7243896,base,724296081,1774368228,-0.0063690265134150855,0.9382149570693462,0.34598712295288936,-0.002245124365937575,-0.21687013349725862,0.38432535864227413,0.3496772065579879
1774368228.7254393,base,725345487,1774368228,-0.006370087386825961,0.9382146491148289,0.3459879390654226,-0.002245037702167361,-0.21686919980450983,0.38432655376519476,0.349677920685017
1774368228.7264283,base,726345009,1774368228,-0.006370060269834073,0.9382145092748758,0.34598831915639705,-0.0022449778604464107,-0.21686898594570742,0.38432651899781795,0.3496776458667151
1774368228.7273886,base,727294183,1774368228,-0.00636835167462993,0.9382152439497439,0.34598636368825075,-0.002244161102127331,-0.2168693216078969,0.38432711920001994,0.3496759825562381
1774368228.7284112,base,728342217,1774368228,-0.0063680304481767815,0.9382139799755058,0.34598979737859054,-0.002244120463375483,-0.21687000251061606,0.3843258129747115,0.34967512707777204
1774368228.7293806,base,729301233,1774368228,-0.0063665463369503295,0.9382150834256374,0.34598683007288267,-0.002244490249901664,-0.21686880388219648,0.3843246586474445,0.3496749835539369
1774368228.730348,base,730265454,1774368228,-0.006368971457745552,0.9382151559139015,0.34598658923543146,-0.002244434284339433,-0.21686958225501618,0.3843261270578581,0.3496765045440906
1774368228.7313807,base,731287416,1774368228,-0.006368841386355221,0.9382152808516481,0.3459862528812523,-0.0022444271092604585,-0.2168693352225159,0.38432609481577934,0.34967638758424047
1774368228.7323935,base,732307007,1774368228,-0.00636801994660418,0.9382160644606299,0.3459841432916197,-0.002244393176525017,-0.2168680023662122,0.3843271921106766,0.34967625235948624
1774368228.7333753,base,733296511,1774368228,-0.006369265567732099,0.9382155267331537,0.34598557897962295,-0.0022443241953069796,-0.2168699944718921,0.3843257628131985,0.34967649041367105
1774368228.734551,base,734410391,1774368228,-0.006370094594361912,0.9382165491161271,0.3459827852137762,-0.00224526060909476,-0.21686682830484116,0.38432838097598304,0.34967846635043004
1774368228.7355044,base,735349935,1774368228,-0.0063706573915023245,0.9382163487903539,0.34598331964767176,-0.0022450194819471354,-0.2168660624334927,0.3843290429462185,0.3496784173197187
1774368228.7364557,base,736368138,1774368228,-0.006371194445999007,0.9382164640717304,0.3459829955787213,-0.002245260885727,-0.21686584416083257,0.38432927122513855,0.34967867101044176
1774368228.7374368,base,737343490,1774368228,-0.006369302654344749,0.9382153574030777,0.3459860441134805,-0.002243300117523001,-0.21686858791700894,0.3843279918091504,0.3496763743089479
1774368228.738475,base,738395618,1774368228,-0.006368240224112529,0.9382161648287647,0.34598387355572446,-0.0022433924820699893,-0.2168686596515803,0.3843270922108077,0.349676024361638
1774368228.7393382,base,739245270,1774368228,-0.006368561364895479,0.9382157195603811,0.34598506928106226,-0.0022442884209700076,-0.21686673658744834,0.38432848036524087,0.3496775491886051
1774368228.7404976,base,740401370,1774368228,-0.00636785295998797,0.9382146962443464,0.34598785280285815,-0.0022449749835220484,-0.21686897558645168,0.3843253553049538,0.3496760047571154
1774368228.741429,base,741341555,1774368228,-0.006367879694603295,0.9382144742261613,0.34598845438233267,-0.0022449710125260597,-0.21686902417395013,0.384325392918754,0.34967577867863947
1774368228.742477,base,742392352,1774368228,-0.006368841997003852,0.9382156207054856,0.3459853279304362,-0.002244943809106895,-0.21686565307566516,0.3843280704747191,0.3496764921442023
1774368228.7434278,base,743339306,1774368228,-0.006371761626394054,0.9382150928274777,0.34598670366783874,-0.002245245992561525,-0.21686945189418638,0.38432850497730164,0.3496779981110769
1774368228.7444787,base,744392649,1774368228,-0.006368486185845889,0.9382150668258781,0.34598684134068897,-0.0022441888750108587,-0.2168685175472001,0.3843268099837978,0.349675406894678
1774368228.7454157,base,745339590,1774368228,-0.006369049545099132,0.938214644071325,0.34598797608040727,-0.002244385393013292,-0.21686963032382517,0.38432669544805426,0.34967620352127227
1774368228.746411,base,746340273,1774368228,-0.006369197466630481,0.9382146944422418,0.3459878363356342,-0.0022444518414226045,-0.216869626530459,0.3843266493164516,0.3496764235915478
1774368228.7474093,base,747318613,1774368228,-0.006373377117671103,0.9382142544625027,0.34598895174660804,-0.0022445615985048285,-0.21687160101590344,0.3843273619568079,0.3496806609351748
1774368228.7485075,base,748397253,1774368228,-0.006369631439777266,0.9382152266482767,0.34598639760388245,-0.002242532883204557,-0.2168678788415711,0.38432777459092954,0.3496767420765004
1774368228.749338,base,749260060,1774368228,-0.0063702849032564205,0.9382158569793977,0.3459846627459658,-0.0022446218448080382,-0.2168662473715388,0.38432846223811956,0.34967797133322265
1774368228.7503839,base,750308864,1774368228,-0.0063697997977785826,0.9382153445995125,0.3459860632188225,-0.002244296525698031,-0.21686803092549237,0.384328412677491,0.34967731270679214
1774368228.7514153,base,751339192,1774368228,-0.006370069319011944,0.9382153742888031,0.34598597625905086,-0.0022445260220276355,-0.21686799045512892,0.38432834431722274,0.34967733446082583
1774368228.7524748,base,752396486,1774368228,-0.006372368168819092,0.9382151871049826,0.34598643299191184,-0.0022458394904503057,-0.21686875427074068,0.3843277033671339,0.3496797352256764
1774368228.7534132,base,753336773,1774368228,-0.006375023054091204,0.9382157728791639,0.3459847994318816,-0.0022452536368343175,-0.21687149705772446,0.3843291057793632,0.34968056918592044
1774368228.7544577,base,754380815,1774368228,-0.006371087494845605,0.9382141630295853,0.34598923878605414,-0.0022450343147972147,-0.21686952018964709,0.384327108234086,0.3496789327862843
1774368228.7554233,base,755339835,1774368228,-0.006374395480992726,0.9382144914215244,0.3459882768768615,-0.0022466492121757027,-0.216869177510321,0.384328187845209,0.3496815759255996
1774368228.7564533,base,756377962,1774368228,-0.006374987853493924,0.9382143493897391,0.3459886508142698,-0.0022466946337851017,-0.2168694921162687,0.38432833006256517,0.34968193446848467
1774368228.757431,base,757352043,1774368228,-0.006370239640043312,0.9382132982230775,0.3459916092750445,-0.002243523025959869,-0.21687257481594743,0.38432546316717714,0.3496772508259369
1774368228.7584329,base,758358917,1774368228,-0.006371087572583677,0.9382152175496538,0.34598637616524797,-0.002245508725822091,-0.21686922822265417,0.3843278686385153,0.3496785577553688
1774368228.759419,base,759338330,1774368228,-0.0063715613748121505,0.9382147418143488,0.34598766044372203,-0.002245054244687338,-0.2168713827603704,0.3843272769913685,0.3496792024991918
1774368228.760449,base,760315515,1774368228,-0.006372526698283186,0.9382145914639656,0.3459880481130743,-0.00224540207734788,-0.2168706078137371,0.38432719293140294,0.34967951213055576
1774368228.7614405,base,761314873,1774368228,-0.006372610752918986,0.9382145708601204,0.34598810238098504,-0.002245410598739995,-0.2168706662542,0.38432715812853097,0.34967958599275134
1774368228.7625022,base,762368149,1774368228,-0.006368129000607138,0.9382136461209176,0.34599070607314913,-0.0022433181960818563,-0.2168717731239473,0.38432376935923357,0.34967533729621747
1774368228.7634785,base,763342862,1774368228,-0.006369558455831751,0.9382129978445822,0.3459924368076161,-0.00224345102185786,-0.21687448717001775,0.3843240198123613,0.349676633017827
1774368228.7645507,base,764398041,1774368228,-0.0063674761171662025,0.9382135071663585,0.34599109820663393,-0.0022428063371365088,-0.21687287761135707,0.3843242521426954,0.3496747068108836
1774368228.7654612,base,765339347,1774368228,-0.006372642173240364,0.9382134816822547,0.3459910620754874,-0.002244367454197936,-0.21687308427706845,0.3843263178700019,0.34967919198648223
1774368228.7665408,base,766395367,1774368228,-0.006372734212733899,0.9382133038510074,0.3459915428526006,-0.0022443284314250522,-0.21687318743423956,0.38432652443678,0.3496792684269721
1774368228.7674875,base,767344216,1774368228,-0.006372649190688104,0.9382137575985809,0.34599031083796045,-0.002244816539310477,-0.21687246121038392,0.38432513482604885,0.3496797832098414
1774368228.7685676,base,768394559,1774368228,-0.006370704146197748,0.938212036962722,0.3459950167213039,-0.0022441548445227637,-0.21687456365813534,0.3843240479406014,0.34967747568136276
1774368228.7695477,base,769349585,1774368228,-0.006371691166152629,0.9382141968940305,0.3459891373836199,-0.0022447963629399392,-0.21687295121056172,0.3843260091366561,0.34967897069874004
1774368228.7706966,base,770414409,1774368228,-0.006368940975946,0.938214653744705,0.3459879514265477,-0.002244450313303612,-0.21687159328019476,0.38432515377835086,0.3496756949020243
1774368228.7715628,base,771343105,1774368228,-0.006369122763032602,0.9382146993966053,0.34598782435980624,-0.0022444389353994698,-0.2168716766211313,0.3843252821473215,0.3496754799041228
1774368228.7725484,base,772400818,1774368228,-0.006372229358459721,0.9382134439592469,0.34599118094580666,-0.002242983472620132,-0.21687424223948878,0.384325404261003,0.3496775148973961
1774368228.773482,base,773338698,1774368228,-0.006371116576205902,0.9382114830029549,0.34599651139278936,-0.002244134351582664,-0.2168742163646091,0.3843233429858719,0.3496780963569947
1774368228.774476,base,774341335,1774368228,-0.006373450302982045,0.9382137415201728,0.34599033874740176,-0.0022449604477754233,-0.21687447166072032,0.3843255095933061,0.3496789651356852
1774368228.7754774,base,775336924,1774368228,-0.006371430343776003,0.9382139539814041,0.3459898040751951,-0.002244305229330409,-0.21687092656588713,0.3843257415231145,0.3496779303161832
1774368228.7765133,base,776364094,1774368228,-0.006370715486757614,0.9382139937652321,0.3459897102345665,-0.002244170020433144,-0.21687077558124074,0.3843254590709696,0.34967757408678357
1774368228.7774909,base,777328663,1774368228,-0.006371085197343364,0.9382130029928211,0.3459923895180923,-0.0022442558146854893,-0.2168754771188662,0.3843239654807788,0.34967831673251504
1774368228.7785435,base,778395919,1774368228,-0.006370558674998695,0.9382133823754336,0.345991372878789,-0.0022438821866590727,-0.21687226319118263,0.3843248270179587,0.34967810127659626
1774368228.7794194,base,779255080,1774368228,-0.006371243950867772,0.9382133569181987,0.3459914271386864,-0.0022442141917233594,-0.21687363194210382,0.384323636297182,0.3496781843970652
1774368228.7804842,base,780329966,1774368228,-0.006367371367838382,0.9382123443954409,0.3459942529061644,-0.0022428468025723564,-0.21687345869255834,0.38432267648196783,0.3496754351689411
1774368228.7814333,base,781294264,1774368228,-0.006367369337074483,0.9382121184712514,0.3459948655886813,-0.002242843659752534,-0.2168735530945576,0.3843226216978773,0.3496754337029851
1774368228.7825067,base,782352048,1774368228,-0.006371241823265507,0.9382126952975882,0.34599320909896547,-0.002246089371288601,-0.2168751753984926,0.3843231632251455,0.3496776944023805
1774368228.7834442,base,783295874,1774368228,-0.006365385436316995,0.9382145993572824,0.345988167906445,-0.002243900586701203,-0.21687044465690125,0.3843234694122982,0.34967294246311786
1774368228.784501,base,784353071,1774368228,-0.006371584187771054,0.9382133629829253,0.34599140514221743,-0.0022441040353546804,-0.2168721916460306,0.3843250270597022,0.3496786071654333
1774368228.7854497,base,785303587,1774368228,-0.006369353017656498,0.9382128484617731,0.3459928423320946,-0.0022439648706624763,-0.2168732754604254,0.384324590122204,0.3496764822108924
1774368228.786563,base,786418639,1774368228,-0.006369401909879058,0.9382127053176292,0.34599322977147673,-0.00224393676109916,-0.21687357672520294,0.3843244045361326,0.3496765475275452
1774368228.7876043,base,787343519,1774368228,-0.006371002692046069,0.9382128327493346,0.3459928539761123,-0.00224405584414551,-0.216874525562691,0.3843245040071683,0.3496782309392748
1774368228.7885036,base,788352376,1774368228,-0.0063695949245299475,0.9382132122122115,0.34599185109753283,-0.002244028752861338,-0.21687366877149147,0.3843246135396839,0.3496767582600448
1774368228.789472,base,789322542,1774368228,-0.006371483662358983,0.9382138990308985,0.3459899507122436,-0.002244519395896739,-0.21686996766782995,0.38432564513998063,0.34967868719466016
1774368228.7905092,base,790380073,1774368228,-0.006370235101312431,0.938213215724309,0.34599182553420016,-0.002244684502730646,-0.21687238417182544,0.3843247690150787,0.3496779745733822
1774368228.7914546,base,791315741,1774368228,-0.0063702826767654324,0.9382132693347813,0.34599167913446216,-0.00224470765905013,-0.21687234456404805,0.38432476874975685,0.3496780193022701
1774368228.7925186,base,792370844,1774368228,-0.006368352331896192,0.9382121963773843,0.3459946285150165,-0.002244035663045338,-0.21687234465406288,0.384323020350837,0.3496756270210963
1774368228.7934308,base,793270031,1774368228,-0.006371724886432621,0.9382151045894267,0.3459866746175703,-0.0022449118687092266,-0.21687071376434885,0.3843265639867418,0.34967899366531274
1774368228.7944539,base,794290030,1774368228,-0.006372675663646247,0.9382142449054702,0.345988983585618,-0.00224563993892038,-0.21687105466272083,0.3843271621923979,0.34967994340268876
1774368228.7954516,base,795277432,1774368228,-0.006373068219893864,0.9382155254840303,0.34598550498081454,-0.0022454588306762306,-0.21687053077788512,0.38432769282563983,0.34967999717422127
1774368228.7964756,base,796338067,1774368228,-0.006372489896657734,0.9382156339491241,0.34598522258696,-0.0022452922776104336,-0.216870260103023,0.3843276828463578,0.349679467961309
1774368228.7974157,base,797269848,1774368228,-0.006371476359782263,0.9382143421459115,0.3459887465377927,-0.0022449387337572183,-0.216870436229507,0.3843261162755096,0.34967850615159707
1774368228.7984765,base,798333144,1774368228,-0.006367786725665584,0.9382158137997216,0.34598482667973596,-0.002244490083640589,-0.21686798757202694,0.3843265207331212,0.34967605668551505
1774368228.7994497,base,799278620,1774368228,-0.006371590814237748,0.9382149176915922,0.34598719128748456,-0.002243772816593572,-0.21687156309052422,0.3843270764637365,0.349678433655255
1774368228.8004987,base,800336705,1774368228,-0.006369385937464098,0.938215611448911,0.34598534322234675,-0.0022449123903978685,-0.21686837252952004,0.38432693646914545,0.3496766900498025
1774368228.8014374,base,801252427,1774368228,-0.006368824628906338,0.9382156801685411,0.345985168389066,-0.002244730165886911,-0.21686815948076354,0.38432689273936593,0.34967617348519575
1774368228.802414,base,802307430,1774368228,-0.006370150377300584,0.9382158391535576,0.3459847103647579,-0.0022451145563248186,-0.2168682504686385,0.3843272587847849,0.34967765419696095
1774368228.8033924,base,803296068,1774368228,-0.006371680813537008,0.9382149699574638,0.34598704067060376,-0.002244887374441702,-0.21686878298862006,0.3843284996845937,0.34967895243004676
1774368228.804413,base,804328625,1774368228,-0.00637260275252439,0.9382166380279487,0.3459824935934508,-0.0022459271023896506,-0.2168670873357148,0.3843288517393167,0.34967989863118243
1774368228.805326,base,805253692,1774368228,-0.006373994420336576,0.938215922828691,0.3459844040616804,-0.0022464398324920924,-0.21686886188758547,0.3843292148750691,0.3496806768299903
1774368228.806393,base,806313436,1774368228,-0.006373891325983336,0.9382160812657161,0.345983975821666,-0.0022465169486470668,-0.21686857346949664,0.384329318450215,0.34968059710172095
1774368228.8073223,base,807244663,1774368228,-0.006370605239180498,0.9382158333496873,0.34598471822527066,-0.0022450379547789274,-0.21686704454543904,0.384327905314146,0.3496780222300634
1774368228.8083851,base,808307151,1774368228,-0.006370966106288849,0.9382150752991331,0.34598676747652807,-0.002244995202106807,-0.21686728795928675,0.3843278874024939,0.34967805064655993
1774368228.8093245,base,809248562,1774368228,-0.006371598007454628,0.9382169172945224,0.34598176069095243,-0.0022450190162251666,-0.21686669117703006,0.38432884394092803,0.34967886820916433
1774368228.8103964,base,810317295,1774368228,-0.006369874319403728,0.9382165724883108,0.34598272816006853,-0.002244910768241813,-0.21686605963786365,0.3843293995027846,0.34967709446561346
1774368228.8113973,base,811322318,1774368228,-0.006369507049139992,0.9382163465375187,0.34598334789002505,-0.0022448725022650774,-0.21686628622823131,0.3843292855097972,0.3496767689862773
1774368228.8124595,base,812330319,1774368228,-0.006370278055819523,0.9382165027251349,0.3459829087324019,-0.00224509170745676,-0.21686721906825504,0.38432939443521175,0.34967749202337056
1774368228.813378,base,813298939,1774368228,-0.006371993156521441,0.9382159749029982,0.3459843048803112,-0.00224564389826396,-0.2168686757437494,0.38432919890944145,0.34967935303805137
1774368228.81442,base,814347997,1774368228,-0.006371395383625779,0.9382150339350671,0.34598687615204116,-0.0022443149597307322,-0.2168697807623649,0.38432752642394613,0.34967833111440594
1774368228.815374,base,815292549,1774368228,-0.006369620566332744,0.9382151332031672,0.3459866456629264,-0.002243387019869035,-0.21686841418015076,0.3843282395421487,0.34967664931674936
1774368228.816423,base,816338660,1774368228,-0.006369608177457104,0.9382151357451582,0.34598663945638336,-0.0022433163036830383,-0.21686851912646748,0.384328397672448,0.3496766304656972
1774368228.8173604,base,817290871,1774368228,-0.006370638425294313,0.9382152243748229,0.34598637028737794,-0.002244836902829402,-0.21686957698125767,0.3843268498621861,0.349678018420522
1774368228.8184543,base,818364602,1774368228,-0.006371019424258749,0.9382160619450736,0.34598408838197847,-0.0022453966832095057,-0.2168686133002665,0.3843284082486932,0.34967876854241153
1774368228.8193822,base,819303643,1774368228,-0.006374776949580165,0.9382157823949331,0.3459847757963735,-0.002245618186569105,-0.21686845117085898,0.3843300201681264,0.3496814864415535
1774368228.8204384,base,820357993,1774368228,-0.006372931192757796,0.9382142266838684,0.3459890347373308,-0.0022446464160837338,-0.21686920041670005,0.38432886771847086,0.3496797191757907
1774368228.821416,base,821340412,1774368228,-0.006373006547327524,0.9382140919472989,0.34598940118506566,-0.0022442652813235435,-0.21686905727920402,0.38432894259049366,0.3496797129715971
1774368228.8224788,base,822399066,1774368228,-0.006370078671705946,0.93821462092683,0.3459880149111839,-0.002245153593740907,-0.21686896803124048,0.3843262943689813,0.3496773266792763
1774368228.8234198,base,823338003,1774368228,-0.006371577738032333,0.938215932821235,0.3459844254271373,-0.0022458315523548903,-0.21686923178911305,0.38432822906486697,0.34967902351079855
1774368228.8244555,base,824373912,1774368228,-0.006372163168461953,0.9382146766447391,0.3459878301728636,-0.0022444235865563354,-0.21686879010925714,0.3843279217171945,0.34967926684207834
1774368228.825418,base,825341551,1774368228,-0.006369189278739851,0.9382149213794453,0.34598721624686585,-0.00224519991031397,-0.21686944800671976,0.38432693817120495,0.34967796561067577
1774368228.8264866,base,826406097,1774368228,-0.0063689346892164015,0.9382150173638109,0.34598696073646035,-0.0022451869177475487,-0.2168692483691721,0.38432708570511764,0.34967811469487947
1774368228.827417,base,827339258,1774368228,-0.006369202763456423,0.9382137574368176,0.34599037897553675,-0.0022441632763489823,-0.2168708622651623,0.38432660345583264,0.34967749030030815
1774368228.828476,base,828394788,1774368228,-0.006369579480718282,0.9382144983826833,0.34598835963629004,-0.0022446554207716123,-0.21687097482020073,0.38432603502756,0.349677263602737
1774368228.829411,base,829342258,1774368228,-0.006369026634029056,0.9382134731836237,0.3459911583414939,-0.0022433425882596495,-0.21687102422269963,0.3843245884631564,0.34967755410555995
1774368228.8304255,base,830340999,1774368228,-0.006368360052589277,0.9382128031038439,0.3459929860836316,-0.0022435826707095457,-0.21687291570463688,0.38432385067009894,0.34967625321965745
1774368228.8313906,base,831314078,1774368228,-0.006368447339167985,0.9382126832920532,0.34599330947954643,-0.002243564976655435,-0.2168732597574851,0.3843237571900061,0.3496760668216971
1774368228.8324747,base,832392886,1774368228,-0.00636665499643869,0.9382137497323002,0.34599045341477913,-0.0022431369214965134,-0.2168718929896257,0.3843246334816857,0.349674357375905
1774368228.8334124,base,833336890,1774368228,-0.006372368561945043,0.938213231172095,0.34599174732595034,-0.0022442270080397305,-0.21687238613552157,0.38432630725081535,0.3496780766895501
1774368228.8343961,base,834299198,1774368228,-0.006365131791469431,0.9382128664701699,0.34599287991574595,-0.0022426178258044454,-0.21687210807511473,0.38432413628445367,0.3496722722572655
1774368228.835434,base,835343071,1774368228,-0.0063687125862347945,0.9382137727199442,0.34599035110148646,-0.002243462340430177,-0.2168724405888956,0.38432500362184485,0.3496763421485235
1774368228.8365033,base,836415438,1774368228,-0.006369222861251376,0.9382139428338807,0.3459898795244535,-0.0022435995412756916,-0.21687250845855233,0.384325181359175,0.34967689052921663
1774368228.8373728,base,837289609,1774368228,-0.0063680417231709325,0.938213652501367,0.3459906815563368,-0.0022446783372442685,-0.21687238309312792,0.38432452200151573,0.3496760856719116
1774368228.8383949,base,838304065,1774368228,-0.006370967642675893,0.9382128494195374,0.3459928125622783,-0.002243570951040757,-0.21687332495849018,0.3843250478436507,0.34967701196011347
1774368228.8394418,base,839342967,1774368228,-0.006369241997009124,0.9382132668977597,0.3459917118160152,-0.0022436416915514287,-0.21687280453625626,0.38432411400689964,0.34967656455208723
1774368228.8404822,base,840392768,1774368228,-0.006365896168114365,0.9382145215874699,0.34598836306248626,-0.002244877215597845,-0.21687169866626455,0.3843233945526064,0.3496738184275556
1774368228.8414152,base,841334591,1774368228,-0.006365353530153542,0.9382146296918146,0.3459880783995656,-0.0022451084747661357,-0.21687173285158423,0.3843233387607817,0.34967347757491546
1774368228.842428,base,842347393,1774368228,-0.006367642332892603,0.9382133037981047,0.34599163751177203,-0.0022442101702035127,-0.21687379218815203,0.38432353502674216,0.34967535288386803
1774368228.8434217,base,843337055,1774368228,-0.006367954838188384,0.9382127667775255,0.3459930865640948,-0.0022444279204799278,-0.2168739603271404,0.38432311864153584,0.3496762571758721
1774368228.8444724,base,844399199,1774368228,-0.006368934573646613,0.9382133314211982,0.3459915434238322,-0.002243500641389122,-0.2168730807201506,0.38432499665208913,0.34967702929578304
1774368228.8454204,base,845337334,1774368228,-0.00636732846798353,0.9382125209648394,0.3459937739268632,-0.002242997286749666,-0.2168731635962336,0.38432224558438094,0.3496752738342378
1774368228.8464873,base,846411759,1774368228,-0.006368013066056794,0.938212812795386,0.3459929685589109,-0.0022432173218217225,-0.21687289181818517,0.3843224141713211,0.3496758186089468
1774368228.847376,base,847288728,1774368228,-0.0063697209959436354,0.9382132526579982,0.34599174590152,-0.0022429800157934424,-0.21687387854562526,0.38432408271261204,0.34967696156177397
1774368228.8484883,base,848396424,1774368228,-0.006370668733752238,0.9382138034514644,0.34599022853605726,-0.002243958686871239,-0.2168726899500023,0.3843264628380353,0.3496776852259468
1774368228.8494039,base,849318290,1774368228,-0.006367603928848051,0.9382135254711675,0.3459910404979829,-0.0022436885459267164,-0.21687264599134615,0.38432352733576836,0.34967552179759726
1774368228.8504622,base,850390981,1774368228,-0.00637024906248506,0.9382130373037135,0.34599231471863856,-0.002243817252211536,-0.2168749385766363,0.38432438816974196,0.3496775602211276
1774368228.8514285,base,851338584,1774368228,-0.006370597341685488,0.9382129223517987,0.34599261953190963,-0.0022438919437428495,-0.21687527824427502,0.384324399481931,0.3496778760897422
1774368228.8524776,base,852399694,1774368228,-0.006371687553339508,0.9382134189734094,0.3459912596952185,-0.0022428264454225034,-0.21687268767809473,0.3843250790078403,0.3496786003424657
1774368228.8533447,base,853280687,1774368228,-0.0063704824232878555,0.9382131612246328,0.34599197432500206,-0.0022438273692255385,-0.21687254873607675,0.3843250686800681,0.3496774690390109
1774368228.8544836,base,854403932,1774368228,-0.006371221104074963,0.9382149549090526,0.34598709316365184,-0.0022443909673064257,-0.21687020540402596,0.3843262750949385,0.3496781897982295
1774368228.8554251,base,855337206,1774368228,-0.006370614467834386,0.9382142482352155,0.34598901897925866,-0.0022446437360375093,-0.2168702805697478,0.38432464179486364,0.34967794144110026
1774368228.8565018,base,856403909,1774368228,-0.006370595722856329,0.9382143014649805,0.34598887479320145,-0.002244672815582709,-0.21687027147936375,0.38432463773667624,0.3496779305516874
1774368228.8573222,base,857244447,1774368228,-0.006374044447720864,0.938213224197457,0.3459917317958096,-0.0022447777901702646,-0.21687409989107345,0.38432620730186,0.34968074446055464
1774368228.8583846,base,858294741,1774368228,-0.0063677175191928295,0.9382123039291849,0.34599435409944795,-0.0022431809540047025,-0.21687331845892024,0.3843239858620548,0.3496755396881073
1774368228.859418,base,859340444,1774368228,-0.006374517930278438,0.9382149417981922,0.34598706589788847,-0.002244713599010839,-0.2168702712817433,0.38432741671423665,0.3496808302247704
1774368228.8604891,base,860396219,1774368228,-0.006371009050074528,0.9382144335721954,0.3459885073705599,-0.002244916029759402,-0.2168709273866436,0.3843254222560931,0.34967836119130213
1774368228.8614147,base,861347115,1774368228,-0.006370757015600704,0.9382144809090429,0.3459883838045532,-0.0022448919654216733,-0.2168707436926803,0.3843252675639913,0.34967813582457585
1774368228.862446,base,862329917,1774368228,-0.006371053876514109,0.9382136160737582,0.34599072323121177,-0.002244933016409558,-0.21686997123466945,0.3843257397003436,0.3496781288074729
1774368228.8634171,base,863335538,1774368228,-0.006369938149133763,0.9382134862994604,0.3459910979392351,-0.0022445847257463025,-0.21687128636667335,0.38432632107236947,0.34967740142325293
1774368228.8644242,base,864341718,1774368228,-0.006371306084342982,0.9382147849459351,0.3459875451610093,-0.0022455202272250556,-0.21686818983566816,0.3843272208760785,0.34967871483987145
1774368228.8654006,base,865335455,1774368228,-0.006372625087787015,0.9382148872318907,0.3459872466621503,-0.002245032980936105,-0.21686857178688446,0.38432824670602417,0.34968009950555023
1774368228.8665147,base,866413235,1774368228,-0.0063723282135209275,0.9382150656116226,0.34598676857007343,-0.002245009344359883,-0.21686848667940672,0.3843281135600871,0.34968020988674325
1774368228.8673944,base,867318646,1774368228,-0.006367343788972997,0.9382138415270898,0.34599018578287877,-0.0022440681769615497,-0.21686935606326274,0.384325890460057,0.34967665620724664
1774368228.8685217,base,868407108,1774368228,-0.006372513067014163,0.9382150477726285,0.34598681340048193,-0.00224503077824829,-0.21687018574166558,0.3843273916636021,0.34968022705345275
1774368228.869407,base,869331888,1774368228,-0.006371050996860962,0.9382148583960663,0.34598734225971856,-0.002246817772112058,-0.2168705196958242,0.384326073928935,0.34967892742061174
1774368228.8704722,base,870376893,1774368228,-0.0063730585990958285,0.938214373089991,0.3459886256619489,-0.0022461442526161514,-0.21686990205898388,0.3843270724692503,0.3496804172166689
1774368228.8714082,base,871317470,1774368228,-0.006373706590091095,0.9382141393445347,0.34598924838340656,-0.002246019007736383,-0.2168699277244105,0.38432727388464616,0.3496809138415029
1774368228.872458,base,872342332,1774368228,-0.006375400706374616,0.9382157927026541,0.3459847347551986,-0.002245864096175762,-0.21686996986144652,0.38432912730317753,0.3496812360990787
1774368228.8734443,base,873326843,1774368228,-0.006375184597110534,0.9382143604803235,0.345988626676557,-0.0022452216640240206,-0.2168709915832851,0.384325858303355,0.34968026442559824
1774368228.8745189,base,874390722,1774368228,-0.0063719443403339095,0.9382169674728915,0.3459816089751412,-0.0022464465868373916,-0.21686761809753016,0.3843292461258352,0.349678960441365
1774368228.8753865,base,875315147,1774368228,-0.006368960106386541,0.9382148476207822,0.34598742550087463,-0.0022444256174565555,-0.21687155784769316,0.3843256455570445,0.34967609796389004
1774368228.8764708,base,876344664,1774368228,-0.006368702076285618,0.9382148389514101,0.34598745533492636,-0.002244182725510582,-0.21687136515808084,0.38432570218586115,0.34967593679139997
1774368228.8774235,base,877332007,1774368228,-0.006371103300594642,0.9382155753730002,0.34598540987553805,-0.0022448437583399085,-0.21686876944927444,0.3843262511289782,0.34967838674347984
1774368228.8785186,base,878400294,1774368228,-0.006366228371197268,0.9382153116773327,0.3459862123057883,-0.0022452093054164345,-0.21686761680972383,0.38432628461263535,0.3496742425492095
1774368228.8794065,base,879293644,1774368228,-0.006369940715667385,0.9382154193431264,0.3459858534257391,-0.002244992504110625,-0.21686799828077208,0.3843273832259842,0.3496774362599565
1774368228.8804982,base,880360343,1774368228,-0.006368808472077788,0.9382146753395945,0.3459878979440074,-0.0022440437501359987,-0.2168691422741531,0.3843269251975362,0.34967603965869526
1774368228.8813906,base,881274895,1774368228,-0.0063691091691529915,0.9382146471894868,0.3459879678498511,-0.00224418150527011,-0.216869055832437,0.38432696151653845,0.34967632117988523
1774368228.882449,base,882343565,1774368228,-0.006370637041410602,0.9382151387536911,0.3459866016587013,-0.0022449654211065652,-0.21686802268458116,0.38432811928191096,0.34967805998838175
1774368228.8833783,base,883276912,1774368228,-0.00637570991347083,0.9382147135563363,0.3459876532569677,-0.0022461930543479537,-0.2168695345024918,0.38432871059028073,0.3496823874744105
1774368228.8844075,base,884336724,1774368228,-0.006371411496252047,0.9382149484498974,0.34598710402739125,-0.002244875818630099,-0.21686840711404434,0.3843282948336119,0.3496784324882351
1774368228.885373,base,885289187,1774368228,-0.006370796517982458,0.9382141813371848,0.34598919582228516,-0.0022448304548272893,-0.21686988157122633,0.3843263806885452,0.34967816299217447
1774368228.886416,base,886308598,1774368228,-0.00637070600647347,0.9382143987295859,0.3459886078867998,-0.002244846100518388,-0.21686978036791743,0.38432637925846436,0.34967808625799063
1774368228.8874056,base,887329847,1774368228,-0.0063692419198441794,0.9382150362749796,0.3459869035570164,-0.002245224250062423,-0.21686864662494276,0.38432594522082286,0.349677707798088
1774368228.8884044,base,888312391,1774368228,-0.006369001509653016,0.9382142916280123,0.34598892970068856,-0.0022448450478870278,-0.21686949732439362,0.3843249353630138,0.34967696083727823
1774368228.8893306,base,889269673,1774368228,-0.006368717794564669,0.9382144564379247,0.34598849087562156,-0.002244403295474509,-0.21687092534665123,0.3843257140624987,0.34967643254256775
1774368228.8903563,base,890296985,1774368228,-0.006367470596961894,0.93821363780321,0.3459907348253192,-0.002244231115472025,-0.2168708778961169,0.3843235564477549,0.3496755243547403
1774368228.89138,base,891325317,1774368228,-0.006367509543297506,0.9382136748149121,0.34599063370801586,-0.002244236805695166,-0.21687089315667785,0.38432356024724407,0.3496755316834596
1774368228.8924308,base,892385527,1774368228,-0.006371434724225048,0.9382146620272135,0.34598788252544066,-0.0022445316389544797,-0.21687034249504017,0.3843266844396533,0.3496789816104311
1774368228.893356,base,893297224,1774368228,-0.006370712003024241,0.938214898596435,0.3459872615671169,-0.0022434155974895044,-0.21687051306493618,0.38432714694809644,0.349677597908022
1774368228.8944402,base,894335293,1774368228,-0.006368307802834514,0.938214525470056,0.3459883163335928,-0.00224361613732337,-0.21687000378457988,0.3843258837810632,0.34967554178854615
1774368228.895392,base,895308930,1774368228,-0.006369912646694654,0.9382146601795249,0.3459879164428456,-0.0022443958275116223,-0.21687100751770577,0.384325885343684,0.3496773370489594
1774368228.8964024,base,896316946,1774368228,-0.006370325443733682,0.9382146634971534,0.3459878992921145,-0.0022444812526653877,-0.21687109903353494,0.3843260753110763,0.34967771086398913
1774368228.8973415,base,897282934,1774368228,-0.006369689701878097,0.9382131515845096,0.3459920174414092,-0.0022434602264181426,-0.2168727245169224,0.3843255317582883,0.3496761753583121
1774368228.898353,base,898315677,1774368228,-0.006368016375426522,0.9382141885964062,0.3459892304114396,-0.002244353610575332,-0.2168703578299441,0.3843253310370404,0.34967617426699094
1774368228.899368,base,899307013,1774368228,-0.0063677206216690655,0.9382139374831188,0.3459899212095065,-0.002243672869762673,-0.21687064169757372,0.3843249341681697,0.3496761336503854
1774368228.9004872,base,900354557,1774368228,-0.006364221008985864,0.9382143501641239,0.34598887210488094,-0.0022428144488229086,-0.21687109429216078,0.3843242300693373,0.34967252828613665
1774368228.9013834,base,901319166,1774368228,-0.006364199035103233,0.9382143596515078,0.34598884689877957,-0.002242796469919735,-0.21687108356306672,0.3843242561756075,0.3496724514088038
1774368228.902438,base,902384968,1774368228,-0.006368244529630436,0.9382143041193859,0.3459889108068138,-0.0022446839647951126,-0.21687030345073943,0.3843243982542741,0.3496765019540935
1774368228.9033906,base,903318542,1774368228,-0.006370139840437707,0.9382127764649083,0.34599302537513865,-0.0022436105232553002,-0.2168730619645236,0.38432466400314885,0.34967714723672766
1774368228.9043953,base,904336105,1774368228,-0.006366616394000472,0.9382141447574581,0.3459893835769506,-0.002243039180420894,-0.21687183200321158,0.3843239190226265,0.3496745557658495
1774368228.9053898,base,905331304,1774368228,-0.006367965639785369,0.9382129716794945,0.3459925412795062,-0.002242802909703972,-0.2168726176597707,0.38432383478493887,0.34967511447094896
1774368228.906398,base,906325826,1774368228,-0.006367810277233175,0.9382127987590536,0.3459930131233453,-0.002242789960148241,-0.21687254852480278,0.38432369431992136,0.3496749749357533
1774368228.9073553,base,907298637,1774368228,-0.006372300301609177,0.9382136299732744,0.34599066530347716,-0.0022445142225194672,-0.216872706280036,0.3843255868884295,0.349679174141507
1774368228.9083972,base,908340414,1774368228,-0.006367114708518909,0.938214353058431,0.3459888056399374,-0.0022436437524385004,-0.2168707888037601,0.3843252604991182,0.3496747989163247
1774368228.9093509,base,909294894,1774368228,-0.006367272448479058,0.9382128965328915,0.3459927548698474,-0.0022432562275176426,-0.21687325407905775,0.384323218568599,0.3496745980596188
1774368228.9103932,base,910352940,1774368228,-0.006374219355482478,0.9382128446732961,0.34599275897758885,-0.0022445829737432507,-0.216873907844085,0.3843263098509701,0.34968086789868746
1774368228.911359,base,911306413,1774368228,-0.006374658661073549,0.9382128066822268,0.34599285332371343,-0.0022446722096170274,-0.216874006466085,0.38432651457885186,0.3496812655060033
1774368228.9124064,base,912361745,1774368228,-0.006373243216325059,0.9382129785335042,0.34599241440463524,-0.00224451701870558,-0.21687337579239593,0.38432537969685904,0.3496802522723306
1774368228.9133763,base,913327722,1774368228,-0.006369988400961202,0.9382136497302618,0.34599065685497676,-0.002244120463569515,-0.21687160032367217,0.3843254793947088,0.34967734977734505
1774368228.9144053,base,914361777,1774368228,-0.006369434470218096,0.938213050651393,0.345992294535097,-0.002243660909091665,-0.21687341318185072,0.3843238232664901,0.34967792108113416
1774368228.9153616,base,915310650,1774368228,-0.006373171799273387,0.938213156672341,0.3459919275050762,-0.0022453127756506533,-0.21687127447775245,0.384326429637847,0.349679866514339
1774368228.9164023,base,916360077,1774368228,-0.006374025332687384,0.9382129745657067,0.3459924044473769,-0.002245489334123555,-0.21687140314726816,0.3843266335584796,0.3496800147127578
1774368228.9173625,base,917317406,1774368228,-0.006370719379517827,0.9382140875756122,0.3459894520668021,-0.002244742248698835,-0.21687209297449253,0.38432619269391205,0.34967738749958716
1774368228.9183903,base,918340851,1774368228,-0.0063714780121582135,0.9382140063279537,0.3459896615146633,-0.002244264458520839,-0.2168718065811766,0.3843255342168885,0.34967798509670805
1774368228.9193656,base,919298381,1774368228,-0.006371126933157496,0.938214273893915,0.3459889406712304,-0.00224453481041411,-0.21687175964559896,0.384325380250261,0.3496780973686163
1774368228.9203808,base,920319364,1774368228,-0.006371212842763136,0.938213863012119,0.3459900545781115,-0.0022443332695183684,-0.21687132792931268,0.3843263877004365,0.34967816864121465
1774368228.9213383,base,921283770,1774368228,-0.00637122113984807,0.9382137406837642,0.34599038608639443,-0.0022443415857681297,-0.216871610025403,0.38432622231978686,0.34967818867466804
1774368228.922402,base,922361948,1774368228,-0.006368984720472518,0.9382147801596747,0.3459876035152266,-0.002245114107078532,-0.2168691165825696,0.38432624923699343,0.3496763767078583
1774368228.9233923,base,923335781,1774368228,-0.0063710864570124285,0.9382146025325483,0.34598804469056554,-0.0022453915580276794,-0.21687146062231005,0.38432615373617285,0.349678544393049
1774368228.9244378,base,924395624,1774368228,-0.0063701496923868435,0.9382153056007899,0.3459861501206888,-0.0022462088008721923,-0.21686797604883243,0.3843268401199628,0.3496775513275413
1774368228.9254212,base,925371871,1774368228,-0.006367712593086382,0.9382144246590365,0.3459885992350419,-0.002243835425928475,-0.21687087997751006,0.38432545062893914,0.3496748068927312
1774368228.9263964,base,926351005,1774368228,-0.0063678313945714415,0.9382144031375323,0.3459886557639212,-0.0022437805795574232,-0.21687085688899435,0.38432546037332044,0.3496748987573324
1774368228.9273906,base,927334284,1774368228,-0.006371102995299001,0.9382132420953853,0.345991753338139,-0.0022423259106890566,-0.21687052862123157,0.3843255522547874,0.34967744828241365
1774368228.9284127,base,928366612,1774368228,-0.00637001969964653,0.9382152158441096,0.345986413391214,-0.002243514274729668,-0.21687090162069264,0.3843257534397565,0.34967728869883663
1774368228.9293842,base,929338760,1774368228,-0.006372945649448346,0.9382143603753643,0.34598867143144396,-0.002244724994163902,-0.2168697873048387,0.3843271418421734,0.349678621328794
1774368228.930344,base,930305911,1774368228,-0.006372679630684526,0.9382152975632889,0.34598613180794396,-0.0022452102640858323,-0.2168691817886986,0.38432799941929735,0.34967921385893475
1774368228.931393,base,931339944,1774368228,-0.006371749008288653,0.9382153075632402,0.34598612317815447,-0.0022450026148757686,-0.21686907334857916,0.38432778363543524,0.34967862134524885
1774368228.932447,base,932400222,1774368228,-0.006371718764873621,0.9382151230532974,0.3459866310929298,-0.0022439204603393564,-0.21686807567143662,0.38432747885062435,0.3496784763968831
1774368228.9333296,base,933284746,1774368228,-0.0063740021596739305,0.9382148897909087,0.34598720137415306,-0.002247032795201157,-0.21687044079561943,0.3843280039842739,0.34967993316000656
1774368228.934349,base,934307880,1774368228,-0.006372620205476526,0.9382146437556902,0.34598790665028173,-0.0022450848215370186,-0.21687071908692263,0.38432685640458936,0.34967916556092005
1774368228.9354074,base,935362459,1774368228,-0.006371265484891877,0.9382145975391093,0.34598805781628345,-0.0022449474747208873,-0.21686985093730698,0.38432732619273235,0.3496781948721709
1774368228.9364398,base,936402653,1774368228,-0.006371535679454168,0.9382147619398689,0.3459876071364329,-0.002244931893429538,-0.21686992562766072,0.38432750896777024,0.34967851205114087
1774368228.937313,base,937271795,1774368228,-0.006368804003732379,0.9382155897134158,0.3459854119535911,-0.002245054469996558,-0.21686953688790217,0.3843264910164972,0.3496773268765674
1774368228.9383266,base,938268147,1774368228,-0.006367903047043852,0.938214193795096,0.34598922581191854,-0.0022432107058335637,-0.21686924285927936,0.38432617608744324,0.3496754838604315
1774368228.9393806,base,939335715,1774368228,-0.006369102173640039,0.9382145409744502,0.345988256250834,-0.002244143068209449,-0.21686938997348587,0.3843264582571816,0.34967700336747226
1774368228.940436,base,940376024,1774368228,-0.006369281668735231,0.9382160285593282,0.34598420985296663,-0.00224555957491684,-0.2168677273496972,0.38432693154413017,0.34967699529856683
1774368228.9413798,base,941335736,1774368228,-0.006369329350355572,0.9382162754899631,0.34598353908752455,-0.0022456023333971946,-0.21686757269044363,0.3843272998834256,0.34967701799920364
1774368228.942352,base,942303078,1774368228,-0.006371959751924407,0.9382149472759818,0.3459870976355705,-0.002244795438528648,-0.21687073619501532,0.3843277180310759,0.34967892778369675
1774368228.943372,base,943319093,1774368228,-0.006368302808100562,0.9382156118069189,0.3459853629282015,-0.0022447985552992004,-0.21686737894151856,0.38432724925708045,0.34967597988333754
1774368228.944425,base,944379622,1774368228,-0.006370851543398627,0.9382158369681827,0.3459847044403992,-0.002244951223090965,-0.216868119672778,0.38432746014820707,0.34967795002493207
1774368228.9454055,base,945353288,1774368228,-0.006372514906187649,0.9382154702061937,0.34598565919053303,-0.0022463646261541826,-0.2168681560107295,0.38432811494789304,0.3496796293101211
1774368228.946421,base,946380620,1774368228,-0.006372561329167937,0.9382153970238881,0.34598585710624186,-0.0022463151767387187,-0.21686831607759016,0.38432801402092326,0.34967966281869023
1774368228.9473653,base,947317459,1774368228,-0.006369526429698903,0.9382150264871968,0.34598692689633304,-0.0022449105820767047,-0.21686825065922677,0.38432580815058803,0.349677054191059
1774368228.9484005,base,948316167,1774368228,-0.006371074382795258,0.938213807630991,0.3459902040203219,-0.0022448393578926077,-0.21686934938262453,0.3843264247138801,0.34967869485637504
1774368228.9494476,base,949348366,1774368228,-0.006368164023678092,0.9382158963845322,0.34598459523688846,-0.002244575038353743,-0.21686662477099988,0.3843263725394191,0.3496769231720478
1774368228.9504952,base,950408365,1774368228,-0.006367996546208308,0.93821447656903,0.34598845222619273,-0.0022439925160175657,-0.2168698730229668,0.3843251811449708,0.34967569029031703
1774368228.9514651,base,951318267,1774368228,-0.006367762145510175,0.9382143997679888,0.34598866538014583,-0.0022439032323361588,-0.21687015220071842,0.3843249750304662,0.3496752245371596
1774368228.9524226,base,952356203,1774368228,-0.006369454778696017,0.9382144332404048,0.3459885387936422,-0.0022446221616388693,-0.21686969014305763,0.384325925593677,0.3496767345860692
1774368228.9534252,base,953348574,1774368228,-0.006369312891728903,0.9382141418607745,0.34598932439697877,-0.0022457223915832597,-0.21687061659004794,0.3843260517829592,0.34967679683129604
1774368228.9544437,base,954387534,1774368228,-0.0063685671849075315,0.938214389524364,0.3459886726110954,-0.0022447864594954737,-0.21686935526776427,0.38432599770435705,0.3496762296379402
1774368228.955357,base,955275674,1774368228,-0.006368978976542488,0.9382139729017046,0.3459897960145834,-0.0022445963073269696,-0.21687063280071314,0.38432496772881763,0.3496771333617079
1774368228.9564254,base,956359394,1774368228,-0.0063690347532603065,0.9382139316169992,0.3459899074478745,-0.0022445178314809966,-0.2168706111323046,0.3843249789867496,0.34967716584840414
1774368228.9573927,base,957319938,1774368228,-0.006370511447869003,0.9382131164969506,0.3459920947181292,-0.002243882691465324,-0.2168722584144827,0.38432480944988845,0.349678076071616
1774368228.958417,base,958348525,1774368228,-0.006368257279567299,0.9382140241377441,0.3459896691930906,-0.002244776634192223,-0.21687136915996955,0.3843247130361741,0.34967627229226184
1774368228.959394,base,959305202,1774368228,-0.006367074222811756,0.938212925519217,0.34599267616012097,-0.0022438355713453612,-0.21687182423787305,0.38432402493409434,0.34967450827701574
1774368228.9604294,base,960323055,1774368228,-0.006368273727561131,0.9382139006982408,0.3459900049124628,-0.0022445772422385116,-0.21687034504376207,0.3843261285510271,0.34967625306668537
1774368228.961334,base,961272538,1774368228,-0.006368309391236003,0.9382141638345779,0.3459892888376659,-0.0022448664297520064,-0.21687049149526708,0.3843263179375636,0.3496763416169993
1774368228.9624639,base,962357811,1774368228,-0.006367196414219783,0.9382135784503567,0.3459909053207798,-0.0022435366068504522,-0.2168718662000573,0.3843239406919696,0.3496754076084422
1774368228.9633892,base,963324116,1774368228,-0.006367439651876346,0.9382142238414698,0.3459891464455628,-0.0022442004587534276,-0.21687046807791205,0.38432460064995644,0.3496754662052239
1774368228.9644835,base,964375520,1774368228,-0.006370435072490483,0.9382127740275253,0.34599302355379824,-0.0022440723392231844,-0.2168726764960906,0.3843239471145996,0.34967803348541543
1774368228.9654014,base,965334954,1774368228,-0.0063710303119254245,0.9382139275887452,0.34598988181305995,-0.0022444897527412796,-0.21687109055137443,0.3843260994411811,0.34967889739906705
1774368228.9664736,base,966369288,1774368228,-0.006371033507260748,0.9382137816815589,0.34599027750107997,-0.0022444753425134643,-0.21687108524073084,0.3843260933983179,0.3496788970380389
1774368228.9673688,base,967305318,1774368228,-0.006371910607930068,0.9382132658665195,0.34599165909888324,-0.002244624976757678,-0.2168720931551588,0.3843261563622811,0.3496796883898301
1774368228.9683974,base,968327427,1774368228,-0.006368561886006826,0.9382131963844552,0.34599191392994855,-0.0022438905184650644,-0.2168720631368626,0.3843243222188386,0.34967638464389356
1774368228.9693642,base,969297680,1774368228,-0.006372043331140826,0.9382135493170102,0.3459908925361445,-0.0022439304370549347,-0.21687326812110727,0.38432511831823973,0.3496791226930381
1774368228.9704752,base,970372983,1774368228,-0.006370338435111871,0.9382145277642373,0.3459882678664828,-0.002244366080291391,-0.21687146920235587,0.38432525845022686,0.34967799485861084
1774368228.9713874,base,971308129,1774368228,-0.006370338316138356,0.9382145475317067,0.3459882142632799,-0.0022443663960054817,-0.21687146918050135,0.3843252584253591,0.34967799485712514
1774368228.9724805,base,972376824,1774368228,-0.006372246530267801,0.9382137527496307,0.3459903327081558,-0.002244615359432461,-0.21687306760801245,0.3843247420105321,0.3496791257935828
1774368228.9734356,base,973376335,1774368228,-0.006371493441507603,0.9382126590944766,0.3459933134257456,-0.0022444266238947973,-0.21687205245176344,0.3843247909790953,0.3496784204190926
1774368228.9745128,base,974418900,1774368228,-0.006369471306268359,0.9382142309358898,0.3459890904834681,-0.0022440969403580064,-0.2168722177195141,0.3843245847331723,0.34967664033724216
1774368228.9753816,base,975303753,1774368228,-0.006368136623380714,0.9382150967784453,0.34598675940303636,-0.00224529079271237,-0.21687033160819325,0.38432417209584535,0.3496756713892997
1774368228.9765217,base,976418923,1774368228,-0.006368022538083532,0.9382152502631292,0.3459863426539935,-0.0022456980121472437,-0.2168703754520484,0.3843241245311952,0.3496756471023327
1774368228.9774506,base,977348697,1774368228,-0.006372053265293757,0.9382140419303838,0.3459895480825382,-0.0022452348378804504,-0.2168712841263049,0.38432636447705376,0.3496790683880844
1774368228.978437,base,978343504,1774368228,-0.006370658335326941,0.938215342684737,0.3459860495782597,-0.002244762919761735,-0.21686921257573302,0.3843260043353911,0.34967802446788665
1774368228.9794383,base,979340830,1774368228,-0.006370360383724819,0.9382136862780708,0.34599055006916796,-0.002244248633698265,-0.21687217851533172,0.3843244794066261,0.3496774364987305
1774368228.9805107,base,980405239,1774368228,-0.0063664663635358415,0.9382132001929504,0.3459919435317426,-0.0022436802071724954,-0.21687068880370702,0.3843233107889187,0.3496753274890562
1774368228.9813516,base,981258613,1774368228,-0.006365950559052916,0.9382132133836752,0.3459919180471426,-0.002243557847960441,-0.21687060788878496,0.3843231853309207,0.34967523213174057
1774368228.9824479,base,982327244,1774368228,-0.006366934948844757,0.9382153126635298,0.3459861936979352,-0.002245661026784177,-0.21686752126198502,0.38432579338461326,0.3496746315470151
1774368228.983433,base,983307375,1774368228,-0.006369400731856029,0.9382150187544681,0.34598694936892066,-0.0022450354692379357,-0.21687047442985385,0.3843246578476742,0.3496767788976104
1774368228.9845414,base,984387212,1774368228,-0.0063684925846164385,0.9382145573363915,0.3459882234623817,-0.0022440877040800656,-0.2168689678545524,0.3843254829870258,0.34967596239084
1774368228.9854069,base,985298121,1774368228,-0.0063701504036488285,0.9382156367524639,0.34598525336953295,-0.00224601598919163,-0.21686856144454883,0.38432638354224735,0.34967777983277115
1774368228.98653,base,986367166,1774368228,-0.006369867485346748,0.9382157485255843,0.3459849557103139,-0.0022459806162871358,-0.21686829493046358,0.38432653728139754,0.34967754197124495
1774368228.9874244,base,987318312,1774368228,-0.006368640156557213,0.9382158117045064,0.3459848131838464,-0.0022450247992747544,-0.21686536716741983,0.38432809479776653,0.34967658782128425
1774368228.988451,base,988361797,1774368228,-0.006367299244661023,0.9382159948414376,0.34598434102632125,-0.0022450587081032456,-0.21686601671799857,0.38432714779425714,0.34967514450156956
1774368228.9894605,base,989367602,1774368228,-0.006369077399506621,0.9382150821540733,0.34598678029554525,-0.0022455138446846796,-0.21686563660557073,0.38432668113473095,0.3496767361255627
1774368228.9905283,base,990406644,1774368228,-0.006368805053285477,0.9382159536828469,0.34598441562102006,-0.0022464916115098365,-0.21686544349159634,0.38432714564970427,0.3496764141567488
1774368228.9914215,base,991338262,1774368228,-0.006368569301658265,0.9382159856618991,0.3459843307880003,-0.002246869533588614,-0.21686549328134225,0.38432693457171907,0.34967627818673336
1774368228.9925282,base,992408493,1774368228,-0.0063708657546955655,0.9382156145313055,0.3459853021912534,-0.0022457486073978647,-0.21686660821625686,0.38432829226857723,0.3496780924455875
1774368228.9933496,base,993270644,1774368228,-0.006370502494764176,0.9382181031663164,0.3459785550190531,-0.0022465653544046942,-0.2168632144523591,0.38432976602651453,0.34967872232044567
1774368228.9944613,base,994373575,1774368228,-0.006369139422623294,0.9382172867202349,0.34598079820825006,-0.002245937113521966,-0.21686361214092262,0.38432911072220827,0.3496771828094209
1774368228.9954188,base,995314664,1774368228,-0.006370317014143454,0.9382162719668352,0.34598352845689795,-0.002245910574300845,-0.21686447842979736,0.3843284524553466,0.34967734840445935
1774368228.9965136,base,996377021,1774368228,-0.00636974348179556,0.9382161448152956,0.34598388552907733,-0.002245646922989829,-0.21686473788346347,0.3843281431684387,0.3496768098366565
1774368228.9974165,base,997317697,1774368228,-0.006368356672000156,0.9382172073882535,0.34598102914830536,-0.0022457211235109107,-0.21686471449427677,0.3843294552276983,0.3496759053894457
1774368228.9984062,base,998316186,1774368228,-0.0063694522632366255,0.9382175002505225,0.34598020992761086,-0.0022464727849011083,-0.21686248241979642,0.38433077201850785,0.34967834914326296
1774368228.9993932,base,999298938,1774368228,-0.006372257063796601,0.9382176554124634,0.34597973610516125,-0.0022466902002866154,-0.21686355664404738,0.38433229864418295,0.34967982982842843
1774368229.0004444,base,366178,1774368229,-0.006370951856861337,0.9382191382023923,0.3459757336861194,-0.002247528319965827,-0.21686195049015633,0.38433145116117096,0.34967803882368165
1774368229.0013947,base,1316586,1774368229,-0.006370972069089889,0.9382193507304704,0.34597515654866984,-0.0022475944725294673,-0.2168617498142395,0.38433135760968284,0.34967798131463246
1774368229.0024593,base,2371460,1774368229,-0.006365909416036119,0.9382191859675889,0.34597570587207327,-0.0022461580403383592,-0.21686022249602863,0.3843300569555938,0.34967495976443586
1774368229.0034015,base,3304969,1774368229,-0.006370141879300284,0.9382182503326635,0.34597816274278015,-0.002246539624312803,-0.2168617714261,0.3843313123632595,0.3496785379513715
1774368229.004516,base,4431820,1774368229,-0.006367733221019553,0.93821975471327,0.34597412780384273,-0.0022464927704314783,-0.21685960392104298,0.3843314038886684,0.34967596933004896
1774368229.0054212,base,5341521,1774368229,-0.006369761713141051,0.9382186971484101,0.3459769564612185,-0.002246787637904272,-0.21686107092556361,0.3843321143898123,0.34967745829545493
1774368229.006619,base,6373664,1774368229,-0.006369804359017998,0.9382185403299428,0.34597738100614533,-0.00224677673744113,-0.21686112932579055,0.38433213577638903,0.34967738300070594
1774368229.0073943,base,7304490,1774368229,-0.00637154282966074,0.9382197813173935,0.3459739782731333,-0.0022476086344787216,-0.21685937730335142,0.3843322918708825,0.34967897138346327
1774368229.0084476,base,8334212,1774368229,-0.006369421394179182,0.9382199952525865,0.34597343875602593,-0.002247366162976772,-0.21685875345140354,0.38433286584454535,0.34967682158053254
1774368229.0095224,base,9295523,1774368229,-0.006370509124084384,0.9382203067108459,0.3459725608507863,-0.002249405978288494,-0.21685964180079811,0.38433243450202065,0.3496778560735499
1774368229.0106118,base,10386298,1774368229,-0.006369920932857089,0.9382202715544437,0.3459726786930121,-0.0022476097519518014,-0.21685809127990857,0.38433335759979775,0.3496770237070733
1774368229.0114589,base,11301872,1774368229,-0.006369993247202016,0.9382201289894859,0.3459730657590182,-0.0022473349303091797,-0.21685781268202578,0.3843335166960777,0.3496770348012151
1774368229.0124967,base,12411130,1774368229,-0.006373265064222077,0.9382203324697841,0.3459724457738604,-0.002248554638464943,-0.2168579502514763,0.38433395227879774,0.3496803266042664
1774368229.0135033,base,13331361,1774368229,-0.006370654360411534,0.93821963466555,0.34597439507242944,-0.002247186091192184,-0.21685789339680683,0.3843333143980479,0.3496778370347395
1774368229.0146775,base,14423787,1774368229,-0.006368390644275568,0.9382206305466713,0.34597172303853735,-0.0022491942899884503,-0.21685839129526466,0.38433135997002477,0.34967677551812537
1774368229.0154083,base,15302623,1774368229,-0.006368955629547704,0.9382215246520139,0.34596929571244306,-0.0022480009064717137,-0.2168560775118546,0.38433280545903115,0.34967675666596537
1774368229.0166402,base,16404282,1774368229,-0.0063690144175669065,0.9382215614586912,0.34596919661543657,-0.0022477238784011375,-0.2168558068638682,0.3843329603505955,0.34967675663984105
1774368229.0175016,base,17284347,1774368229,-0.006370340245867612,0.938220711655594,0.34597147004234363,-0.002248755736533853,-0.21685680102270913,0.3843336500634282,0.34967835689011506
1774368229.0186446,base,18385869,1774368229,-0.00637129068904426,0.9382212738533097,0.34596992869500487,-0.0022486402117248725,-0.21685577799399847,0.3843335268139642,0.34967914733369376
1774368229.0195174,base,19307238,1774368229,-0.006371151457400595,0.9382197281363628,0.34597412952827133,-0.0022476347549215707,-0.21685768151744855,0.38433274368014425,0.34967832769330076
1774368229.0206156,base,20374408,1774368229,-0.006373453817575482,0.9382197099230374,0.34597412711307446,-0.0022490813042003927,-0.21685647082184042,0.3843331885129155,0.34968082485954866
1774368229.021455,base,21291810,1774368229,-0.006373504094057058,0.9382197545519331,0.34597400455692745,-0.0022491742744106544,-0.2168562609953493,0.38433330446517877,0.3496808812924229
1774368229.022609,base,22381739,1774368229,-0.006369674376166554,0.9382196886988063,0.34597425352818423,-0.002249195827922594,-0.21685714101572925,0.3843314941711187,0.34967757817097384
1774368229.023443,base,23299716,1774368229,-0.006371343837275157,0.938221269875862,0.3459699269782798,-0.0022504126012713823,-0.21685678847754886,0.38433228434963024,0.34967924283574336
1774368229.0246232,base,24397732,1774368229,-0.006374880322269651,0.9382193272834711,0.34597513251627415,-0.002249998438676285,-0.21685885881384187,0.38433258169673173,0.3496819644995258
1774368229.02543,base,25277609,1774368229,-0.006374769160556506,0.9382202228608187,0.34597271377816685,-0.0022487894778917762,-0.21685756953380064,0.3843334701779108,0.34968137642767433
1774368229.0266142,base,26386042,1774368229,-0.006374544512891688,0.938220512673204,0.3459719328024333,-0.0022486650332470427,-0.21685715911521844,0.3843337122080593,0.3496811577818951
1774368229.027385,base,27290194,1774368229,-0.0063739579873713405,0.9382191278239428,0.34597569765713926,-0.002248883169719009,-0.21685795912471573,0.38433162584813607,0.34967956704570213
1774368229.0284114,base,28305404,1774368229,-0.00637531595090804,0.9382196222974508,0.3459743278926656,-0.0022494714430764096,-0.21685830707882173,0.38433228891844157,0.349681589086366
1774368229.029343,base,29274078,1774368229,-0.006372618616253449,0.9382201719719249,0.34597288394541437,-0.0022499358738543506,-0.21685778792792815,0.38433243712919085,0.3496801497665961
1774368229.0305576,base,30304987,1774368229,-0.006376940231365778,0.9382193556170525,0.3459750126431056,-0.0022507788454913624,-0.21685899734104977,0.38433261015709624,0.3496821452902751
1774368229.0314186,base,31301926,1774368229,-0.006377481850459852,0.9382192291395364,0.34597534638294436,-0.002250665071268723,-0.21685886427437384,0.3843328645454672,0.3496822445248971
1774368229.0324602,base,32372033,1774368229,-0.006377995624020976,0.9382199715489644,0.3459733253729403,-0.002250397491524912,-0.21685839903580076,0.3843326045514718,0.34968363905984595
1774368229.0335398,base,33316076,1774368229,-0.006380381464309336,0.9382208400949386,0.34597091916302875,-0.0022514522883329783,-0.2168596430171132,0.3843348319425193,0.34968545351063357
1774368229.0344253,base,34319895,1774368229,-0.006381291066627443,0.9382201675960985,0.34597272391689154,-0.0022517872452957736,-0.2168601415668897,0.3843338350571079,0.3496863115073443
1774368229.0354047,base,35319800,1774368229,-0.006379204070874611,0.938220373348845,0.34597220756683045,-0.0022513062674443547,-0.21685857828093255,0.38433293482954195,0.34968520625166083
1774368229.0364933,base,36427400,1774368229,-0.006379148969104454,0.93822028003597,0.3459724641959726,-0.002250912220075756,-0.21685851160434808,0.38433293171808064,0.349685181867791
1774368229.037333,base,37249306,1774368229,-0.006384039663111648,0.9382190414899334,0.34597572907334856,-0.0022514696212392136,-0.21686055392477946,0.3843330700727147,0.3496881616263562
1774368229.0384269,base,38329104,1774368229,-0.006384089861752033,0.9382191643300068,0.3459753850014146,-0.0022530099119857996,-0.21686220949423388,0.3843334666774601,0.34968847053435637
1774368229.0393398,base,39248216,1774368229,-0.00639020362952503,0.9382180887577447,0.3459781820953901,-0.0022540495351917817,-0.2168655825867488,0.384333218839673,0.34969309921407254
1774368229.0404437,base,40352409,1774368229,-0.006388988451502154,0.9382192903253993,0.3459749477495975,-0.0022538006864049795,-0.2168633768831702,0.3843337112490362,0.34969224817585576
1774368229.0413387,base,41254800,1774368229,-0.006388701915027043,0.9382191609728856,0.3459753068546746,-0.002253334859552845,-0.21686334106693647,0.3843336067470119,0.34969219292628284
1774368229.042495,base,42406074,1774368229,-0.0063908095633010385,0.9382189939200754,0.34597572143999183,-0.002253258707835532,-0.21686382376038998,0.38433335472520025,0.34969380180681964
1774368229.0434835,base,43356560,1774368229,-0.006390657070333074,0.9382191732589349,0.34597522738701486,-0.002254876057206807,-0.21686279654928717,0.3843342919143369,0.3496945388129454
1774368229.0446446,base,44520337,1774368229,-0.006392125090953623,0.9382192898366374,0.34597487826701667,-0.0022557755607168608,-0.21686385130547714,0.38433454646230275,0.3496957025960775
1774368229.0454865,base,45406442,1774368229,-0.006393613971333943,0.9382190387599453,0.3459755364560094,-0.002255034972298922,-0.21686430525414485,0.38433411056996764,0.34969711921849644
1774368229.0465722,base,46423350,1774368229,-0.006393940017511102,0.9382191705865446,0.34597517456474214,-0.0022547859865174615,-0.2168640035404114,0.3843342730062647,0.349697353515637
1774368229.047387,base,47307906,1774368229,-0.0063924509538078175,0.9382189049010975,0.3459759189345602,-0.002255343515967645,-0.2168645833201715,0.38433334145570547,0.3496959227674999
1774368229.0485368,base,48363781,1774368229,-0.006397469567649392,0.9382184210453596,0.34597712485407023,-0.002257403817341106,-0.21686584576347828,0.3843348408676087,0.34970036738995963
1774368229.0494142,base,49336783,1774368229,-0.006399733420815708,0.938216872280365,0.34598129204790595,-0.002255999435581149,-0.2168672455331974,0.3843344056231549,0.34970180604165135
1774368229.050486,base,50347444,1774368229,-0.006401593104034143,0.9382184151051824,0.34597707447881454,-0.0022559029967393783,-0.21686592442987027,0.3843351808175097,0.3497033851398808
1774368229.0515156,base,51435241,1774368229,-0.006401922652144924,0.9382185719770589,0.3459766431214275,-0.002255880784194557,-0.2168657600962822,0.3843352933216826,0.34970366425050015
1774368229.052499,base,52345264,1774368229,-0.006404855484329865,0.9382193113235661,0.3459745695407902,-0.0022580781260030263,-0.2168664818421327,0.38433623870452505,0.3497049163589514
1774368229.0534,base,53319459,1774368229,-0.006408650707626822,0.9382171448391254,0.3459803813727913,-0.0022569960489917888,-0.21686730089138478,0.38433649050894214,0.3497073583924004
1774368229.0545475,base,54435045,1774368229,-0.0064071109508703865,0.9382195748420862,0.3459738086816754,-0.0022587648602072803,-0.21686510935268288,0.3843368568722553,0.3497050803066522
1774368229.0554154,base,55344030,1774368229,-0.006410877738698068,0.9382193859959159,0.3459742333919598,-0.0022614634447282694,-0.21686583765618145,0.3843366881570389,0.3497092380570125
1774368229.0565445,base,56410264,1774368229,-0.006410594479582401,0.9382195359735522,0.3459738308643176,-0.002261626197953169,-0.2168655280217163,0.3843367408644032,0.349709252450932
1774368229.0574446,base,57366682,1774368229,-0.006416411449553199,0.9382180996909736,0.3459776193786428,-0.002261407848070351,-0.21686861026341056,0.3843376090043261,0.34971322317517556
1774368229.0585485,base,58406076,1774368229,-0.006416878035131248,0.9382181202107286,0.34597755935581537,-0.002260753573986528,-0.21686732642852696,0.38433951982239495,0.3497145542052171
1774368229.0593557,base,59289377,1774368229,-0.006417105155811072,0.9382189468873597,0.3459753090567911,-0.0022614124017793485,-0.21686751734524948,0.38433948862070316,0.34971487337951657
1774368229.0605505,base,60416637,1774368229,-0.006417945572460688,0.938219499041035,0.3459737874427213,-0.0022627408948166596,-0.21686692358693282,0.3843397611486942,0.34971591883376013
1774368229.0614393,base,61368108,1774368229,-0.006417686157596625,0.9382196771611847,0.34597330899299034,-0.0022627762562301584,-0.21686671475666985,0.38433988299521654,0.34971573147817187
1774368229.062453,base,62319200,1774368229,-0.00642024097653701,0.9382178126841605,0.3459783121771086,-0.002263619012072226,-0.21686901662368868,0.38433911863993125,0.34971836027407865
1774368229.0634055,base,63307996,1774368229,-0.006421725205202632,0.938219045770056,0.3459749410185103,-0.0022635783513850235,-0.21686858590417632,0.3843403770073144,0.3497193829238713
1774368229.0645308,base,64387783,1774368229,-0.006429071909704542,0.9382175882276631,0.3459787448712973,-0.0022654518155951504,-0.2168705031488458,0.3843406125309581,0.34972410305867
1774368229.0654147,base,65334311,1774368229,-0.006426621536636546,0.9382186431808763,0.34597592954390627,-0.002265457942730787,-0.21686852735508808,0.38434157151352144,0.3497213367712261
1774368229.066512,base,66366069,1774368229,-0.0064263665777575096,0.9382184644244523,0.34597641993119926,-0.00226532055598169,-0.21686874712832208,0.3843413303801563,0.34972096995348817
1774368229.0673778,base,67300703,1774368229,-0.006431645034874145,0.9382179413863051,0.34597773252586983,-0.002266494925425737,-0.21687086395444496,0.38434197344573207,0.34972598034852853
1774368229.0685186,base,68373756,1774368229,-0.006430265817231449,0.9382197287886819,0.3459729002050759,-0.0022681527507487295,-0.21686742623441949,0.3843428358515834,0.3497261462812255
1774368229.0694032,base,69327997,1774368229,-0.006433676943364218,0.9382192564481487,0.3459741200588813,-0.002267791955682443,-0.21686955731078655,0.3843435583826545,0.34972806066023243
1774368229.070504,base,70360395,1774368229,-0.006436974867536376,0.9382175870717673,0.3459785845229588,-0.0022679760306098602,-0.2168696977898098,0.38434220437770855,0.3497303914100856
1774368229.071378,base,71297925,1774368229,-0.006437614988141661,0.9382173984293694,0.3459790834312921,-0.0022680885638357642,-0.21686968789379946,0.3843422375027753,0.34973087748814813
1774368229.0724895,base,72362134,1774368229,-0.006439388577942022,0.9382188249059564,0.3459751759964683,-0.002269022045122303,-0.21686965562489702,0.384344318051563,0.3497325459625495
1774368229.0733607,base,73278037,1774368229,-0.006443354066760051,0.9382198905439417,0.3459722025309519,-0.002270517995185315,-0.21687007396080815,0.384345410710174,0.34973486928267283
1774368229.074472,base,74398347,1774368229,-0.006443199724834058,0.938219433276331,0.34597344325858487,-0.0022708500049701923,-0.21686855341652483,0.38434648764857693,0.3497371761864507
1774368229.0754201,base,75346762,1774368229,-0.0064475958445564556,0.9382196351755789,0.3459728015260255,-0.00227272591007712,-0.21687051071793556,0.38434578603089997,0.3497391535772334
1774368229.0765688,base,76410519,1774368229,-0.006448192777587172,0.9382197109067243,0.3459725813532273,-0.0022732856816148226,-0.21687068952716573,0.3843457595144964,0.3497392315518847
1774368229.0775201,base,77393454,1774368229,-0.006448373261844638,0.9382199895313404,0.34597182075837474,-0.00227353628129975,-0.2168692308191592,0.3843462991492876,0.3497400477867887
1774368229.0785205,base,78390915,1774368229,-0.00645011734254405,0.9382206192184053,0.3459700858936812,-0.0022727354484162435,-0.216868678450597,0.3843474425825184,0.3497414705495623
1774368229.0793674,base,79292936,1774368229,-0.006449879260342638,0.9382198169625289,0.3459722636849103,-0.002273076563716951,-0.21686977383466727,0.38434605245553183,0.3497416748693012
1774368229.0805335,base,80404377,1774368229,-0.006452482705410878,0.9382208628242262,0.34596937123412697,-0.0022742462847481627,-0.21686605031805148,0.3843475484017155,0.3497436049436562
1774368229.0814128,base,81322114,1774368229,-0.006452612250904989,0.9382208499865027,0.3459694036300277,-0.0022742466064060176,-0.21686604300578807,0.3843475509491052,0.34974372759984956
1774368229.082473,base,82351438,1774368229,-0.006457354845171575,0.9382200633278592,0.3459714417647981,-0.002275262766858312,-0.21686821793299782,0.38434867140606194,0.34974743082688575
1774368229.0833788,base,83301256,1774368229,-0.006459271990632908,0.9382215578676875,0.34596735240179144,-0.002275352670534369,-0.2168669929561031,0.38434976097166956,0.34974818595028884
1774368229.084477,base,84345417,1774368229,-0.0064609341197452526,0.9382215175494011,0.34596742011300674,-0.0022769624391819616,-0.21686512527028382,0.3843515751396434,0.34974976450829615
1774368229.0853145,base,85251677,1774368229,-0.006464691226151905,0.9382202785519164,0.3459707066396104,-0.0022774609993837028,-0.21686891136516412,0.3843502357186675,0.34975310568877765
1774368229.086457,base,86343882,1774368229,-0.006465264386843873,0.9382201974510583,0.34597091507517685,-0.0022775805913630436,-0.21686911313134363,0.3843501926015576,0.34975360921871107
1774368229.0873888,base,87309107,1774368229,-0.00646848387256201,0.9382213322908306,0.34596776753142705,-0.0022790744019863156,-0.21686685920262205,0.38435295017959525,0.34975636315789593
1774368229.088394,base,88302660,1774368229,-0.006468381729860527,0.9382221996057049,0.34596540833124906,-0.0022804479871207915,-0.21686487351864586,0.3843524891277399,0.34975674592333184
1774368229.0894818,base,89396314,1774368229,-0.006471372486156303,0.938222025998746,0.34596581942703053,-0.0022810210733455708,-0.21686575301416824,0.3843533670230004,0.3497591817292666
1774368229.0904062,base,90330441,1774368229,-0.006471239552022267,0.9382228477003218,0.34596359120314346,-0.0022813753710062903,-0.21686327898564767,0.3843540415970325,0.34975824579472203
1774368229.0913608,base,91266021,1774368229,-0.006472008572392011,0.9382229226952358,0.3459633717146277,-0.0022816367140809997,-0.21686327280986664,0.3843540775719792,0.34975858178805225
1774368229.0924628,base,92381621,1774368229,-0.006472495903768735,0.9382224104199938,0.34596475653303765,-0.0022809251430768477,-0.21686536307800625,0.384353253637043,0.3497596172376972
1774368229.093377,base,93308332,1774368229,-0.006474980046132387,0.938224142823898,0.34595999812691897,-0.002283013750808596,-0.21686310371333464,0.384354897605153,0.3497624459657369
1774368229.0944545,base,94351239,1774368229,-0.006477462893276208,0.9382243861695081,0.34595928246399166,-0.0022844142172448317,-0.21686242820828386,0.3843537278720665,0.34976347729147717
1774368229.095398,base,95319822,1774368229,-0.00648301886607882,0.938223006835944,0.3459629123289055,-0.0022854327827404497,-0.2168649989473813,0.3843552651822977,0.34976788972053385
1774368229.0963867,base,96325490,1774368229,-0.006484032604483696,0.9382230130547767,0.3459628739228023,-0.002285817725756677,-0.21686499629196604,0.38435528247839423,0.34976871688796946
1774368229.097346,base,97277066,1774368229,-0.006485789022593935,0.9382238677213108,0.3459605207767506,-0.002286185184543244,-0.21686328078933817,0.38435572872802215,0.3497699650485794
1774368229.0983853,base,98324647,1774368229,-0.0064882681140795,0.9382243061258282,0.3459592731737641,-0.002288028992140047,-0.21686148653870835,0.38435748580006235,0.34977129381435046
1774368229.099387,base,99307839,1774368229,-0.0064895115775289725,0.9382253531647611,0.34595640744036443,-0.002288464398028767,-0.216860929015569,0.3843571883370183,0.34977371328857654
1774368229.100391,base,100325424,1774368229,-0.0064941435265742425,0.9382240170331952,0.34595994109408706,-0.002288912433164637,-0.2168624970555225,0.38435680363092506,0.34977663947001464
1774368229.1014977,base,101343852,1774368229,-0.006495572541374832,0.938223908294934,0.3459602065782664,-0.002289302396464008,-0.21686288330846246,0.38435696670634717,0.3497776527866751
1774368229.1024487,base,102298375,1774368229,-0.0064964893291421365,0.9382234059072903,0.34596154445530664,-0.002290413111065285,-0.21686432558709945,0.38435605658221034,0.34977881905434394
1774368229.1034262,base,103281496,1774368229,-0.00650039326504149,0.9382236652902873,0.345960762913809,-0.0022911352544108523,-0.2168624934300529,0.3843569055154878,0.349781992447383
1774368229.1044784,base,104311435,1774368229,-0.006502749071839099,0.9382247047625506,0.34595788603916766,-0.002293188837391744,-0.2168617026178038,0.38435739043559114,0.3497843525679023
1774368229.1054058,base,105333223,1774368229,-0.0065052131742242055,0.9382240509665083,0.34595961082153415,-0.0022934841977387205,-0.2168624566666122,0.3843569322063793,0.3497860042136466
1774368229.1064434,base,106314541,1774368229,-0.006505729230273978,0.9382239072108307,0.3459599896185309,-0.002293688812960521,-0.21686240837206783,0.38435686823046616,0.3497864804389415
1774368229.1074207,base,107294175,1774368229,-0.00650996185896511,0.938224597761958,0.34595802286503935,-0.0022958585147574554,-0.21686144301010155,0.3843570780775135,0.34979073962919793
1774368229.1084359,base,108302238,1774368229,-0.0065152666113231245,0.9382239005965589,0.34595980804245935,-0.0022967084243388763,-0.21686093199251857,0.38435654361807486,0.3497954462224545
1774368229.10942,base,109270673,1774368229,-0.006515901164316614,0.9382259100109525,0.34595433028312944,-0.0022991682166330365,-0.21685972274822532,0.38435805921096083,0.3497964296824843
1774368229.1104374,base,110300998,1774368229,-0.006523357601788315,0.938226195642537,0.34595340216626,-0.0023011182762035956,-0.21686042337532083,0.38435859029744074,0.3498020962067362
1774368229.111444,base,111305380,1774368229,-0.006525503381448644,0.9382263777851869,0.3459528621659323,-0.002301954149360259,-0.21686072300810122,0.38435873975777973,0.34980372447568214
1774368229.1124506,base,112304448,1774368229,-0.006529681511549384,0.9382261225697688,0.34595346688707324,-0.002303244639580416,-0.21685928451907222,0.384359802243043,0.34980685243975485
1774368229.1134968,base,113341135,1774368229,-0.006536614597508038,0.9382247219129426,0.3459571231554784,-0.0023049509691925383,-0.21686037560522944,0.38435923588961596,0.3498122104215111
1774368229.1144307,base,114346565,1774368229,-0.006536768332790599,0.9382237224868836,0.3459598343210658,-0.002304399956449694,-0.2168621487313031,0.38435711057692495,0.3498127206782225
1774368229.115373,base,115314670,1774368229,-0.006539133534645248,0.9382236869383724,0.34595987820205804,-0.002305574722319164,-0.2168631723854562,0.38435635855658723,0.34981547328910445
1774368229.1163874,base,116332487,1774368229,-0.006540070431533324,0.9382238576644654,0.3459593954783896,-0.0023058768802321113,-0.21686304319975075,0.38435641495158523,0.349816413510468
1774368229.1173856,base,117312871,1774368229,-0.006549141051622127,0.9382250942369696,0.3459558545276808,-0.0023082490198189946,-0.21686174207975828,0.38435973990941624,0.34982330024604474
1774368229.11839,base,118339835,1774368229,-0.006554688981479791,0.9382235482475321,0.34595993340750636,-0.002309554684489595,-0.21686394902873105,0.38435727038314893,0.3498287632794996
1774368229.1194263,base,119282293,1774368229,-0.006560106922842514,0.9382232052067399,0.3459607467886634,-0.0023116855718123075,-0.21686376097403373,0.3843582282089634,0.34983322825884766
1774368229.1203012,base,120261794,1774368229,-0.006563916964604944,0.9382249733276157,0.34595586478810436,-0.002313879251737178,-0.21685938777074812,0.3843592399176006,0.3498365390935657
1774368229.121318,base,121240076,1774368229,-0.006565545559875481,0.9382251308263171,0.34595540230320826,-0.0023145441595610766,-0.2168588612517068,0.3843595205054137,0.34983795489284886
1774368229.1223092,base,122259938,1774368229,-0.006568393630266368,0.9382237480367075,0.3459590936795657,-0.00231523767337449,-0.21686261832663015,0.3843579699949662,0.3498405261455692
1774368229.1234088,base,123281165,1774368229,-0.006578343983434817,0.9382235349425113,0.3459594476347441,-0.0023204444997633705,-0.21686237283203447,0.38435960228593297,0.3498490900531558
1774368229.1244366,base,124374624,1774368229,-0.0065801553533001945,0.9382230829519269,0.345960645010525,-0.0023195421120780235,-0.2168621866719307,0.3843580516752668,0.34985097987067537
1774368229.1254394,base,125375357,1774368229,-0.006589224194053387,0.938223569844413,0.34595912162327896,-0.0023240650970944954,-0.21686292935164594,0.3843574924481986,0.34985808966570314
1774368229.126431,base,126353494,1774368229,-0.006591141805125846,0.9382236961778132,0.345958736170438,-0.0023250048388262995,-0.21686318487807213,0.38435725038834684,0.34985960214705225
1774368229.1275234,base,127396309,1774368229,-0.006595767612860957,0.9382240304412588,0.345957742981338,-0.0023247845955123372,-0.2168624313020984,0.3843595021414202,0.349865216219894
1774368229.1283693,base,128314915,1774368229,-0.006600145390935973,0.9382240392241116,0.3459576256570855,-0.002326274386944129,-0.21686331874620896,0.3843577332942732,0.3498690054159656
1774368229.1294124,base,129346214,1774368229,-0.006606945712841646,0.9382242218324964,0.3459569847674292,-0.0023286317405162996,-0.21686136322433716,0.38435812180898216,0.34987443528146517
1774368229.130361,base,130304608,1774368229,-0.006618755689733139,0.9382228568934764,0.3459604348367922,-0.002332467213181556,-0.21686475604792027,0.38435966675469313,0.3498850009383644
1774368229.1315718,base,131412063,1774368229,-0.006621041644772608,0.9382229907849898,0.34596001950604777,-0.002333725215607208,-0.21686471701749105,0.3843597161295738,0.34988707082079545
1774368229.1324382,base,132312296,1774368229,-0.006623164452497745,0.938223250545979,0.3459592704114423,-0.0023343187346309764,-0.2168629681477284,0.38435885474828674,0.34988811212882587
1774368229.1335363,base,133425394,1774368229,-0.006630200289720007,0.9382220949030166,0.34596225125558205,-0.002337046444293816,-0.21686551212268973,0.38435685233094735,0.3498949073443697
1774368229.1344283,base,134306171,1774368229,-0.0066405365883775306,0.9382227955255393,0.34596012685492666,-0.0023409093497017207,-0.21686532880396053,0.38435891319544047,0.3499028065962492
1774368229.1355548,base,135429716,1774368229,-0.006646190211213476,0.9382224300894897,0.3459609973483315,-0.0023426793200878944,-0.21686549473421868,0.3843584138565856,0.34990843684462963
1774368229.1365592,base,136482706,1774368229,-0.006648728722157613,0.9382225720506442,0.3459605571114256,-0.0023436348275757365,-0.21686517262505156,0.38435857560303144,0.3499106601933472
1774368229.1374981,base,137417057,1774368229,-0.006658110905220142,0.9382219398144345,0.34596207405318624,-0.0023461728050538744,-0.2168672280582318,0.3843591168259116,0.3499183201646069
1774368229.138467,base,138398883,1774368229,-0.006664115941577524,0.9382224610574996,0.3459605385592836,-0.0023471015521651555,-0.21686637677187842,0.3843588784015158,0.3499236220475073
1774368229.1394958,base,139398452,1774368229,-0.006671433961759637,0.9382199322559845,0.345967239703472,-0.0023494123584339335,-0.21686685774951,0.38435758671170545,0.34993059509269675
1774368229.1405323,base,140419184,1774368229,-0.006683630554673619,0.9382203886269092,0.3459657450800368,-0.0023525897634699366,-0.21686792937514318,0.3843597214584294,0.3499411115077991
1774368229.1415112,base,141401347,1774368229,-0.006686140996096551,0.9382204722657134,0.34596546366049535,-0.002353485555671179,-0.21686791117605578,0.3843596405189743,0.3499434246098845
1774368229.1424181,base,142328131,1774368229,-0.006694363647617704,0.9382211700631462,0.3459633908143897,-0.0023566410215077635,-0.2168682133116664,0.38436008204750616,0.34995052309121477
1774368229.1434968,base,143422735,1774368229,-0.006703288352231922,0.9382205521658205,0.34596486140153065,-0.002361375520630292,-0.21687050676818287,0.3843588869541128,0.34995809434752584
1774368229.1444888,base,144429549,1774368229,-0.006708720724011994,0.9382200490702396,0.3459661119886708,-0.0023626138759663944,-0.21686893049712408,0.3843579391270561,0.3499633847471364
1774368229.145393,base,145293961,1774368229,-0.006719549062946229,0.9382213254658681,0.34596241139163514,-0.002366855624094714,-0.21686647569883322,0.38436023443702827,0.3499725736591911
1774368229.1464193,base,146346151,1774368229,-0.006722452958071142,0.9382215301789707,0.34596179029060153,-0.0023682469844039525,-0.21686648054468177,0.38436019479624156,0.349975301284548
1774368229.1475577,base,147395443,1774368229,-0.006730927591392792,0.9382190462877714,0.3459683529163804,-0.002369509854583239,-0.2168710161420513,0.3843587903901753,0.34998282927709484
1774368229.1484945,base,148381194,1774368229,-0.006743988342344455,0.938220160297992,0.3459650341972373,-0.002375825025729985,-0.21687029291071952,0.38435881757487056,0.34999516303169304
1774368229.1494832,base,149303128,1774368229,-0.006750072307236846,0.9382196848247537,0.34596618936942986,-0.0023780967983938394,-0.21686918309009257,0.38435878196366025,0.3500004968479909
1774368229.1505096,base,150371831,1774368229,-0.006758552277738934,0.9382194627707088,0.3459666026897564,-0.0023814853893775047,-0.21687136232548804,0.3843572705222328,0.35000920004098124
1774368229.1514704,base,151338693,1774368229,-0.006761708908939204,0.9382194555309971,0.34596655226755996,-0.002382701795858532,-0.21687155289054144,0.3843569718423343,0.3500121236282203
1774368229.1524825,base,152348517,1774368229,-0.006773593352721579,0.9382189863822279,0.3459675676375333,-0.002386245579514141,-0.21687179608050505,0.3843578835128744,0.35002159147901657
1774368229.153412,base,153309541,1774368229,-0.006785628759744363,0.9382191500448471,0.34596686618854866,-0.002389399743544504,-0.21687147475964344,0.3843581928592788,0.3500318363389082
1774368229.154387,base,154254758,1774368229,-0.006796351122364173,0.9382183453757791,0.3459688056313219,-0.00239406386576965,-0.2168736948421168,0.38435728342677056,0.35004203734475087
1774368229.1554184,base,155310820,1774368229,-0.006806712878346193,0.9382170236915487,0.34597217566566213,-0.002395575156805917,-0.21687522510605267,0.38435630724241093,0.3500520295865918
1774368229.1564977,base,156366909,1774368229,-0.006809650097359747,0.9382168879872034,0.34597248044006534,-0.0023963595948124387,-0.21687539824067212,0.3843559195757077,0.350055044715886
1774368229.1574428,base,157326498,1774368229,-0.0068201230638583795,0.9382178904143319,0.3459695165476972,-0.0024020090814011632,-0.21687421539731577,0.384356893403164,0.3500637654222679
1774368229.1584315,base,158327006,1774368229,-0.006835855289369314,0.9382169292921475,0.34597178391520966,-0.002406118576427919,-0.21687301633010028,0.3843575148431381,0.3500774032824186
1774368229.1593986,base,159296433,1774368229,-0.006842149418125444,0.9382179294464303,0.3459689268187093,-0.002409052200251152,-0.21687228083704507,0.38435625561409664,0.3500831805638907
1774368229.1603823,base,160289402,1774368229,-0.0068554582780752625,0.938217647769214,0.3459694015827581,-0.002412731785525019,-0.21687304468363636,0.384356363648876,0.35009577381852025
1774368229.1617775,base,161653972,1774368229,-0.006859145452510336,0.9382176323828613,0.34596936116984167,-0.00241403009324041,-0.21687302370699724,0.3843564129684786,0.35009915770372646
1774368229.1624599,base,162384113,1774368229,-0.006869077680398502,0.9382161778121946,0.3459730880074061,-0.002416989432493756,-0.21687531590441084,0.38435558137112924,0.3501079815347705
1774368229.1634314,base,163308824,1774368229,-0.006884926071518418,0.9382169931426548,0.34597050879011215,-0.002424586326805843,-0.21687227355364946,0.38435792105051575,0.3501220503612018
1774368229.1644468,base,164337616,1774368229,-0.006896958312431258,0.938217161638215,0.34596977549483254,-0.002429818434204185,-0.2168743003298903,0.3843567122793839,0.35013269819843285
1774368229.1654537,base,165328180,1774368229,-0.006908743056743432,0.9382166362680664,0.3459709486784181,-0.002432153318757958,-0.2168737786388966,0.384355899725353,0.35014282598056096
1774368229.166521,base,166371984,1774368229,-0.006913008342472445,0.9382166328145946,0.3459708640171297,-0.002433408502866612,-0.21687342233467266,0.3843558909503693,0.35014666155156343
1774368229.1673832,base,167292655,1774368229,-0.006926838534295271,0.9382155498627858,0.3459734915437509,-0.0024380427839205336,-0.2168762668395289,0.3843564620776934,0.350159667103834
1774368229.1685364,base,168378870,1774368229,-0.006940600630698736,0.9382159098552142,0.34597219883603686,-0.002443806456251508,-0.21687470038968817,0.3843562839119121,0.3501722310551059
1774368229.1693723,base,169288545,1774368229,-0.006954183461447457,0.9382155370019116,0.345972914422746,-0.0024470280812691815,-0.21687419116630724,0.3843573077730077,0.35018414909979795
1774368229.1705494,base,170369201,1774368229,-0.006964724042352835,0.9382156291901662,0.3459724202975247,-0.0024515619076858858,-0.2168742451736947,0.38435575589873217,0.35019397937407304
1774368229.171437,base,171343429,1774368229,-0.006969183936791985,0.938215705867076,0.3459721118669459,-0.002453069490432452,-0.21687418554143942,0.3843557305883899,0.3501980754488303
1774368229.1725533,base,172409799,1774368229,-0.006985448222681496,0.9382164204352763,0.3459698115892707,-0.0024579275069625426,-0.2168741455520541,0.3843576696795477,0.35021212646417654
1774368229.1734645,base,173385103,1774368229,-0.0070015163753233585,0.9382142356188335,0.34597535782361627,-0.002465487666731376,-0.21687580891192892,0.38435738031765787,0.35022772308873024
1774368229.174574,base,174403215,1774368229,-0.0070141969834277024,0.9382153011734263,0.3459721764014032,-0.002470392845461594,-0.21687422452587843,0.38435795182567806,0.35023806457245876
1774368229.1754172,base,175335280,1774368229,-0.007029879114309331,0.9382169289594838,0.34596740194987946,-0.002476247468150442,-0.2168727030451495,0.3843583928640605,0.35025228624290106
1774368229.176555,base,176421619,1774368229,-0.007034514539310248,0.9382170711728175,0.34596690969263727,-0.002477975549326926,-0.21687263311184746,0.3843583185855528,0.3502564753428009
1774368229.1774359,base,177349914,1774368229,-0.007048537293800717,0.938215537850275,0.34597075508637276,-0.0024817903421003543,-0.21687496481104757,0.38435804861045,0.3502689235061244
1774368229.1785295,base,178390151,1774368229,-0.007063592123083657,0.9382145393165895,0.3459731200685016,-0.002486779311607127,-0.21687540362845864,0.38435610874209036,0.35028350035226424
1774368229.179379,base,179310378,1774368229,-0.007082561245301271,0.9382153692088749,0.3459704248620361,-0.0024946797877403197,-0.21687419605196365,0.3843587508285477,0.35030067627487393
1774368229.1804621,base,180339895,1774368229,-0.007095157702340313,0.9382154264644454,0.3459699748665487,-0.0024997544194091596,-0.2168728413640523,0.3843582958742741,0.35031235704869157
1774368229.1813884,base,181320436,1774368229,-0.007100019564542046,0.9382155385689049,0.34596955751645797,-0.002501635846620312,-0.2168727473585357,0.38435817424452756,0.3503168629019706
1774368229.1824827,base,182378031,1774368229,-0.007114658323623472,0.9382142547744394,0.34597271289874565,-0.002505135617759106,-0.21687317532507724,0.3843580425935374,0.3503289323514969
1774368229.1833968,base,183292026,1774368229,-0.007133721348295055,0.9382148541861173,0.34597063709425047,-0.002513100245909466,-0.21687278757192754,0.3843595450956779,0.35034609280044005
1774368229.1844885,base,184326586,1774368229,-0.007150593088540514,0.938214833265129,0.3459703076902266,-0.002518304290229888,-0.2168730617204016,0.38436013666660207,0.3503622566696833
1774368229.1853347,base,185264146,1774368229,-0.00716821142745535,0.9382148943394107,0.34596972993520886,-0.002524827356102694,-0.21687281476324327,0.38435955190150073,0.3503774532995686
1774368229.1864753,base,186332060,1774368229,-0.007174228270283182,0.9382147075923878,0.34597009582708993,-0.0025269941532135376,-0.21687277406908384,0.38435949947662956,0.35038274127962477
1774368229.1873717,base,187291611,1774368229,-0.007188218041325913,0.9382147062287912,0.3459697731506028,-0.002531916968203389,-0.21687188077757347,0.38435996626640756,0.3503960873618291
1774368229.188483,base,188337492,1774368229,-0.007207196745468372,0.9382147186124509,0.3459693034002051,-0.0025375576463479215,-0.2168729602808426,0.3843588468832868,0.35041219589897604
1774368229.1893942,base,189318968,1774368229,-0.007226832793587635,0.9382142493391116,0.34597011930230903,-0.0025439683109435406,-0.2168717328330017,0.38436111936147865,0.3504307031414393
1774368229.1905017,base,190353200,1774368229,-0.007244879925544205,0.9382143053517475,0.34596952933884156,-0.002552198515515663,-0.2168713638536107,0.38436081191354066,0.3504479224993615
1774368229.191367,base,191272443,1774368229,-0.007250670017303893,0.9382142907905799,0.3459694295111382,-0.0025546397724271353,-0.21687147714809263,0.38436058882183266,0.35045341492588994
1774368229.1924534,base,192346402,1774368229,-0.007264883954972242,0.9382158900884405,0.3459647571693048,-0.002559656902829306,-0.21686912042853404,0.3843620741425943,0.3504665211763724
1774368229.1933377,base,193258560,1774368229,-0.007284097457215003,0.9382172977136891,0.3459604764878812,-0.002567664957699648,-0.2168671981303699,0.38436263982079727,0.3504844450982059
1774368229.1943915,base,194287359,1774368229,-0.00730063997617852,0.9382154672627417,0.3459650580252097,-0.002572211209578925,-0.21686914426632511,0.38436156024042833,0.3504988172035402
1774368229.195364,base,195272643,1774368229,-0.0073243931270066615,0.9382146767861709,0.34596664140126704,-0.002580032144945538,-0.21686942172056936,0.38436178958029144,0.3505196758434704
1774368229.1964917,base,196388023,1774368229,-0.007331091819303498,0.9382146688451756,0.34596650124446265,-0.0025826871935628495,-0.21686952669080115,0.38436181026431,0.3505257724284371
1774368229.1973941,base,197307174,1774368229,-0.007346865461508845,0.9382161336895637,0.3459621439096435,-0.0025894080289649256,-0.2168670485926248,0.3843641281133056,0.35054074342034414
1774368229.1983879,base,198297445,1774368229,-0.007366700359811413,0.9382151763579624,0.3459642650768753,-0.0025965105861877674,-0.2168688769206204,0.3843612919564253,0.35055901044281634
1774368229.1993968,base,199299803,1774368229,-0.007389678265197384,0.9382159201382959,0.3459616971958926,-0.0026045973825348507,-0.2168658406084218,0.3843652567197507,0.35057963182105295
1774368229.2004926,base,200379798,1774368229,-0.007411259121210237,0.9382154872480185,0.3459623524300807,-0.002612169069197427,-0.21686842908220563,0.3843651832924667,0.35059871637187323
1774368229.201423,base,201311350,1774368229,-0.007418600169787958,0.938215325641768,0.34596261433195946,-0.0026146867934736732,-0.21686875391515786,0.3843652858217668,0.35060510046171905
1774368229.2025037,base,202400609,1774368229,-0.00743414603106182,0.9382164954122976,0.3459590666732547,-0.002620189997993963,-0.21686569773649347,0.3843653330469913,0.350620659813873
1774368229.2034085,base,203302292,1774368229,-0.007457733233288336,0.9382159756285214,0.3459599068579614,-0.002628333554469138,-0.21686656713535274,0.3843666772036514,0.35064244042445064
1774368229.204507,base,204413456,1774368229,-0.007476339919111569,0.938216079140253,0.34595917211143656,-0.002635226000531899,-0.216864758379056,0.3843673324426046,0.3506605514050582
1774368229.205438,base,205328703,1774368229,-0.007497468323980602,0.9382144797322535,0.34596300548521913,-0.0026413680361065763,-0.21686677562666629,0.38436675918363084,0.35067982878098913
1774368229.2064772,base,206383549,1774368229,-0.007504903956971164,0.9382142505000969,0.3459634507639898,-0.00264335215409456,-0.21686737503005565,0.38436707674398085,0.35068659324934354
1774368229.2074084,base,207301177,1774368229,-0.007521520153109243,0.938216075871543,0.345958095428707,-0.002649135355357535,-0.21686434116742112,0.3843685348763193,0.3507021411568789
1774368229.208488,base,208336538,1774368229,-0.0075527002845681285,0.9382141263353954,0.3459626113794795,-0.0026610882385981814,-0.2168679184012963,0.3843708003670482,0.3507300114881621
1774368229.2094316,base,209316858,1774368229,-0.007572146632649704,0.9382156296552079,0.3459580616705556,-0.002667289112118058,-0.21686740088362552,0.38437238239659177,0.3507477921454446
1774368229.2104678,base,210336689,1774368229,-0.00760027333613187,0.9382165241958835,0.3459549397142704,-0.002677547069016032,-0.2168672806189617,0.3843742832481609,0.35077395363387953
1774368229.2114074,base,211305741,1774368229,-0.007609311430864033,0.9382165522525853,0.34595464262430176,-0.0026804300982593036,-0.21686774323684277,0.38437540369714984,0.3507822148601177
1774368229.2124646,base,212356017,1774368229,-0.007623598934521751,0.9382163167925418,0.3459549301839045,-0.0026851303455218724,-0.21686617551903048,0.38437708036232276,0.35079553872061703
1774368229.213423,base,213321358,1774368229,-0.0076502000474569735,0.9382155204597764,0.34595642965611384,-0.002694510571348714,-0.21686609759352093,0.38437969496223306,0.350820950289759
1774368229.2144482,base,214347037,1774368229,-0.007675263305011438,0.9382157982789271,0.3459550646635061,-0.0027017451218933368,-0.2168677060917083,0.38438070627777,0.35084416681752223
1774368229.2153807,base,215299084,1774368229,-0.007702327002730498,0.93821623983367,0.3459531970160984,-0.0027105249404728348,-0.21686769958247343,0.3843844768487275,0.35086778234695365
1774368229.2164254,base,216348194,1774368229,-0.007711466231067715,0.9382163273668495,0.3459527303231399,-0.0027138041183401317,-0.21686804880459207,0.38438525709242116,0.3508759030445812
1774368229.2173407,base,217269244,1774368229,-0.007732939959801739,0.938216273888904,0.34595233378760315,-0.0027217267515115976,-0.2168693321567026,0.3843880426128495,0.3508968325335787
1774368229.218407,base,218313713,1774368229,-0.007763576757346477,0.9382147418869374,0.3459557372069818,-0.0027299955190080833,-0.21687197864551364,0.384390556170658,0.350923917743426
1774368229.2193801,base,219285588,1774368229,-0.0077878386020466045,0.938216274923034,0.34595097626076754,-0.0027373461009041963,-0.21687032493819408,0.3843936290041882,0.35094552299969944
1774368229.2204225,base,220322790,1774368229,-0.007818516743988223,0.9382165362238843,0.34594948667678727,-0.002748566908074305,-0.21687297371632017,0.3843970574901305,0.3509736175308984
1774368229.2213807,base,221306005,1774368229,-0.00782739766571193,0.9382165763800776,0.34594915084839156,-0.0027518500514390025,-0.2168732084181022,0.3843976136103841,0.35098181403022016
1774368229.222391,base,222317641,1774368229,-0.007850011269938749,0.9382161974034648,0.34594960987283674,-0.002758927631628437,-0.21687381749288606,0.3844011064605929,0.3510028662943068
1774368229.2233975,base,223320242,1774368229,-0.007886519811694038,0.9382155977996186,0.34595031356513334,-0.0027704503153815623,-0.21687495343801697,0.3844059493290524,0.3510353381877491
1774368229.2243943,base,224321302,1774368229,-0.007912991164151704,0.9382152381559389,0.3459506111112788,-0.002779592517610489,-0.2168780180450953,0.38440695815038195,0.3510590791448204
1774368229.2253635,base,225283847,1774368229,-0.007945098421822807,0.938215157768327,0.3459500112907469,-0.0027897728855565355,-0.2168799154502226,0.38441162413606456,0.35108740062797006
1774368229.2263398,base,226268346,1774368229,-0.007954801078814541,0.9382150464253928,0.3459500639681319,-0.002793034414379631,-0.2168800077326943,0.38441267538245205,0.3510962207703215
1774368229.2274482,base,227345765,1774368229,-0.007982897487744098,0.9382152571057684,0.3459487814196883,-0.002800949105192196,-0.21688139317831073,0.3844175870140066,0.3511213133578915
1774368229.2284787,base,228410658,1774368229,-0.008017601791526498,0.9382144719241715,0.34595003074965325,-0.002810508472601312,-0.21688233567979834,0.3844216551164348,0.35115176894207784
1774368229.2294137,base,229339983,1774368229,-0.008045579190174701,0.9382154231030633,0.34594672858279574,-0.002819483976901219,-0.21688328044273286,0.3844257902528043,0.35117738180928226
1774368229.2304506,base,230358051,1774368229,-0.008083153884186721,0.9382132304889814,0.3459517225330164,-0.002828857570256291,-0.21688867097459147,0.38443015224551474,0.351209981102105
1774368229.2314224,base,231343862,1774368229,-0.00809451045562331,0.9382132172113552,0.3459514647599518,-0.002832310160650984,-0.21688937551273485,0.38443173499302796,0.35121997547917344
1774368229.2324471,base,232377515,1774368229,-0.008115908162636262,0.9382144621066609,0.34594751036250787,-0.0028416900934171954,-0.21688866148054245,0.38443406860998847,0.3512410250399922
1774368229.2334359,base,233340610,1774368229,-0.00815044753849803,0.938214816578769,0.3459456362424052,-0.0028539309428548504,-0.2168911327025382,0.3844375670283788,0.3512729929172067
1774368229.2344608,base,234372484,1774368229,-0.008183649507383204,0.9382143559034242,0.34594601419170334,-0.0028645282922289874,-0.2168922421058913,0.3844420411577874,0.3513029678683828
1774368229.2354531,base,235346013,1774368229,-0.008216281420326606,0.9382134058050815,0.3459477417285958,-0.00287365275147612,-0.2168968486421074,0.38444512754580723,0.3513337746581552
1774368229.2364368,base,236357848,1774368229,-0.008228493429146128,0.9382133279193344,0.34594763130066886,-0.002877430775971743,-0.21689764605948045,0.38444696042491866,0.3513449537086491
1774368229.2374296,base,237337890,1774368229,-0.008259122893443542,0.9382128829002826,0.34594804211198593,-0.0028853782863524466,-0.2168975716820185,0.3844530086736936,0.35137277011158735
1774368229.2385073,base,238406542,1774368229,-0.008293293632092724,0.938213437431844,0.34594562156916897,-0.0028972435480175435,-0.2168993223698459,0.38445529239328413,0.3514037162600484
1774368229.2394292,base,239339217,1774368229,-0.008327039331394457,0.9382117673352813,0.34594926344383053,-0.002906401942675518,-0.21690276803614914,0.3844594669941971,0.35143552415483303
1774368229.2404234,base,240350281,1774368229,-0.008365234053634396,0.9382125191378087,0.3459461845130593,-0.0029204816676938264,-0.2169044647166136,0.38446591199226815,0.35147012060832294
1774368229.2413251,base,241246899,1774368229,-0.008378341358706272,0.938212671405341,0.3459454162985867,-0.002924987611628721,-0.21690520315729506,0.3844679506546321,0.351481941445893
1774368229.2423913,base,242320954,1774368229,-0.008409191988253632,0.9382110176652331,0.34594908386271045,-0.002933120560708164,-0.21690919937165012,0.384471543360276,0.351510212818821
1774368229.2433581,base,243274039,1774368229,-0.008450216128548,0.9382105018616234,0.3459493685467235,-0.002946599067568232,-0.21691254874449095,0.3844751165453576,0.3515477154012439
1774368229.244429,base,244357673,1774368229,-0.008486220551332286,0.9382101461121335,0.3459493531241142,-0.0029581862703958127,-0.21691297053385014,0.38448041482431355,0.35157944233399113
1774368229.2454093,base,245338968,1774368229,-0.008525606476456468,0.9382102034456956,0.3459481279976884,-0.0029700032811500686,-0.2169169647645207,0.3844853670168222,0.3516157946045067
1774368229.2463307,base,246261121,1774368229,-0.008538201926543426,0.9382100339363707,0.3459482437287328,-0.0029738846616973553,-0.21691788992692893,0.3844868408862787,0.3516273221375186
1774368229.2474217,base,247340848,1774368229,-0.00857246097944079,0.9382099754246706,0.34594746666761095,-0.002984163644522748,-0.21691933323804233,0.3844924953577674,0.35165755543519384
1774368229.2484636,base,248365307,1774368229,-0.008611084093039139,0.9382103272944285,0.34594544627403784,-0.0029965298397828613,-0.21692227854002083,0.38449607668979346,0.35169381031517716
1774368229.2494378,base,249340368,1774368229,-0.008649399423401783,0.9382107220517918,0.3459433119362373,-0.0030089604944508923,-0.21692319349759653,0.38450228909454787,0.3517278943565125
1774368229.2503564,base,250261948,1774368229,-0.008694073711482612,0.9382087799844042,0.34594735892171835,-0.003020446583373887,-0.21692724009455724,0.3845091764082498,0.3517687876564352
1774368229.251432,base,251342698,1774368229,-0.008708519911882132,0.9382083910233676,0.34594801485250093,-0.003024518788487226,-0.21692822254456934,0.3845113089061177,0.3517818788486477
1774368229.2524536,base,252379436,1774368229,-0.008739866049626633,0.9382078437435519,0.34594860807080124,-0.003035992981656139,-0.21693233095765613,0.38451407447069713,0.35181121342595484
1774368229.253418,base,253338665,1774368229,-0.00878826876509978,0.9382086676533047,0.3459450208406754,-0.003050381593812233,-0.2169347931607712,0.3845223495824172,0.35185502261393514
1774368229.2544057,base,254247654,1774368229,-0.008830817956434632,0.9382077752600534,0.3459462451745504,-0.003063094094420615,-0.21693973483001577,0.38452916718071356,0.35189183430246973
1774368229.255451,base,255320045,1774368229,-0.008872128435020098,0.9382068336048045,0.3459476416073477,-0.003074407356420392,-0.21694314847639534,0.38453439362144765,0.3519305146096925
1774368229.256411,base,256319101,1774368229,-0.008885679318582956,0.9382067521750548,0.3459474811810596,-0.0030781716428695963,-0.2169437974319097,0.38453646638847927,0.35194312672705147
1774368229.2573886,base,257283376,1774368229,-0.008922770005777611,0.9382054178971446,0.3459500370212213,-0.003090289449833474,-0.21694796907989705,0.3845411877494049,0.35197517920450155
1774368229.2584229,base,258326836,1774368229,-0.008973447768837956,0.9382069893892648,0.34594432379578866,-0.0031059828953477263,-0.21695024489824347,0.38454842668765704,0.35202219404563284
1774368229.2594264,base,259285440,1774368229,-0.009018018335190342,0.9382055597243211,0.34594691233299923,-0.003120399805109231,-0.21695452502572607,0.38455416841446294,0.3520620023148708
1774368229.2604315,base,260297834,1774368229,-0.009064237300375066,0.9382060761600874,0.34594417029239133,-0.0031351713132936714,-0.21695737971434784,0.3845616759246861,0.3521038687490693
1774368229.2613819,base,261279524,1774368229,-0.009080485800572956,0.9382059967468466,0.3459439145536396,-0.0031401320332156957,-0.2169585830135372,0.38456421463690343,0.35211864660171127
1774368229.2623994,base,262308162,1774368229,-0.009119788393862792,0.9382049869031713,0.34594552230640796,-0.0031508103430362565,-0.21696189945716612,0.38457021229559507,0.3521538213496167
1774368229.26336,base,263275564,1774368229,-0.009170411294689767,0.9382046917920027,0.3459448392756428,-0.0031667072345257837,-0.21696712549482156,0.384576911781497,0.3522004816583708
1774368229.2643955,base,264294580,1774368229,-0.009212488453670323,0.9382043471901292,0.3459445412815224,-0.003179202345165631,-0.2169690018891528,0.3845833357799118,0.35224006071732444
1774368229.2653863,base,265276584,1774368229,-0.009262938025388792,0.9382028482392458,0.34594711793516675,-0.003194546486813836,-0.21697421386213792,0.3845907259025182,0.3522861375910194
1774368229.2664661,base,266340877,1774368229,-0.009279976887915441,0.9382025959812,0.3459472975009355,-0.003199730441152053,-0.21697539797931406,0.38459336804799515,0.35230149908956343
1774368229.2674093,base,267324443,1774368229,-0.009323313902467649,0.9382034706585027,0.3459436355994221,-0.0032131682916149195,-0.21697699571088946,0.3846006544503118,0.3523398279971893
1774368229.2684255,base,268335590,1774368229,-0.009378144623355716,0.9382032715709089,0.3459425458365075,-0.0032290241904720184,-0.21698124895422144,0.3846082461484139,0.35238959153441796
1774368229.2693145,base,269239206,1774368229,-0.009426170953316193,0.9382027082438179,0.3459426293596717,-0.003243876822729431,-0.21698402715779425,0.3846153942721979,0.35243355171166496
1774368229.2704244,base,270306770,1774368229,-0.009479533420870028,0.9382018464626989,0.34594336659804326,-0.0032589640864582824,-0.21698857136262803,0.3846239443711829,0.3524822947989955
1774368229.2714062,base,271300574,1774368229,-0.009497831748119884,0.9382016250492455,0.3459434152052226,-0.0032642645705054764,-0.21699008732746014,0.3846267355627888,0.3524986616830584
1774368229.27239,base,272288217,1774368229,-0.009545542375575521,0.938201711601226,0.3459417209961453,-0.0032797322316249424,-0.21699386476549948,0.3846361252310643,0.35254171671479234
1774368229.2733643,base,273245429,1774368229,-0.009603119934009731,0.9382023988809964,0.3459380939695142,-0.0032975691374642164,-0.2169994053867382,0.3846439077526498,0.3525943341735714
1774368229.2744327,base,274327382,1774368229,-0.009652173129513397,0.9382014317396572,0.34593920408789947,-0.0033130213651589714,-0.21700271828033788,0.3846502884152274,0.3526394165796657
1774368229.2754335,base,275354029,1774368229,-0.009707364694256548,0.9382004902507016,0.3459400659849389,-0.0033283494966687387,-0.21700521030688696,0.3846586084513591,0.35268782172990265
1774368229.27648,base,276375555,1774368229,-0.009725341389383142,0.9382001546311576,0.3459404223783707,-0.0033334291062834804,-0.21700657252144157,0.3846611748863317,0.35270387733076897
1774368229.2774994,base,277355410,1774368229,-0.009773107880953362,0.9382010420479611,0.3459365160525276,-0.0033493169313270404,-0.2170104803604104,0.3846713355586492,0.35274818284499976
1774368229.278477,base,278363826,1774368229,-0.009832951609156322,0.9382002241903047,0.3459368532802471,-0.00336837267457989,-0.2170136269276877,0.38467906190956225,0.35280206018571547
1774368229.2794592,base,279343278,1774368229,-0.009882704792419754,0.9382000255939984,0.34593583923498533,-0.003382196652036172,-0.2170178912981619,0.38468656564806386,0.352847425706605
1774368229.2805173,base,280420793,1774368229,-0.009941779221207873,0.9382000223125667,0.3459339682610834,-0.0034012882494432206,-0.2170215102331786,0.38469503439713537,0.3529008953687878
1774368229.281339,base,281257078,1774368229,-0.009960461473303022,0.9382001161007224,0.3459331175804735,-0.0034072741134387593,-0.21702256658257807,0.3846980404743715,0.3529176887352704
1774368229.2824986,base,282397342,1774368229,-0.010009166221039128,0.9382008564363741,0.34592955521855184,-0.00342233836852319,-0.21702507010446653,0.3847076963411722,0.3529623356769258
1774368229.284086,base,283319298,1774368229,-0.010071328935905692,0.9381997596453517,0.34593053534414736,-0.003441518760775826,-0.21702824722044173,0.38471518867231047,0.3530185346647145
1774368229.2845356,base,284407539,1774368229,-0.010128902981172978,0.9381999413891668,0.3459281840263918,-0.0034593059946756307,-0.21703223420387155,0.3847247188498567,0.35306930529082503
1774368229.2854524,base,285309485,1774368229,-0.010194894170210928,0.9381994317236917,0.3459274430309165,-0.0034777297612382137,-0.2170365419398093,0.38473519975655845,0.35312745015724895
1774368229.2864912,base,286393404,1774368229,-0.010215115428778532,0.9381990543657781,0.34592781300466807,-0.0034833882562700274,-0.21703826812803834,0.38473803651261457,0.35314538661637396
1774368229.2875218,base,287300508,1774368229,-0.01026218191172291,0.9381995046946829,0.3459250379927462,-0.0034993003271187586,-0.2170408977642983,0.384745513866682,0.35318871796920115
1774368229.288561,base,288305015,1774368229,-0.010327722610303004,0.9381972309167872,0.34592907192854133,-0.0035172774151783727,-0.21704500211089944,0.3847558493659073,0.35324764012442933
1774368229.289519,base,289295055,1774368229,-0.010389174539423765,0.9382002321526416,0.3459188824035062,-0.0035378295363085077,-0.21704574137879354,0.38476698795195097,0.353302028715868
1774368229.290556,base,290321188,1774368229,-0.010447603921620086,0.9381986343004958,0.3459212731705581,-0.003555690796690526,-0.2170524533228532,0.38477367454095235,0.35335454875553385
1774368229.2914863,base,291311426,1774368229,-0.010469016330616096,0.9381984254320453,0.3459211288747376,-0.003561855124393731,-0.2170540269909091,0.3847770403247147,0.35337349102155036
1774368229.2925334,base,292335384,1774368229,-0.010529282207452487,0.9381983812875503,0.34591923642797595,-0.0035795858283175787,-0.21705901498093672,0.3847875848672052,0.35342660635412027
1774368229.293529,base,293320065,1774368229,-0.010599413202647331,0.938195744242514,0.3459240378988202,-0.0035997123177492433,-0.2170639674895096,0.38479856433667653,0.35348834157691666
1774368229.2946157,base,294390114,1774368229,-0.010660038483286756,0.9381980716452472,0.34591565763412646,-0.003619356879933811,-0.2170649232214033,0.38480888835541266,0.353540934511579
1774368229.2954347,base,295297757,1774368229,-0.010734626452233918,0.9381975275499238,0.34591459839868266,-0.0036411136784239846,-0.21707115785493744,0.3848209942901628,0.35360386803436683
1774368229.2964075,base,296324299,1774368229,-0.010758865565863139,0.9381973430130847,0.34591427429462046,-0.003647905446976754,-0.21707286909133472,0.3848248790665289,0.3536240446244044
1774368229.2973554,base,297278599,1774368229,-0.010818056534080347,0.9381961460365301,0.3459154740881948,-0.0036668789680894174,-0.21707948098714314,0.38483291720073665,0.3536751437404064
1774368229.298383,base,298312891,1774368229,-0.010900617469951843,0.9381975727102951,0.3459087475102598,-0.0036918146171890263,-0.21708254869315474,0.38484884034558475,0.3537420715898609
1774368229.2993824,base,299301758,1774368229,-0.010975393752910886,0.9381957995084004,0.3459109644051903,-0.003713114734693282,-0.2170900362225798,0.3848607775771831,0.3538027367295784
1774368229.300406,base,300316184,1774368229,-0.0110542040222137,0.9381945854606258,0.3459115179493211,-0.0037344525430413984,-0.21709536949327074,0.3848742080330252,0.3538660022125776
1774368229.3014512,base,301322568,1774368229,-0.011080212513843371,0.9381945067577434,0.3459108215906057,-0.0037416422536815323,-0.2170971378395514,0.3848786042604683,0.3538870615250611
1774368229.302469,base,302365930,1774368229,-0.011146598466300804,0.938195617241944,0.3459054512358334,-0.003762437504218548,-0.21709993925754223,0.384889994320194,0.3539374781793051
1774368229.3033855,base,303299972,1774368229,-0.011230274727452267,0.9381947522665436,0.345904825814402,-0.0037867172290980064,-0.21710592566522946,0.3849015520003038,0.3540019603445962
1774368229.3044279,base,304347761,1774368229,-0.011309152250126273,0.938194421104845,0.345902913743177,-0.003808614854341314,-0.21711195093503377,0.38491658781481014,0.35406466837317996
1774368229.305399,base,305311806,1774368229,-0.011396946879259363,0.938193984252472,0.34590092328082134,-0.0038352037467439134,-0.21711892320501106,0.3849311897650601,0.3541344041202297
1774368229.306414,base,306333000,1774368229,-0.011425012984059915,0.9381937806833445,0.34590045421317994,-0.0038437924660839765,-0.21712138025723274,0.3849355537525385,0.35415656806594165
1774368229.3073854,base,307298892,1774368229,-0.011493969873794366,0.9381913503000532,0.34590455850959206,-0.003862030681832695,-0.21712847942347813,0.3849468565022168,0.3542127356578602
1774368229.3084435,base,308331787,1774368229,-0.011575611127574485,0.9381917182190309,0.3459005552043979,-0.003887287169069634,-0.21713455453393468,0.3849579357474549,0.3542782348792454
1774368229.3094413,base,309325976,1774368229,-0.01165559475409338,0.9381918723188493,0.3458971799739093,-0.003911356782170421,-0.21713905271267184,0.38497327048997704,0.3543440257327947
1774368229.310486,base,310362035,1774368229,-0.01174031856336626,0.9381911847710545,0.34589589137427573,-0.003936758604628609,-0.21714592680570954,0.3849859504979572,0.3544123923361433
1774368229.3114655,base,311366375,1774368229,-0.011768900786661065,0.9381910941596219,0.3458950703150248,-0.003945142026505648,-0.21714802888419169,0.38499097222476436,0.35443547340662795
1774368229.3124425,base,312341646,1774368229,-0.011838939406251154,0.9381901375215138,0.3458950502951593,-0.003964789074770232,-0.2171552542142158,0.3850024031050966,0.3544918767507573
1774368229.3133724,base,313286436,1774368229,-0.011927446642239324,0.9381892377458935,0.3458941430851832,-0.003991487660341586,-0.21716298908534512,0.3850142893670421,0.3545633353935857
1774368229.3144476,base,314332263,1774368229,-0.012012769435178478,0.9381876233435703,0.3458953096120904,-0.004013921249417172,-0.21716890394610813,0.3850293109608385,0.35463270632677485
1774368229.315377,base,315287468,1774368229,-0.012099487329223765,0.938188050605454,0.3458908202293771,-0.004040369853951827,-0.21717399959634998,0.3850442171114735,0.3547025180691476
1774368229.3164225,base,316328778,1774368229,-0.012128932344090772,0.9381880116923673,0.34588978942214466,-0.004049356790819361,-0.21717603393575158,0.3850491778144902,0.354726381887038
1774368229.317426,base,317329395,1774368229,-0.012203933082681749,0.9381863711187155,0.34589136199508697,-0.004069737287959276,-0.2171826717845554,0.38506388598585706,0.3547880475027591
1774368229.318498,base,318336075,1774368229,-0.01229864808122071,0.9381859674216302,0.3458887767931663,-0.0040973011899771445,-0.21719064162561727,0.3850770963053703,0.3548651402074773
1774368229.3193867,base,319303356,1774368229,-0.012380938706691144,0.9381841867601,0.3458903869413359,-0.0041212002625502266,-0.21719873209441387,0.38508980971552853,0.3549322671657532
1774368229.3204815,base,320335814,1774368229,-0.012471101430810424,0.9381838862270268,0.3458876420575412,-0.004148050738611775,-0.21720533106743134,0.3851051561335895,0.355006891040197
1774368229.3213902,base,321301003,1774368229,-0.012501399213096247,0.9381838320433905,0.3458865833669116,-0.004157373793453312,-0.21720745863696164,0.38511006880336723,0.3550320376471886
1774368229.322521,base,322386151,1774368229,-0.012576402799586762,0.9381840293222894,0.34588305636932093,-0.0041800160087559456,-0.2172132345044599,0.3851240340178348,0.35509372146893325
1774368229.3234155,base,323332920,1774368229,-0.012674214285428337,0.9381827923496867,0.3458825058209225,-0.004207683237979787,-0.21722007834691656,0.3851378022475095,0.35517286171436363
1774368229.3245192,base,324383083,1774368229,-0.01275849266044374,0.9381816432297764,0.3458822182042914,-0.00423276526505054,-0.21722792993565895,0.38515246423059785,0.35524380948881995
1774368229.3254204,base,325338134,1774368229,-0.012849980202740051,0.9381803917909517,0.34588188346349913,-0.0042606524744316235,-0.2172338942530673,0.38516519372171154,0.3553203527500899
1774368229.326516,base,326385064,1774368229,-0.012880717591069405,0.9381802408338009,0.3458810366756406,-0.0042698116532869325,-0.21723595201534435,0.38517017394007746,0.35534598013879226
1774368229.3274014,base,327330104,1774368229,-0.012956899822304517,0.9381777132335383,0.34588479121641563,-0.004290494617195227,-0.21724606903296614,0.38518058650582443,0.3554072227080183
1774368229.3285146,base,328378598,1774368229,-0.013052186974245827,0.9381781718612618,0.3458795997678792,-0.004319805859260824,-0.21725028182445558,0.3851952349365254,0.3554865156886137
1774368229.3293521,base,329264856,1774368229,-0.013141841465263548,0.9381751562015592,0.34588406364427804,-0.004345435076349967,-0.2172592794899606,0.3852077981404082,0.3555611931170725
1774368229.3304422,base,330371274,1774368229,-0.013236475867722362,0.9381749409240486,0.3458806780532055,-0.004374068839863082,-0.21726661931147787,0.3852228277715685,0.3556381587182342
1774368229.3314044,base,331313084,1774368229,-0.013268383333558514,0.9381748561127877,0.3458795624327461,-0.004383794337771764,-0.21726897304759168,0.38522765340087706,0.35566406459268013
1774368229.332407,base,332306680,1774368229,-0.013349323825431438,0.9381751173724929,0.3458754367793697,-0.004407599028153868,-0.2172733502541169,0.38524302251922204,0.3557316533517264
1774368229.3334343,base,333332542,1774368229,-0.013454443953045502,0.9381739649692609,0.3458740953010573,-0.004438422179746199,-0.2172800958395005,0.38525804671344044,0.35581748687171827
1774368229.3343704,base,334277478,1774368229,-0.013540295257886496,0.9381732514167933,0.3458723572916006,-0.004463540290283489,-0.2172865448637738,0.38527042612719187,0.35588876193957963
1774368229.3353915,base,335305250,1774368229,-0.013639465850420387,0.938171372566132,0.3458731814510704,-0.004492551792690916,-0.21729313558936766,0.3852848996939268,0.35596985996755165
1774368229.336444,base,336359398,1774368229,-0.013671679007784454,0.9381710703675439,0.3458726065095178,-0.004501997871766023,-0.21729528895868466,0.3852896887750323,0.35599632099148154
1774368229.3373785,base,337305602,1774368229,-0.013749145308841023,0.9381705177052657,0.34587072312023825,-0.004525881151061034,-0.21730166208755572,0.3853014005191472,0.35606029627984215
1774368229.338488,base,338349620,1774368229,-0.013854329135443703,0.9381694159482817,0.3458691122332524,-0.004556505947390436,-0.2173106375571525,0.38531528809859894,0.3561484784913975
1774368229.3393831,base,339309405,1774368229,-0.013945708434735592,0.9381671767968084,0.3458711474451563,-0.004584207928345911,-0.217317069305647,0.38532918860861476,0.3562246395588775
1774368229.3403935,base,340314485,1774368229,-0.014045803124235841,0.9381666313896422,0.34586819700041016,-0.0046127502958723835,-0.21732407816938326,0.38534509833687053,0.3563089669072917
1774368229.3414264,base,341329763,1774368229,-0.014078611719542338,0.9381662333540624,0.34586781436565556,-0.004622366517888375,-0.21732665433401008,0.38535021377901435,0.3563363330212531
1774368229.3424928,base,342356698,1774368229,-0.01415970255665138,0.9381657972155079,0.34586535032826426,-0.004647494034950185,-0.2173305343909829,0.3853630056266939,0.35640584171848977
1774368229.3433778,base,343304393,1774368229,-0.01426456018314229,0.9381648855363942,0.34586308936913357,-0.004679025678980027,-0.21733793592572812,0.3853776164384939,0.35649369574895323
1774368229.3444862,base,344349728,1774368229,-0.01435805194978666,0.9381647142823677,0.3458592936673858,-0.004707887380493048,-0.21734349770074954,0.3853922405636551,0.35657349560894586
1774368229.3453646,base,345262711,1774368229,-0.014454459108594477,0.9381615299619229,0.3458635329263097,-0.004735916290803175,-0.21735132005584545,0.3854048515872916,0.35665574010069906
1774368229.346411,base,346297853,1774368229,-0.014486756602475925,0.9381608765526576,0.34586382688586426,-0.0047451913506996206,-0.21735345783708898,0.38540936310593454,0.3566831826938052
1774368229.3473184,base,347243306,1774368229,-0.014575186240923152,0.9381613614490761,0.34585841255112876,-0.0047730805222152605,-0.2173582065859738,0.38542343260935646,0.3567579298200365
1774368229.3484735,base,348376286,1774368229,-0.014681917838105038,0.9381607797326517,0.34585504007798185,-0.004804572059589824,-0.21736371257430356,0.38543719102203966,0.3568471211999485
1774368229.3494053,base,349340287,1774368229,-0.014777713267621869,0.9381596197432537,0.3458536962813314,-0.004834029614523132,-0.21736857080582533,0.3854521332715947,0.35692946863472236
1774368229.3505301,base,350396800,1774368229,-0.014877291177559517,0.9381570651561386,0.34585593898525346,-0.00486382292722326,-0.2173769332112429,0.38546289855599924,0.35701428378123806
1774368229.3513997,base,351330541,1774368229,-0.014911108584817971,0.9381566252668453,0.3458555317914444,-0.004874057647673416,-0.2173790296900277,0.38546746740158067,0.3570428746859611
1774368229.35248,base,352376192,1774368229,-0.014996769249631869,0.9381569889721515,0.34585046232684746,-0.004900883908619453,-0.21738170988935215,0.38548344243969285,0.3571180114040252
1774368229.3534498,base,353354562,1774368229,-0.015110775183479749,0.9381559028061439,0.3458479654846201,-0.004934700952699064,-0.21739215585564917,0.38549924882296865,0.3572142421716296
1774368229.3545127,base,354375418,1774368229,-0.015202637209933494,0.9381558579187511,0.34584365483574336,-0.004963112375359579,-0.2173939695043058,0.3855109315125432,0.3572932853696599
1774368229.3553982,base,355330812,1774368229,-0.015304033257059476,0.9381538695904049,0.34584413467577824,-0.004993801055160399,-0.21740167821873266,0.385524196353691,0.35738039108995384
1774368229.356505,base,356375654,1774368229,-0.015337880321785721,0.9381533907832912,0.3458437819007056,-0.005004329092405988,-0.21740418869528963,0.38552842663230147,0.35740942890151756
1774368229.3574023,base,357329584,1774368229,-0.015425518345752169,0.9381534629989592,0.34583929861119084,-0.00503118106861838,-0.2174080407338851,0.3855417354342954,0.35748529392589223
1774368229.3585126,base,358378491,1774368229,-0.015539976528665038,0.938152613631535,0.3458359614408994,-0.005066600443800857,-0.21741226529400287,0.38555821248876665,0.35758318324104116
1774368229.3594627,base,359334192,1774368229,-0.01563916449017998,0.9381505580614978,0.3458366668064091,-0.0050938036065378165,-0.21741921690984145,0.38557126615634374,0.3576665608225244
1774368229.360504,base,360356562,1774368229,-0.015747035697289493,0.9381495556554775,0.34583400689454136,-0.0051265744356976724,-0.2174252035171805,0.38558760760455824,0.3577588869297358
1774368229.3614643,base,361337147,1774368229,-0.01578290436248528,0.9381489675148647,0.34583380755726656,-0.005137336967890954,-0.21742743946216136,0.3855923903417213,0.35778964337050534
1774368229.3625464,base,362360902,1774368229,-0.015871913695165874,0.9381487840227763,0.34582981661654727,-0.005165203888008574,-0.21743290517747005,0.3856067134829191,0.35786803594615874
1774368229.3634136,base,363284968,1774368229,-0.015986770680238387,0.9381470963648384,0.3458285706694497,-0.005200812837002989,-0.2174380256081272,0.3856194854839464,0.35796574457472935
1774368229.3645227,base,364354556,1774368229,-0.01608447279377011,0.9381464596826449,0.3458253216896182,-0.005230372657685847,-0.21744367087716462,0.385631400264982,0.3580490161406647
1774368229.365403,base,365278374,1774368229,-0.01619129395502676,0.9381448969943501,0.34582408008286153,-0.005263067391226229,-0.21745072100662138,0.38564559722334735,0.3581406330543571
1774368229.3665702,base,366389337,1774368229,-0.016227070385617038,0.9381444585241502,0.3458234203066199,-0.0052743809646527565,-0.21745289700359682,0.3856499242285209,0.35817137988410397
1774368229.3674583,base,367329726,1774368229,-0.01631397953268517,0.9381436845615801,0.3458210029208764,-0.0053023700199669975,-0.21745744292754443,0.3856604692255648,0.35824725439617916
1774368229.3684719,base,368330633,1774368229,-0.016431198845750814,0.938142850644858,0.34581717449151833,-0.005337538302791947,-0.21746150654993793,0.38567679074862654,0.358348649274383
1774368229.3693695,base,369239258,1774368229,-0.016533705433564205,0.9381411979916077,0.3458162901530735,-0.005368675839781825,-0.21746862778649745,0.38568910343862717,0.3584363253157111
1774368229.3705184,base,370280663,1774368229,-0.016641774719388783,0.938140855106303,0.3458115418191281,-0.005400449914715358,-0.2174715720222413,0.385704902566008,0.3585287284780545
1774368229.371462,base,371330402,1774368229,-0.01667855016981548,0.9381403073768588,0.34581108559302104,-0.005411351038512355,-0.21747355122842568,0.3857097198933186,0.3585603540021832
1774368229.3725135,base,372324034,1774368229,-0.01676848328772022,0.9381376533085743,0.3458134761257751,-0.005440693220391454,-0.2174820746596745,0.3857192892015659,0.3586392215258136
1774368229.3733568,base,373232858,1774368229,-0.01688927233101459,0.9381363011085815,0.3458106860337914,-0.005477448975237791,-0.2174871425138161,0.3857359283386101,0.3587452835154075
1774368229.3745265,base,374377597,1774368229,-0.016988963369522665,0.9381355021630664,0.3458074652178462,-0.005509238104164847,-0.21749180680596636,0.3857473259753088,0.3588320192299099
1774368229.3754766,base,375330172,1774368229,-0.017100341116343534,0.9381351949264983,0.3458022490330792,-0.0055442706995558096,-0.21749689789542834,0.38576339064166026,0.358931436103622
1774368229.376477,base,376309653,1774368229,-0.01713621069991309,0.9381347300916464,0.3458015553128009,-0.005555431753679706,-0.21749882214307242,0.3857680443857303,0.35896320783704694
1774368229.3774273,base,377277191,1774368229,-0.017221367475442236,0.9381319957313341,0.34580432436924113,-0.005581427680497267,-0.21750489259795683,0.3857771041360765,0.3590384704113895
1774368229.378464,base,378277140,1774368229,-0.017337592857595462,0.938130972459941,0.3458006902679859,-0.005618629321643663,-0.21750857116685365,0.3857907816927098,0.3591414793042286
1774368229.3794606,base,379312473,1774368229,-0.017446325928811807,0.9381309519805493,0.345794729178238,-0.005652249127816194,-0.21751204176938524,0.38580611225085587,0.35923691874596936
1774368229.3805945,base,380326401,1774368229,-0.017559368709708503,0.9381288534960979,0.3457941246129829,-0.005687371251673582,-0.21751826038031843,0.3858216970952088,0.35933638644785665
1774368229.3814309,base,381262823,1774368229,-0.017595987118756255,0.9381284559004325,0.34579315523537585,-0.005698706831401303,-0.21752003070052514,0.38582633540407957,0.3593686275521932
1774368229.3824775,base,382371609,1774368229,-0.01768932641608032,0.9381279503052394,0.34578931985936473,-0.00572563168859154,-0.21752431810288786,0.38583939150315283,0.3594506070605026
1774368229.3834255,base,383301391,1774368229,-0.017801935880099217,0.9381247379104932,0.34579166705220843,-0.005761093346228785,-0.2175307998686563,0.3858464906974355,0.35955162358464227
1774368229.3844457,base,384360702,1774368229,-0.017908567420037453,0.9381234221941716,0.34578917105491846,-0.005794577189973629,-0.21753369765604924,0.3858604035235634,0.35964541012520784
1774368229.3855205,base,385380812,1774368229,-0.018020295986702458,0.9381220708697239,0.3457864394676698,-0.005829867916506814,-0.21754116657255712,0.38587227543053354,0.3597469243563456
1774368229.3864937,base,386321323,1774368229,-0.018058498893548533,0.9381215516187511,0.34578565440677506,-0.005841764512276386,-0.21754316501044393,0.38587659137015357,0.3597813413831455
1774368229.387382,base,387291012,1774368229,-0.018150265612609517,0.9381207375877664,0.34578256223516307,-0.005871049315279834,-0.21754704835485555,0.38588956112179307,0.35986318874304624
1774368229.3885093,base,388351706,1774368229,-0.018270996389111626,0.9381185849952826,0.3457813744625726,-0.005910351273161218,-0.2175514207669975,0.38589969874900565,0.35997216835366214
1774368229.3894324,base,389340993,1774368229,-0.018380023668813937,0.9381160629113756,0.3457818655986988,-0.005943791776077449,-0.21755708818373573,0.38591229055351484,0.3600689483509716
1774368229.3904376,base,390346580,1774368229,-0.018495069753444213,0.9381142594774711,0.3457800234131009,-0.00597862595305761,-0.2175603915781191,0.38592510676351255,0.3601720146037205
1774368229.3913956,base,391303006,1774368229,-0.018534911872046818,0.938113699103954,0.34577920145632995,-0.005990695753762115,-0.21756184175512938,0.38592944189585277,0.36020756227082623
1774368229.3924694,base,392360960,1774368229,-0.01862860405428024,0.9381128240944567,0.3457760267396755,-0.006020275129502455,-0.2175669167639683,0.3859414901454432,0.3602910325743662
1774368229.3934634,base,393353879,1774368229,-0.018756350967035165,0.9381108757996595,0.3457736885678814,-0.006061377645313846,-0.2175727193316838,0.3859520613558064,0.36040460355805354
1774368229.3943663,base,394269408,1774368229,-0.018865373643192695,0.9381074194798898,0.34577658748907525,-0.006092514956447933,-0.2175786337826015,0.38596502979147884,0.36050033247717767
1774368229.395396,base,395298387,1774368229,-0.018981278979073705,0.9381055578515919,0.3457746033432679,-0.006131644076253665,-0.217582929347476,0.3859761488337436,0.3606049632762005
1774368229.3964453,base,396347049,1774368229,-0.01902068923623186,0.9381048352075804,0.34577416882669915,-0.006144567791357166,-0.2175844538686972,0.385980138062033,0.36064068186184994
1774368229.3973916,base,397300804,1774368229,-0.019116572871938665,0.9381028791321495,0.3457736832698447,-0.006172905605039542,-0.21758852097918702,0.3859892440485365,0.3607255787706259
1774368229.3985198,base,398367516,1774368229,-0.019245681504341895,0.9381024747713088,0.34576686984186406,-0.006214683510752721,-0.21759152692076714,0.38600372930349863,0.36084017686715986
1774368229.3993607,base,399282286,1774368229,-0.019353804620662413,0.938100192400012,0.34576637785314734,-0.006250696927568069,-0.21759488374370345,0.386012497373921,0.36093743237750464
1774368229.4004805,base,400338348,1774368229,-0.019471859252874552,0.9380989813655568,0.34576235304373976,-0.006288328537637207,-0.21759781365040004,0.38602362028591547,0.3610439478917899
1774368229.4013672,base,401278764,1774368229,-0.019511475040998524,0.9380981995947241,0.34576201085977515,-0.006300960646322617,-0.21759929468318792,0.38602711354803815,0.36107953049790287
1774368229.4024873,base,402344713,1774368229,-0.019605256476476724,0.9380956390109699,0.34576312416105676,-0.006329925550686844,-0.21760442988202341,0.3860346723909498,0.3611654887605431
1774368229.4033895,base,403313336,1774368229,-0.019733845149306328,0.9380948251660148,0.345757235693728,-0.006372465598102664,-0.21760862511309817,0.38604673440483867,0.36128230034879727
1774368229.4045315,base,404379504,1774368229,-0.019840969990986813,0.9380917035026423,0.34575897183301246,-0.0064050859717609335,-0.21761298165004203,0.386053189697201,0.3613790299959102
1774368229.4053993,base,405298792,1774368229,-0.019959196567090786,0.9380898353285927,0.3457564955916096,-0.006444926824980701,-0.2176157547050206,0.3860654111833567,0.3614880827601109
1774368229.4065354,base,406364013,1774368229,-0.01999753742599056,0.9380893721353136,0.34575530139926736,-0.006457548913547443,-0.21761678544162802,0.3860690504566166,0.3615233907058686
1774368229.407379,base,407279742,1774368229,-0.02009498006266261,0.9380865889054242,0.34575665923978344,-0.006486608005050372,-0.2176216880785893,0.38607662600119735,0.3616125400905449
1774368229.4084473,base,408333087,1774368229,-0.02022368742534076,0.938083971771137,0.3457554355119249,-0.006530175110204296,-0.21762453091751305,0.3860853792843744,0.3617312911622693
1774368229.4093857,base,409285270,1774368229,-0.02032510880223864,0.9380821310791215,0.3457538521206211,-0.006563462956587349,-0.21762827596385598,0.38609258782256545,0.3618264767686271
1774368229.4104478,base,410330611,1774368229,-0.02044971516745232,0.9380809559923026,0.34574891654100715,-0.006604230830110833,-0.21763153009470032,0.3861044043060331,0.3619410171897693
1774368229.4115436,base,411464694,1774368229,-0.02048927804298631,0.9380803068679376,0.34574809207860485,-0.006616961223826632,-0.21763285377189584,0.3861080796967279,0.3619773435622372
1774368229.4124393,base,412324068,1774368229,-0.02058766773876415,0.9380774665705082,0.345749365771108,-0.006647609992473217,-0.2176355336916908,0.3861152946959751,0.36206889444378026
1774368229.4134839,base,413397493,1774368229,-0.020722383011502917,0.93807555532692,0.34574562421193406,-0.0066931815092303795,-0.21763792472776564,0.38612579918622547,0.3621941032975372
1774368229.4144998,base,414342860,1774368229,-0.020835919788449,0.9380728037974698,0.3457455816257684,-0.00672844769483985,-0.2176425964732023,0.386136731018922,0.36229848558313493
1774368229.415373,base,415299162,1774368229,-0.020956193941883344,0.9380714543604614,0.3457412155550235,-0.006767297544351596,-0.21764458744771667,0.3861447745141888,0.3624105329044413
1774368229.4165049,base,416345142,1774368229,-0.02099647461760835,0.9380708522125444,0.3457401569271313,-0.006779983102156823,-0.21764547292933414,0.38614843169533514,0.3624477577464268
1774368229.417384,base,417293856,1774368229,-0.021099551085236194,0.9380681220725618,0.3457406214375039,-0.006813955038553561,-0.21765113356146773,0.38615693883081237,0.36254305785884156
1774368229.4184835,base,418344707,1774368229,-0.02122994828544729,0.9380645051041734,0.34574158355867735,-0.006857912058171688,-0.21765375675930956,0.38616303225531384,0.36266421762596057
1774368229.4193866,base,419304921,1774368229,-0.021348514365724307,0.9380626604940813,0.3457385536102756,-0.006894814618036088,-0.21765602459730266,0.3861734935654582,0.36277342733744067
1774368229.4204338,base,420281479,1774368229,-0.02147238337586969,0.9380609995313772,0.34573456863823077,-0.006935845939020369,-0.21765654572634957,0.38618253066783265,0.3628878956259956
1774368229.42135,base,421266469,1774368229,-0.02151448125497982,0.9380604569636654,0.3457331411211903,-0.0069499142385689525,-0.21765743088254122,0.38618576567096063,0.3629269412558003
1774368229.4224527,base,422311420,1774368229,-0.021617416600664442,0.938057673516052,0.3457335980399038,-0.006983383388268267,-0.21766290987463854,0.38619466691243487,0.36302263774533755
1774368229.4233584,base,423277781,1774368229,-0.02175810067565069,0.938055000174773,0.3457310912730441,-0.007029525534843467,-0.21766488276690021,0.3862060293367544,0.3631524207662687
1774368229.4244113,base,424305623,1774368229,-0.02187412943164866,0.9380529777956215,0.345728497801396,-0.007066761518896846,-0.2176674451313121,0.3862151254440109,0.3632600607552126
1774368229.4254003,base,425321129,1774368229,-0.022003834330671775,0.9380503156017397,0.34572663433563505,-0.0071085149770618306,-0.21767227262586702,0.38622418606118,0.3633801296310783
1774368229.4264102,base,426298929,1774368229,-0.022046968586348657,0.9380494732369176,0.34572587987057113,-0.007122704810213832,-0.217673219900461,0.3862270914194072,0.3634200915851235
1774368229.427364,base,427282126,1774368229,-0.022154725401854085,0.9380463726642007,0.34572668977574006,-0.007157293525710066,-0.21767716252134614,0.3862361223214504,0.3635184947928589
1774368229.4285574,base,428407097,1774368229,-0.022293313356245792,0.9380455810376851,0.34571900955968615,-0.007201562631929597,-0.21767780474945722,0.3862472106166349,0.36364603028018233
1774368229.429528,base,429399678,1774368229,-0.022413222926662226,0.9380419982561242,0.34572015549297574,-0.007240927537955287,-0.21768267935128102,0.386254945105925,0.36375604962090585
1774368229.4305224,base,430395696,1774368229,-0.022542046857873966,0.9380392100416776,0.34571845740257195,-0.007283183303263329,-0.21768511728587095,0.3862640153291452,0.3638753957803098
1774368229.4314392,base,431332393,1774368229,-0.022585104615905707,0.9380383668780615,0.34571763658986465,-0.0072973327281994314,-0.21768602710298518,0.3862672384154786,0.3639152096743631
1774368229.432554,base,432392109,1774368229,-0.022700319785871025,0.9380361837848518,0.3457152630109441,-0.007332824370234798,-0.2176903672012406,0.38628016213732635,0.3640208926940999
1774368229.4334588,base,433357207,1774368229,-0.022830779861365523,0.9380336780900995,0.345712517588553,-0.0073776312096634645,-0.21769120118422594,0.38628602418226926,0.36414256121093247
1774368229.4344683,base,434357094,1774368229,-0.022955224394766414,0.9380293293516021,0.3457152017814382,-0.007418504322912259,-0.21769587659003195,0.38629395995182764,0.36425905825587696
1774368229.4354262,base,435311590,1774368229,-0.02308421629234578,0.9380268372454431,0.34571247573308633,-0.007460273988227525,-0.217698650318912,0.38630381970740646,0.36437916704956186
1774368229.436453,base,436351088,1774368229,-0.02312651761788141,0.9380261009773958,0.3457113505820333,-0.007473964594565971,-0.21769967365166784,0.38630713998159716,0.36441848850493946
1774368229.4373558,base,437263703,1774368229,-0.023236722539413585,0.9380241220007639,0.3457085378589942,-0.00751053405017187,-0.21770220617458516,0.3863152899520612,0.3645202089505255
1774368229.4385507,base,438373202,1774368229,-0.023377021435040727,0.9380211395965301,0.3457061610752169,-0.0075568997273237236,-0.2177034018332338,0.386324253070569,0.36465071278591743
1774368229.43944,base,439340268,1774368229,-0.023503834594660277,0.9380171436256084,0.3457075309870767,-0.007596778437004201,-0.21770954942802284,0.3863332835013393,0.3647682495340397
1774368229.4405665,base,440389671,1774368229,-0.02363272809995017,0.9380144660480376,0.3457050845697381,-0.0076387269750271365,-0.2177102342142811,0.3863417985438078,0.3648889380790545
1774368229.4415073,base,441392987,1774368229,-0.023676058612899634,0.9380132475636432,0.3457051253502242,-0.007652316659146473,-0.2177114357007167,0.3863453322585354,0.3649293845441141
1774368229.442539,base,442397482,1774368229,-0.023789013109794782,0.9380106011452642,0.34570372671329863,-0.007689494840299547,-0.21771615538078193,0.3863545769371925,0.36503382433905407
1774368229.4434168,base,443334110,1774368229,-0.02392923468867048,0.9380093690859949,0.34569635739900256,-0.00773587197214856,-0.21771456980190487,0.3863636863522057,0.36516454986622754
1774368229.4445372,base,444393528,1774368229,-0.024056582790011664,0.9380069659948689,0.3456931020458639,-0.007777645368368815,-0.2177179572062515,0.3863740788924721,0.3652824013540481
1774368229.4455132,base,445384494,1774368229,-0.02418990938973021,0.9380023990199049,0.345695213226877,-0.007820950622761513,-0.21772410146431165,0.3863822814970263,0.36540599553195763
1774368229.4464884,base,446347850,1774368229,-0.024235168458530913,0.9380014141636357,0.34569438963241544,-0.007835343864692385,-0.21772527570318426,0.38638575250628693,0.36544780931103293
1774368229.4474192,base,447314547,1774368229,-0.024343417929612962,0.937999614108984,0.3456908674981249,-0.007870582144616483,-0.2177275180066014,0.38639381871854944,0.3655484667875174
1774368229.4484553,base,448386300,1774368229,-0.02449561841338447,0.9379957484917526,0.3456894677002612,-0.007920379476569999,-0.21773042871213436,0.3864045064919722,0.36569071977953865
1774368229.4494567,base,449384940,1774368229,-0.024621039924395603,0.9379930534136774,0.34568692554311276,-0.007961510489703765,-0.21773385803651654,0.3864134787150959,0.3658063393151266
1774368229.450475,base,450411374,1774368229,-0.024758737993875686,0.9379899811324187,0.34568438950550157,-0.008006437432726833,-0.21773785424760564,0.38642427553490155,0.3659344102902226
1774368229.4514525,base,451338738,1774368229,-0.02480368694630838,0.9379889087965647,0.34568373122695517,-0.008021349855820196,-0.21773879260944068,0.3864270879751427,0.36597641739205056
1774368229.452487,base,452411253,1774368229,-0.024922088040857257,0.9379863572172745,0.3456812470746716,-0.008059691237935755,-0.21774169462144777,0.38643866120884207,0.3660852932046317
1774368229.4534395,base,453368833,1774368229,-0.025062471116811015,0.937983759346618,0.34567703870535893,-0.008107074404399022,-0.21774038314733116,0.3864454512004732,0.36621437500494164
1774368229.4544215,base,454360097,1774368229,-0.025195608404475413,0.9379811556579682,0.34567346313332126,-0.008147995648439406,-0.21774387005362275,0.3864555135069988,0.36633653201409594
1774368229.4553688,base,455288194,1774368229,-0.025334261174757653,0.9379775773472843,0.34567199679725985,-0.008192083657016442,-0.21774738106197533,0.3864663363810624,0.3664643899424817
1774368229.456376,base,456310510,1774368229,-0.02537990217979151,0.9379765797632177,0.34567100738245354,-0.008206767709637026,-0.2177481873165583,0.3864698539894389,0.36650668876918874
1774368229.45744,base,457371218,1774368229,-0.025494889866374996,0.9379748345757343,0.3456663570544564,-0.008245598463804658,-0.21775053325497795,0.38648017932203693,0.36661367386922616
1774368229.4584672,base,458397382,1774368229,-0.025640924583384878,0.9379704110156184,0.3456664006045078,-0.008294006198752486,-0.2177543611307528,0.3864866408270368,0.36674950367875825
1774368229.4594398,base,459343785,1774368229,-0.02577047898603918,0.9379683436838093,0.34566139185337946,-0.008334917028149414,-0.21775563018594174,0.3864990920809401,0.366869557701545
1774368229.460506,base,460404576,1774368229,-0.025911448200600203,0.9379652252575924,0.3456581853301541,-0.00838164505849034,-0.21775745908916638,0.38650867066445327,0.3670020994342988
1774368229.4614472,base,461339408,1774368229,-0.02595818810936963,0.9379642010746116,0.34565708801860856,-0.008396872932233535,-0.21775831789564837,0.3865123182522057,0.36704585446258536
1774368229.4625113,base,462403940,1774368229,-0.02607151378664628,0.9379606290923024,0.34565737815647724,-0.00843275563710802,-0.2177619416425293,0.3865199992158749,0.3671506992107935
1774368229.463436,base,463335982,1774368229,-0.02622072552837165,0.9379574587199975,0.34565346255456264,-0.008483101339233813,-0.21776248347671198,0.38652956561381163,0.36729069957472293
1774368229.4644787,base,464371713,1774368229,-0.02635624219809373,0.9379545828486677,0.34564988783738904,-0.008526666897293748,-0.21776547971940666,0.3865419915137227,0.3674159012349971
1774368229.4654398,base,465337995,1774368229,-0.02650141684995458,0.9379513772630433,0.34564633933855327,-0.008573033136686576,-0.21776874753959197,0.3865547999807842,0.36755060087289965
1774368229.4664667,base,466401347,1774368229,-0.026550501943159558,0.9379501877868309,0.34564540711837627,-0.008588865768357618,-0.21776956712914053,0.3865589467093278,0.36759606035233994
1774368229.4674203,base,467340582,1774368229,-0.02666340650330107,0.937947425130813,0.3456433060646327,-0.008625277782670849,-0.21777214999257294,0.38656646733443156,0.36770243508193867
1774368229.468433,base,468358965,1774368229,-0.026813733382023624,0.9379436227421433,0.3456407444681877,-0.008675253479792082,-0.21777177822306765,0.38657333610059036,0.36784223833186097
1774368229.469313,base,469241553,1774368229,-0.026949843115751115,0.9379410238167215,0.345636083037263,-0.008720086027945441,-0.2177743544809649,0.38658328626765104,0.3679685681291978
1774368229.4703703,base,470299578,1774368229,-0.027091976883551902,0.9379365070346393,0.3456360661665987,-0.008766032459422056,-0.21777585400659036,0.38659107195931275,0.3681000761949658
1774368229.4713435,base,471240531,1774368229,-0.027141934143902015,0.937935182442676,0.34563533369804367,-0.00878208668792016,-0.21777663241069356,0.3865941990357705,0.368146408300994
1774368229.4723928,base,472256848,1774368229,-0.027261311837525733,0.9379339269225383,0.3456283235956165,-0.008822218147811802,-0.2177783794658363,0.3866048705080181,0.3682564496239632
1774368229.4735482,base,473336966,1774368229,-0.02741461204606848,0.9379287387522097,0.3456289955480256,-0.008872288628966097,-0.21778111642121104,0.38660932868865316,0.36839760437204955
1774368229.474459,base,474354289,1774368229,-0.02755257144172636,0.9379252183722284,0.3456264159608611,-0.008917462554226265,-0.21778207953260725,0.38662005301121294,0.3685258801140783
1774368229.4755225,base,475334739,1774368229,-0.02770160408812082,0.937922403589108,0.34562086024767963,-0.008966991593026274,-0.21778247926325142,0.3866303303875352,0.36866432833823026
1774368229.4764037,base,476289559,1774368229,-0.02775191385850206,0.9379211599683801,0.34561976955109136,-0.00898353250170193,-0.21778304762176745,0.3866334494773587,0.36871103557427626
1774368229.4773843,base,477299319,1774368229,-0.027870694828841226,0.9379174631964149,0.34561925200837007,-0.00902159864625078,-0.2177837165328997,0.38664215502412963,0.36882286858748803
1774368229.4785142,base,478401550,1774368229,-0.02803352115790417,0.9379146001860074,0.34561245192862783,-0.009075104478357479,-0.21778516720872304,0.38665129732157927,0.36897443353225656
1774368229.4794304,base,479340343,1774368229,-0.028174484256645642,0.9379100393139359,0.3456121439464996,-0.009121543055164428,-0.2177876466373389,0.38666029010673997,0.369104135010521
1774368229.48043,base,480340404,1774368229,-0.028330563977555536,0.9379062599096555,0.3456082815874055,-0.009172920210930396,-0.21778922641412557,0.3866693070944398,0.3692490595000999
1774368229.4813166,base,481250406,1774368229,-0.02837954770470091,0.9379050178522335,0.3456072033692728,-0.009189109801730343,-0.21778957827935783,0.3866720234803358,0.3692948218313842
1774368229.4824533,base,482334067,1774368229,-0.028501975354965212,0.9379020636979518,0.3456040882540275,-0.009228786165607137,-0.21779162162579152,0.3866808946941914,0.36940749768909475
1774368229.4834282,base,483309228,1774368229,-0.028669934232922727,0.9378979079534796,0.34559999302220057,-0.009284069722969067,-0.2177942003047099,0.3866907789346713,0.36956434781999015
1774368229.484423,base,484335783,1774368229,-0.028809044567928155,0.9378942407137287,0.3455971244310924,-0.00933058262176096,-0.21779413721809035,0.38669741559014403,0.36969246952323936
1774368229.4853966,base,485343471,1774368229,-0.028960000658572866,0.9378898495530257,0.34559505266825113,-0.00938125996266255,-0.2177957025691696,0.3867054093135933,0.36983310816866477
1774368229.4864607,base,486313916,1774368229,-0.029008607936238356,0.937888804853172,0.34559337038048094,-0.00939748613991611,-0.21779603670496592,0.38670821256101423,0.3698785846308976
1774368229.4873943,base,487288429,1774368229,-0.029138729490260466,0.9378871985337891,0.34558565602608243,-0.009438835688605271,-0.21779563010004782,0.3867183885171473,0.3699979829651165
1774368229.4884474,base,488340865,1774368229,-0.02930454350200927,0.9378798873896531,0.3455899829735532,-0.00949337813688475,-0.2177991285444599,0.38672346341372715,0.37015352851973027
1774368229.489391,base,489299630,1774368229,-0.029447497059827295,0.9378792424693355,0.3455782824246545,-0.009540554411698668,-0.2177964157753443,0.38673515797908087,0.37028694430178716
1774368229.490422,base,490331484,1774368229,-0.029602100850278826,0.9378735525666094,0.3455791007172225,-0.009591671846612597,-0.21780026102292271,0.38674197037106833,0.3704309875307581
1774368229.4913743,base,491281342,1774368229,-0.02965352903310289,0.9378721757103989,0.34557795929112906,-0.009608553288830833,-0.2178007123922856,0.38674501852930393,0.37047880671457956
1774368229.4924264,base,492334423,1774368229,-0.029780152394901834,0.9378694024328652,0.3455734153483676,-0.009650964098019427,-0.21780007774637702,0.386752559033934,0.3705968582573783
1774368229.4933925,base,493301673,1774368229,-0.029952435345105867,0.937864602425711,0.34556996568750487,-0.009707623215649292,-0.21780011730011234,0.386761846531059,0.3707574641823993
1774368229.494446,base,494344508,1774368229,-0.03009854190705382,0.9378598037460414,0.34556891365067105,-0.009756649568434035,-0.21780310689090368,0.38676958826555374,0.37089350286608613
1774368229.4954329,base,495311603,1774368229,-0.030259811870443517,0.9378562341509014,0.3455630267750382,-0.00980930048113515,-0.21780312562955398,0.3867787998733224,0.3710430048214768
1774368229.496438,base,496359338,1774368229,-0.030314976150104797,0.9378546499122296,0.34556198430478113,-0.009827149249412226,-0.21780349603062896,0.38678195760398193,0.37109422699506944
1774368229.4973512,base,497254241,1774368229,-0.030441211573205305,0.9378512235756007,0.3455589652992126,-0.009869983639374217,-0.2178044506016509,0.3867890122127168,0.37121261101038383
1774368229.49848,base,498357211,1774368229,-0.030614821649652887,0.9378475100900511,0.34555209192012415,-0.009926342875282393,-0.21780247025164803,0.3867987831889368,0.3713734898903624
1774368229.4993541,base,499275578,1774368229,-0.030767538892995827,0.9378422303106928,0.34555144891515704,-0.009975256837247174,-0.217805056655613,0.3868083045092828,0.37151392630087476
1774368229.5004568,base,500328678,1774368229,-0.03093117617675555,0.9378377062036495,0.34554753732986676,-0.010029885755286776,-0.2178071797223303,0.38681531224515336,0.37166664056060705
1774368229.5013523,base,501242980,1774368229,-0.030985912495796544,0.9378361432099764,0.34554635015484925,-0.010047965490665257,-0.21780738867033458,0.3868180759041514,0.3717177771015421
1774368229.5024781,base,502353659,1774368229,-0.031119527071470046,0.9378324025416886,0.3455432143170373,-0.010091918409405168,-0.2178077574453947,0.38682473500009046,0.37184257722705716
1774368229.5034194,base,503320224,1774368229,-0.031294610029320394,0.9378276346010574,0.3455385811312596,-0.010152049620354854,-0.2178056057461874,0.3868331198997636,0.37200482294098053
1774368229.5045567,base,504454563,1774368229,-0.03144909101946551,0.937821719009164,0.345539152939904,-0.010201559406268613,-0.217809282898992,0.38684214193536776,0.37214910570711984
1774368229.5054433,base,505351577,1774368229,-0.031614924569624024,0.9378182436833697,0.34553185158272903,-0.010255627767607797,-0.21780992980238253,0.3868523936386066,0.37230301119969494
1774368229.506547,base,506439971,1774368229,-0.03167022655720432,0.9378167547782778,0.3455302918504965,-0.010273685836431802,-0.21781030775644736,0.38685560190595025,0.3723545146971775
1774368229.5074117,base,507314360,1774368229,-0.03181102895765116,0.9378118133876646,0.3455294369411598,-0.010318396887145385,-0.21781282122018533,0.38686681913179827,0.37248516319911473
1774368229.5085268,base,508424426,1774368229,-0.03199276573384601,0.9378075378370818,0.34552242590631627,-0.010379697127758143,-0.21781305005616,0.3868750905643936,0.37265406892186226
1774368229.5094218,base,509338590,1774368229,-0.03214928085116566,0.9378030214705055,0.34551860231329423,-0.010431304664857245,-0.21781469893589367,0.38688287528316173,0.372798576374638
1774368229.5104342,base,510346333,1774368229,-0.032315702856077,0.9377980513060526,0.34551491984217747,-0.010485727535163716,-0.2178138325295003,0.3868927452931975,0.37295377934560114
1774368229.5114279,base,511322079,1774368229,-0.032370517069586074,0.9377963799200375,0.34551378625663864,-0.01050347276485356,-0.21781405722229047,0.3868957477276154,0.37300496995597987
1774368229.512628,base,512406707,1774368229,-0.03250793632596692,0.9377924380140801,0.34551023215858917,-0.010547831680140557,-0.21781677912428626,0.38690544851054665,0.3731337776856976
1774368229.513327,base,513252762,1774368229,-0.03269714316167407,0.9377864489698434,0.3455067110320246,-0.010610635675082193,-0.21781676275913994,0.3869153326993812,0.3733084879568627
1774368229.5144298,base,514334215,1774368229,-0.03284797879363864,0.9377813828477772,0.3455046256757372,-0.010660295959868091,-0.21781672108729347,0.38692237428211557,0.37344952695014416
1774368229.515413,base,515302806,1774368229,-0.03301845178393389,0.9377774627868624,0.3454972619952414,-0.010716999795575126,-0.21781507506337505,0.386932298352059,0.37360787419691216
1774368229.5164907,base,516396432,1774368229,-0.03307424061510767,0.9377756313616302,0.34549632666916896,-0.010735366325406238,-0.21781525005140243,0.38693517733401767,0.3736598671897371
1774368229.5174153,base,517311475,1774368229,-0.033214618302119144,0.9377717375776401,0.34549197741742116,-0.010781969757809233,-0.21781640458142296,0.3869434915339951,0.3737906874754691
1774368229.5187533,base,518385101,1774368229,-0.03340336817519428,0.93776528484951,0.3454893790999567,-0.010843175494107389,-0.21781847961948406,0.386952671033652,0.37396533935155796
1774368229.5193822,base,519305318,1774368229,-0.033563925820062304,0.9377606433229635,0.34548475094770603,-0.010896126864550128,-0.21781998903217692,0.38696289045397225,0.37411567895375203
1774368229.520471,base,520413735,1774368229,-0.033733974256525974,0.9377552883374803,0.34548096252695254,-0.010951835800430996,-0.2178194998328546,0.38697184069897983,0.374274430554824
1774368229.52146,base,521362213,1774368229,-0.033791493160588604,0.93775344881421,0.3454797484503584,-0.010970307092777591,-0.21781982173085598,0.3869752252704621,0.37432799530834243
1774368229.5225074,base,522428626,1774368229,-0.03393753962949792,0.9377488602899032,0.34547635189367426,-0.01101856211680606,-0.21782317252375585,0.38698428898073345,0.37446447659999504
1774368229.523594,base,523356651,1774368229,-0.0341218452226942,0.9377436560071117,0.3454703393396461,-0.011080610703565428,-0.21782171448802992,0.38698981326198634,0.37463544395313997
1774368229.5246005,base,524457146,1774368229,-0.03428351720335049,0.9377383817438047,0.345466960368411,-0.011133155279996941,-0.21782098279663745,0.38700002598404815,0.37478719200971294
1774368229.525478,base,525390450,1774368229,-0.0344576619000241,0.9377338401228098,0.3454601134687556,-0.011190381006320417,-0.21782134414037707,0.3870107007436628,0.37495021123499683
1774368229.5265477,base,526421974,1774368229,-0.03451709314528458,0.9377320491855523,0.34545840373794784,-0.011210062350123822,-0.21782179160664603,0.3870142796631249,0.37500569460397315
1774368229.5274231,base,527335148,1774368229,-0.034660871054009286,0.9377268909697739,0.345456455436769,-0.011257858011310889,-0.2178228495328172,0.3870231044717864,0.37514061917840175
1774368229.5285363,base,528405442,1774368229,-0.0348493008399919,0.9377192585522386,0.3454561589993846,-0.011320803001356353,-0.217825145693092,0.38702734034462594,0.37531547129203224
1774368229.5294623,base,529383736,1774368229,-0.035008761415587265,0.9377147166564896,0.34545068929011885,-0.011371809836946942,-0.21782291959292746,0.38703586693559283,0.3754646387690847
1774368229.53053,base,530407129,1774368229,-0.03517967373724771,0.9377105727735909,0.34544271825049666,-0.011428065106254468,-0.21782161821642665,0.38704361087835654,0.3756234186903568
1774368229.5314927,base,531405007,1774368229,-0.03523877071812803,0.9377086476024312,0.34544127945300723,-0.011447432016135845,-0.2178215165409632,0.38704637624670646,0.37567850831660526
1774368229.5326216,base,532482143,1774368229,-0.03538351489314577,0.93770381671212,0.3454379937316251,-0.011495715897635666,-0.21782141028362967,0.38705677046657916,0.37581387832196206
1774368229.5335705,base,533490003,1774368229,-0.0355697583372007,0.9376973404923468,0.34543434248354454,-0.011558761108972155,-0.2178205627069773,0.3870605997279582,0.3759868228059647
1774368229.5343928,base,534299305,1774368229,-0.03573630908690894,0.9376926315010321,0.3454281142754867,-0.011613049108479897,-0.21782103193015045,0.38707071273523663,0.37614224051438494
1774368229.5356073,base,535517240,1774368229,-0.035915193666491,0.9376869778935504,0.34542292138575065,-0.011672006429593165,-0.21782114058224591,0.3870795712679307,0.37630950403390995
1774368229.5365496,base,536456908,1774368229,-0.035973115776746965,0.9376850540091848,0.3454214709759835,-0.011691099943660924,-0.217821150180699,0.38708237540704354,0.3763638424790975
1774368229.5377254,base,537635089,1774368229,-0.03613019809185501,0.937678782950325,0.3454204472947028,-0.011739820329460884,-0.2178242931738193,0.3870941143609332,0.3765086960185657
1774368229.5383842,base,538275506,1774368229,-0.03631411411521139,0.9376746278028255,0.3454102606634026,-0.011803784109362198,-0.21781736630914972,0.38710026291862004,0.3766804505543704
1774368229.5394604,base,539356821,1774368229,-0.03648211487688012,0.9376685541802046,0.3454072247112476,-0.011856935227481121,-0.21781979726910194,0.3871081883641318,0.3768365904465707
1774368229.5405264,base,540394913,1774368229,-0.03666903511132762,0.9376608574825341,0.34540626392740914,-0.011916838877490976,-0.21782158636406615,0.38711757442937855,0.3770094135474815
1774368229.5414755,base,541348326,1774368229,-0.03672813626477443,0.9376589556058179,0.3454044844235711,-0.01193604284551457,-0.21782137938342028,0.38712077270633255,0.37706444346893503
1774368229.5424995,base,542386383,1774368229,-0.03686794754653871,0.9376551995720114,0.34539811344780175,-0.011984339196499124,-0.21781894911096986,0.38712614295327846,0.37719693160522455
1774368229.5434582,base,543347688,1774368229,-0.03706225996402004,0.9376477701723923,0.3453952330630926,-0.012049105958195859,-0.21781808637626535,0.3871331903007244,0.37737725347294415
1774368229.5444782,base,544386797,1774368229,-0.03723017705486729,0.9376420995090012,0.34539066767476256,-0.012103463471138937,-0.21781882002500233,0.38714119972417244,0.3775339260928745
1774368229.5453634,base,545258385,1774368229,-0.037410111786411376,0.9376361482444248,0.34538530925270633,-0.012162450160210858,-0.21781754623190905,0.3871498577160369,0.3777020808270065
1774368229.5463815,base,546263648,1774368229,-0.037470082447332256,0.9376342669846783,0.3453832079661586,-0.012182526523685774,-0.21781722919557547,0.3871528123226195,0.37775838974687337
1774368229.547497,base,547371755,1774368229,-0.03762083596062416,0.9376293275997467,0.34537843749747155,-0.012233218639249945,-0.21781763050901054,0.3871630393328505,0.37789992271705386
1774368229.548584,base,548472544,1774368229,-0.037815316433182436,0.9376220884013788,0.34537461755695903,-0.012296126718584502,-0.21781679773766868,0.3871689442484137,0.37807920714235577
1774368229.5496137,base,549478402,1774368229,-0.03798805389073254,0.9376157328953921,0.3453708554362022,-0.012353841665550315,-0.2178183340631755,0.38717619479902027,0.37824035588264066
1774368229.5504897,base,550382800,1774368229,-0.03817241889290663,0.9376091187064262,0.34536630252293965,-0.012414670195238868,-0.2178164905548356,0.38718513015769523,0.3784129611939248
1774368229.5514545,base,551349224,1774368229,-0.0382338161538999,0.937606970751719,0.34536461259975354,-0.012434953313829177,-0.21781640611503808,0.38718800420172356,0.3784705616708609
1774368229.5526233,base,552432898,1774368229,-0.0383903882171913,0.9376016855269919,0.34535984760012417,-0.01248331106302374,-0.21781887014255769,0.3871996182558427,0.378615350440756
1774368229.5535579,base,553415858,1774368229,-0.038582943038670936,0.9375954992841434,0.34535276393502057,-0.012550086495094363,-0.21781532664566786,0.38720411883780154,0.3787961988900422
1774368229.5544398,base,554314467,1774368229,-0.038755605546818755,0.9375881539499502,0.34535134062830125,-0.01260587710787962,-0.21781586524164281,0.3872122515242942,0.3789562055457793
1774368229.5554457,base,555310334,1774368229,-0.03894535635147397,0.9375819635566002,0.3453445387424018,-0.012667690902630022,-0.21781618578727946,0.3872211463505567,0.37913283807948994
1774368229.5564666,base,556301292,1774368229,-0.03900808467927014,0.9375796281643644,0.34534306237096934,-0.0126877678520719,-0.21781593716970135,0.3872241395410313,0.379191151861405
1774368229.5573928,base,557263960,1774368229,-0.039157675603299254,0.9375740847506532,0.34533936236608825,-0.012737222849010186,-0.21781565397389963,0.38723282742444387,0.37933193617942507
1774368229.5584474,base,558323857,1774368229,-0.039355585244069465,0.937564411521269,0.34534073924496045,-0.01280179583564427,-0.2178179426258088,0.38723629790831987,0.3795154796799622
1774368229.5594542,base,559329452,1774368229,-0.03952864978464045,0.9375602037413668,0.34533026616611595,-0.012859139795858303,-0.2178149815567463,0.38724800629656236,0.3796768708422812
1774368229.5603478,base,560244262,1774368229,-0.039719479659182606,0.9375517616624958,0.34532894431332256,-0.012921971931582992,-0.21781710383710864,0.38725601868146736,0.379854924171986
1774368229.5614367,base,561333321,1774368229,-0.03978338038113448,0.9375494256480692,0.34532714336309367,-0.012942996913808406,-0.2178170095021409,0.387259093008724,0.37991453302460987
1774368229.5624776,base,562372283,1774368229,-0.03992648872852747,0.9375441146361664,0.34532335429143823,-0.012988055659241984,-0.21781579774134957,0.38726500429684524,0.38004901096683563
1774368229.5633705,base,563258807,1774368229,-0.04013137224121926,0.9375354972298154,0.3453204804500552,-0.013054890954065918,-0.21781455090974136,0.38727155380471184,0.38023860998232445
1774368229.5644865,base,564361053,1774368229,-0.04030666990910353,0.9375295326056569,0.3453140298071804,-0.013113682601880837,-0.21781601932400121,0.38728302438884604,0.3804024602262207
1774368229.565403,base,565311291,1774368229,-0.04049869105277371,0.9375215721155551,0.3453108089529323,-0.013175851443509799,-0.21781762505715685,0.38729258237437697,0.38058183995014855
1774368229.5665247,base,566378733,1774368229,-0.040562431704643964,0.9375191285460163,0.34530916549142654,-0.01319670307838224,-0.2178177937315745,0.38729555194582843,0.38064131229047216
1774368229.5675173,base,567391357,1774368229,-0.0407168520907284,0.9375140320551324,0.3453029014469493,-0.013247033927195413,-0.21781842529361745,0.38730495126112297,0.3807855684148904
1774368229.568479,base,568373960,1774368229,-0.04091477988593717,0.937506056292264,0.34529859309639427,-0.013313782627875116,-0.2178142402536386,0.3873094314534305,0.3809696038356445
1774368229.5694838,base,569346018,1774368229,-0.041090659790878205,0.937498570085985,0.345295947700345,-0.013367769686987392,-0.21781509638351226,0.3873193504434448,0.38113360742677926
1774368229.57047,base,570343598,1774368229,-0.041279225241706574,0.9374915016399146,0.34529022874464277,-0.013430109822886081,-0.2178155276463521,0.3873267197431849,0.38131025914284683
1774368229.571528,base,571424991,1774368229,-0.04134125621884195,0.9374893204185752,0.3452879285030346,-0.013450690147694268,-0.2178153959688707,0.3873297735125042,0.381368611231591
1774368229.5724792,base,572384476,1774368229,-0.04149532763385536,0.9374827878222515,0.3452852452009717,-0.013500361776020478,-0.21781661298689778,0.38733840105487694,0.38151007768060896
1774368229.5735068,base,573393578,1774368229,-0.04170240758695478,0.9374751475135608,0.3452783224080755,-0.013569711527665687,-0.21781513566991942,0.38734841643542883,0.38170464999817005
1774368229.5744672,base,574285251,1774368229,-0.04187098816855019,0.9374687868434487,0.3452730495465969,-0.01362407064188071,-0.21781282078453632,0.3873567855045408,0.38186174371294845
1774368229.5754666,base,575380179,1774368229,-0.04206091460597946,0.9374621023618879,0.3452656750647277,-0.01368574878607267,-0.2178115470972944,0.38736643352817157,0.38203967662587773
1774368229.5766544,base,576543080,1774368229,-0.04212383714614108,0.9374598357245496,0.3452633297665733,-0.01370663583394254,-0.21781137140500625,0.38736941384906504,0.3820985194185944
1774368229.577625,base,577473596,1774368229,-0.04228178145908727,0.9374526212816392,0.34526160701740566,-0.013757053775715698,-0.21781315142115337,0.38737789604194456,0.38224626143822144
1774368229.5785108,base,578372251,1774368229,-0.04248786059497089,0.9374422678661584,0.3452617502685408,-0.013823889522126053,-0.21781304322000708,0.38738047204529324,0.38243711680844467
1774368229.5794454,base,579351067,1774368229,-0.04266567996914152,0.9374371682757866,0.3452512555375662,-0.013884013741694604,-0.21781068826236005,0.3873904322521384,0.38260488745674404
1774368229.5804982,base,580422581,1774368229,-0.042855507741942085,0.9374292242025531,0.3452467584213475,-0.013947432263015945,-0.21781084894358127,0.38739722015319333,0.3827809621932812
1774368229.5814548,base,581371736,1774368229,-0.04291912123341811,0.9374265990819833,0.3452451326805701,-0.013968490487990428,-0.21781057298488943,0.3873995106216473,0.38284010293180254
1774368229.582485,base,582409162,1774368229,-0.04307241102940614,0.9374204574935409,0.3452407142382088,-0.014017935404542386,-0.21781001633183086,0.3874066771683455,0.38298480102693466
1774368229.5834186,base,583339765,1774368229,-0.043277872635202566,0.9374116896262749,0.3452360555520163,-0.014086015727267424,-0.21780542060994462,0.3874110385711903,0.3831751939839568
1774368229.5843804,base,584308379,1774368229,-0.043456759915837376,0.9374049558356089,0.34522943551962765,-0.014145516719320567,-0.21780345419584055,0.3874186392124434,0.38334229735236247
1774368229.5854354,base,585365682,1774368229,-0.04365245930108178,0.9373973710281475,0.3452227770973494,-0.01420794706067878,-0.21780189772182473,0.38742694106303033,0.3835236740345537
1774368229.5865629,base,586483341,1774368229,-0.04371621402196861,0.9373946749426678,0.3452211821739555,-0.014228541707856283,-0.21780130147777027,0.38742942577350153,0.3835831511930219
1774368229.5874183,base,587332444,1774368229,-0.043883704241215,0.9373880874168705,0.345215555948852,-0.014283347014478271,-0.2178007320160016,0.38743911057663044,0.38373927753411946
1774368229.588448,base,588359240,1774368229,-0.04409462288052393,0.9373775665863793,0.34521441051980717,-0.01435174773623413,-0.2177992822516298,0.3874454547562835,0.3839369020775766
1774368229.58939,base,589299367,1774368229,-0.04427116010197457,0.937371762440046,0.3452050167937404,-0.014413179513924294,-0.21779633518173175,0.3874505032372754,0.3841025817180124
1774368229.5904438,base,590377198,1774368229,-0.04446780206800356,0.9373622099946229,0.3452030900907182,-0.014475097410956058,-0.21779404568995375,0.38745712046817415,0.38428437193129483
1774368229.5913758,base,591293698,1774368229,-0.04453260981200638,0.9373592356131002,0.34520193992828585,-0.014495887137534589,-0.21779338918953445,0.3874595318021121,0.3843444616300106
1774368229.5924401,base,592366416,1774368229,-0.044699580165442024,0.9373532902420197,0.34519420403352213,-0.014550543191103708,-0.21779224565681632,0.3874690103583371,0.3845019451760492
1774368229.593372,base,593294865,1774368229,-0.044907584719987306,0.9373442594985141,0.34518870337516055,-0.014622143549252106,-0.21778792813113035,0.3874720477977761,0.3846968254250938
1774368229.5944583,base,594378871,1774368229,-0.04508636157295036,0.937335933043929,0.3451855211533437,-0.014680756481689436,-0.21778673954897845,0.38747775629915465,0.3848643010086341
1774368229.5953841,base,595311484,1774368229,-0.04528249537615384,0.9373291485355021,0.3451754352052713,-0.014747265816777861,-0.21778435552925077,0.38748341158811456,0.38504793224256195
1774368229.5964406,base,596345298,1774368229,-0.045347940304590134,0.9373265606038104,0.3451729420300448,-0.014768994112197582,-0.21778334324943482,0.3874856279458139,0.3851091313131504
1774368229.597422,base,597305805,1774368229,-0.0455107030134411,0.937319518014381,0.34516839251664905,-0.014821533928148736,-0.21777872722196276,0.38749221852532306,0.3852618018737253
1774368229.5984807,base,598370741,1774368229,-0.045727698592887424,0.9373091228747588,0.3451648268539833,-0.014893893379777584,-0.21777573372481915,0.3874968154492547,0.38546574454575355
1774368229.5993807,base,599301967,1774368229,-0.04590811279057224,0.9373029089396925,0.34515514447453693,-0.014954207299629988,-0.21777016237236563,0.38750193790162957,0.38563517937093406
1774368229.6004562,base,600380098,1774368229,-0.04611160310011953,0.9372936365914789,0.34515034224141194,-0.01501999052243318,-0.21776705119734222,0.38750707060734474,0.3858237030373354
1774368229.6013944,base,601297849,1774368229,-0.04617889527307345,0.9372906936977724,0.34514838872512577,-0.015041771815733941,-0.21776616777544452,0.38750910507282754,0.38588628045575213
1774368229.6024384,base,602379244,1774368229,-0.04634503804692831,0.9372832902622235,0.34514377882596897,-0.015097787300789672,-0.21776530635116836,0.38751496180744793,0.3860421700755394
1774368229.603382,base,603299005,1774368229,-0.04655855358896352,0.9372733596840298,0.3451388142981716,-0.015170668382349078,-0.2177598543486462,0.38751516214526716,0.3862419204091135
1774368229.6044607,base,604397312,1774368229,-0.04674889725507545,0.9372645528549941,0.3451342979322119,-0.015232037217703633,-0.21775801358862268,0.38752157559292233,0.38641913365244857
1774368229.605337,base,605265315,1774368229,-0.04694683849141109,0.9372565224491255,0.34512628135104634,-0.01529886933834309,-0.21775457646101176,0.3875264756172865,0.386604980245776
1774368229.606463,base,606362937,1774368229,-0.04701345999015773,0.9372534439305358,0.345124596862955,-0.015320870089089838,-0.21775366220125375,0.3875280067216579,0.3866672540842457
1774368229.6073973,base,607310849,1774368229,-0.04718897797255631,0.9372471511552113,0.34511522796797106,-0.015377172495662889,-0.21774823383184808,0.3875372845978526,0.38683063411309926
1774368229.608447,base,608385201,1774368229,-0.04740538731925485,0.9372364017188157,0.3451114800474239,-0.01545065971906832,-0.21774202812643462,0.3875356339470575,0.38703301158281184
1774368229.609372,base,609298620,1774368229,-0.04759447545641276,0.9372280899044089,0.3451052306637899,-0.015512999988869685,-0.21773904164976085,0.38754110686957116,0.3872095088989834
1774368229.610437,base,610376288,1774368229,-0.04780043210095689,0.9372195500909709,0.3450968106789932,-0.01558283919659547,-0.21773293285576667,0.3875469938266105,0.3874011802916541
1774368229.6113942,base,611317953,1774368229,-0.047869477710681674,0.9372165088804978,0.3450944509836862,-0.015606040043088916,-0.217731671337651,0.38754871057751505,0.3874654339815038
1774368229.6124558,base,612380928,1774368229,-0.04804114306520034,0.9372086376118288,0.3450894890173462,-0.015660866148320615,-0.21773047743046806,0.3875556385536977,0.38762720973652876
1774368229.6133585,base,613291204,1774368229,-0.04825574915786708,0.9371970978510763,0.3450875654967841,-0.015733867682034587,-0.21772479290074745,0.38755390092838904,0.387828267027011
1774368229.614468,base,614404262,1774368229,-0.04844864101804036,0.9371883085079157,0.34508154948442854,-0.015796448493345102,-0.21772164421363252,0.38756116719194966,0.38800932200433746
1774368229.6154006,base,615314622,1774368229,-0.048653304655824695,0.9371801413651307,0.3450718070013246,-0.015864633299945547,-0.21771616051124676,0.38756430391567664,0.388200139110847
1774368229.616418,base,616349209,1774368229,-0.04872195118095424,0.937176820496431,0.34507009355696106,-0.015887389021206594,-0.2177151063788445,0.387565692811068,0.3882643632207122
1774368229.617374,base,617298399,1774368229,-0.04889293455853944,0.9371689191223506,0.34506477507537753,-0.015943618895305774,-0.21771106755147038,0.3875720511993818,0.38842377929864225
1774368229.6184554,base,618379637,1774368229,-0.0491132315817598,0.9371593222489396,0.34505597511459507,-0.016020900200065247,-0.2177048020865632,0.38757083785342117,0.3886289781101764
1774368229.6193256,base,619242066,1774368229,-0.049304392013315726,0.9371484664825712,0.3450553728779142,-0.016081615144193064,-0.2177030811774567,0.387574345395343,0.3888084385379084
1774368229.6203902,base,620329067,1774368229,-0.0495141676364056,0.9371384221067164,0.34504930243608983,-0.016152520019352613,-0.2176986943389835,0.38757820816205646,0.3890040296763806
1774368229.6213636,base,621291241,1774368229,-0.049584794238442004,0.9371349602954253,0.34504747302297195,-0.016175776113814665,-0.21769731978820453,0.3875793515107732,0.3890697672768142
1774368229.6224577,base,622348411,1774368229,-0.049755409073744025,0.9371273007477291,0.3450411179187561,-0.016231093818804245,-0.2176923067304339,0.387584540113594,0.3892299120096037
1774368229.6236498,base,623484353,1774368229,-0.04997361069662641,0.9371155996350239,0.3450378202006984,-0.016306249899415884,-0.21768616195720325,0.3875817714161955,0.3894346328025578
1774368229.6245008,base,624346692,1774368229,-0.05016124362227741,0.9371071967881943,0.3450303670966094,-0.016370618412813964,-0.21767923793079505,0.38758282760002405,0.3896108608338199
1774368229.6254575,base,625355505,1774368229,-0.05037023952422043,0.9370970835085959,0.3450241147795743,-0.01643944252483867,-0.21767563711099308,0.3875860684462192,0.38980637295306775
1774368229.626427,base,626345780,1774368229,-0.05044161134777726,0.9370935494328666,0.3450221703538161,-0.016462849701482395,-0.21767345954270323,0.38758719205744396,0.38987306998440624
1774368229.6274295,base,627342471,1774368229,-0.05060808689124185,0.937086223895424,0.34501503220109925,-0.016518416446452584,-0.21766993956200054,0.38759227031953825,0.39002996688502567
1774368229.628538,base,628376036,1774368229,-0.05082636140058494,0.9370746823765129,0.34501074814047467,-0.016592296504234254,-0.2176645185376029,0.3875884029021823,0.39023417025743906
1774368229.62948,base,629339589,1774368229,-0.05102215213202322,0.937064921330348,0.34500526419421007,-0.0166565567344708,-0.21765867738278394,0.38759198575463105,0.3904154702173869
1774368229.6305192,base,630367164,1774368229,-0.05123020854594065,0.9370544342536411,0.344999436609733,-0.016728470249696942,-0.21765215761561518,0.3875918893528043,0.3906110800145929
1774368229.6314623,base,631317070,1774368229,-0.051298183205359095,0.9370511166495287,0.3449972178537759,-0.016751741964794186,-0.21765007796285027,0.3875919786045888,0.39067497361829523
1774368229.632548,base,632395140,1774368229,-0.0514680507345114,0.9370442899120519,0.3449877626757989,-0.016807203835107778,-0.21764362245279154,0.3875962992948512,0.3908338601912378
1774368229.63345,base,633315378,1774368229,-0.05169438587632957,0.9370312445244969,0.3449856307602895,-0.01688347780129703,-0.21763838070434957,0.3875949836848662,0.3910450366393928
1774368229.6344585,base,634373709,1774368229,-0.051885506229821486,0.937021027935768,0.3449815415757178,-0.016947667140731728,-0.217633146629061,0.3875947424873898,0.3912232593621867
1774368229.6353836,base,635284981,1774368229,-0.052093805484950885,0.9370125751193068,0.3449696045221354,-0.017018855843534807,-0.2176243629790677,0.3875960740878254,0.3914182752207074
1774368229.6363857,base,636302813,1774368229,-0.05216093202024114,0.9370093590035669,0.3449670702783601,-0.017041676386711606,-0.21762195667673528,0.387596269986495,0.3914811052786388
1774368229.6373982,base,637316750,1774368229,-0.05233423665197028,0.9369991102916518,0.3449658911544852,-0.017097629271337362,-0.21761885000594403,0.3875979794298179,0.39164189286344187
1774368229.6384163,base,638351160,1774368229,-0.05255669561569415,0.936987623185272,0.3449594863932823,-0.017173831571813108,-0.21761219967147624,0.38759443627134604,0.3918499277491751
1774368229.6393878,base,639314836,1774368229,-0.05274800676820304,0.9369777370758182,0.3449538973748646,-0.0172388135366618,-0.21760523843320229,0.38759463766531155,0.39203052472522326
1774368229.6404588,base,640394185,1774368229,-0.052953877800851507,0.9369668036021802,0.34494858294540837,-0.01730811651569401,-0.21759883941689184,0.3875938557256529,0.39222369935509255
1774368229.6414728,base,641317606,1774368229,-0.05302294309002079,0.9369631564902466,0.34494671088261225,-0.01733140320843866,-0.21759679847281488,0.3875937710763478,0.3922884451340214
1774368229.6425374,base,642393284,1774368229,-0.05318761960866494,0.936953543669835,0.344944728880762,-0.0173858604124183,-0.2175932300016408,0.3875943135058625,0.3924430983502303
1774368229.643447,base,643317966,1774368229,-0.05341084574598462,0.9369432829674719,0.34493427008490196,-0.017461826360108658,-0.2175823939031535,0.38759200730526705,0.392652616526923
1774368229.6445167,base,644365949,1774368229,-0.05360374341769178,0.9369337903143812,0.3449267593898404,-0.01752831753365426,-0.21757462965927102,0.3875911105892506,0.39283329824190877
1774368229.6454208,base,645277895,1774368229,-0.05381546280961356,0.936922220304133,0.34492166042663536,-0.01759821671345276,-0.21756707007959172,0.38759194113756096,0.3930306344903633
1774368229.646474,base,646351546,1774368229,-0.053884875986813276,0.9369184064527775,0.3449200061326875,-0.017621270081937746,-0.217564761807453,0.3875914163099727,0.39309550587706477
1774368229.6474655,base,647332749,1774368229,-0.05405399743991355,0.9369090496064955,0.3449160155290025,-0.017678810984228546,-0.21755924857578213,0.38758979651764186,0.39325465174425056
1774368229.6485507,base,648383262,1774368229,-0.05428036553936039,0.9368976771151256,0.34490738618801353,-0.01775611123382234,-0.21755125226321656,0.38758700102597526,0.3934656779760451
1774368229.6493857,base,649254071,1774368229,-0.05447511386404438,0.9368878979387616,0.3448998337307257,-0.01782227140141846,-0.21754373707318653,0.3875883279624507,0.3936478783095826
1774368229.6504793,base,650320861,1774368229,-0.05468617285089494,0.9368770935813622,0.3448920701021519,-0.017893965522315567,-0.21753584260090125,0.38758761712651263,0.3938446353147931
1774368229.6514385,base,651246396,1774368229,-0.05475733520098979,0.9368735513270361,0.344889147668843,-0.017918116134601446,-0.21753268984927993,0.38758758140002675,0.3939112503853899
1774368229.6524854,base,652328974,1774368229,-0.05492014470701657,0.9368637610945564,0.3448870372203398,-0.017972267817346205,-0.21752631666920536,0.38758470144895096,0.39406355170836405
1774368229.6534002,base,653242204,1774368229,-0.055148322287837295,0.9368523673031275,0.3448776445212385,-0.018047568723927376,-0.2175171236292491,0.3875852121400577,0.39427660953857824
1774368229.6545007,base,654349817,1774368229,-0.0553308888967352,0.9368426694869767,0.3448714429163813,-0.018110583181816284,-0.21751069016830818,0.38758343656186495,0.3944491297330486
1774368229.6554897,base,655347619,1774368229,-0.05554006467430419,0.9368305882565627,0.3448669036298835,-0.01818155393725544,-0.2175038289150701,0.387582376857157,0.3946446051527889
1774368229.656529,base,656380070,1774368229,-0.055610168117748236,0.9368269099229461,0.34486434427403606,-0.018205331487754984,-0.21750088346200017,0.38758190031056866,0.39470997434315497
1774368229.6575294,base,657348691,1774368229,-0.05577916520563835,0.9368190205022427,0.3448554482201603,-0.01826273219025616,-0.2174934157505131,0.38758372344946146,0.3948683147157097
1774368229.658603,base,658432385,1774368229,-0.05600330944738367,0.9368058839936497,0.34485074250046516,-0.018339314128260762,-0.21748521156939318,0.3875784831237462,0.39507654519106106
1774368229.6595488,base,659390056,1774368229,-0.05619088753091428,0.9367968682462442,0.34484138390010655,-0.018401949689542667,-0.21747349847113212,0.38757955451960013,0.39525186523837963
1774368229.6605892,base,660432040,1774368229,-0.05639667099955721,0.9367851823795464,0.34483583629115194,-0.0184711554503109,-0.21746613352490748,0.3875763400152483,0.3954451411707119
1774368229.661507,base,661363083,1774368229,-0.05646525809654812,0.936781318698273,0.3448338729325052,-0.018494205697562178,-0.21746361680718135,0.38757565253895204,0.3955094089363747
1774368229.662566,base,662416341,1774368229,-0.05663265506572466,0.9367726881632578,0.34482673804149844,-0.018552461379841012,-0.2174559055641944,0.38757524704700913,0.39566620652182194
1774368229.6634033,base,663305688,1774368229,-0.05685094429071312,0.9367614912492959,0.34481728682348395,-0.018625717525532177,-0.2174434932516541,0.38757082991664843,0.3958688955058548
1774368229.6644676,base,664399351,1774368229,-0.05703824385906185,0.9367508919502079,0.34481167979649713,-0.018689854035872422,-0.21743780241882496,0.387567868776629,0.3960460586735511
1774368229.665402,base,665316741,1774368229,-0.05724134671573651,0.9367393667771232,0.34480562161876555,-0.018758205038324594,-0.21742735944155148,0.3875669358788301,0.3962365878769699
1774368229.6663418,base,666267399,1774368229,-0.057310962133519244,0.9367354957928385,0.34480331037831347,-0.018781418829030398,-0.2174243734437478,0.3875665760935903,0.39630180709258445
1774368229.6674206,base,667328867,1774368229,-0.05747774219416756,0.9367267678581186,0.3447961077940648,-0.01883920328482307,-0.21741780931678434,0.38756482060061703,0.39645939025792654
1774368229.668495,base,668424569,1774368229,-0.057697844853310296,0.9367140382766918,0.3447898059020696,-0.018914516664960544,-0.21740477617092288,0.38756065910750886,0.39666658424558565
1774368229.6694424,base,669366429,1774368229,-0.057885521112454444,0.9367038438703689,0.34478246332053225,-0.018979681521061255,-0.2173971849778174,0.38755517873328144,0.3968417952542134
1774368229.6704483,base,670359158,1774368229,-0.05808754926275019,0.9366927663053519,0.3447747154043446,-0.019049771382568116,-0.21738743477077446,0.38755038920553525,0.39703344705941834
1774368229.6713653,base,671281264,1774368229,-0.05815617453559712,0.9366886916406804,0.34477293697369954,-0.019072919188863658,-0.21738441370817116,0.38754880903056094,0.3970982468722372
1774368229.6723459,base,672281400,1774368229,-0.05833030570726523,0.9366797892750777,0.3447644160065452,-0.019132309200904273,-0.21737396377622462,0.38754941752144906,0.39726050830067905
1774368229.67337,base,673291772,1774368229,-0.058553715354040435,0.9366672840444709,0.34475623371874276,-0.01920939174102457,-0.2173609656138304,0.3875405314967198,0.39746949124645636
1774368229.674486,base,674422057,1774368229,-0.05874921378578084,0.9366567365712222,0.3447479112108829,-0.019276032554289654,-0.21735173161160048,0.3875398848721002,0.3976527801192594
1774368229.6754215,base,675342671,1774368229,-0.05896360269971161,0.9366445967767064,0.34474027967535076,-0.01934767311675105,-0.21734191210693324,0.3875365678788794,0.39785141487423603
1774368229.6764746,base,676373229,1774368229,-0.059032886933181816,0.9366406573453167,0.34473781939633474,-0.019370935597622808,-0.21733854211960169,0.38753517174454444,0.39791585479136976
1774368229.6774435,base,677339826,1774368229,-0.059209208322222526,0.9366312788425794,0.34472969035560086,-0.01943084483241708,-0.21733034042200472,0.387535491763852,0.3980808149123528
1774368229.678504,base,678374973,1774368229,-0.05943496938003626,0.9366185636719911,0.3447209975567797,-0.019508573583662127,-0.21731597201186598,0.38752893496931745,0.3982915866881443
1774368229.6794353,base,679327401,1774368229,-0.0596248576292637,0.9366068769206507,0.3447162738229925,-0.019573579622203078,-0.2173081791857765,0.3875224309986628,0.39847015530698426
1774368229.6804879,base,680427278,1774368229,-0.05983399231238649,0.9365952697673123,0.34470742301635027,-0.01964653992140657,-0.21729531060412088,0.3875176819210644,0.3986657989695782
1774368229.681413,base,681341517,1774368229,-0.0599029291611119,0.9365911265496022,0.34470536043425576,-0.019670161014990042,-0.21729230808550212,0.387516078408231,0.39873011788242835
1774368229.682438,base,682364367,1774368229,-0.06007608161441821,0.9365814618200714,0.3446981941401294,-0.0197277659497861,-0.21728255014787365,0.38751547943119974,0.39889378282102345
1774368229.6833851,base,683296690,1774368229,-0.06029811885835512,0.9365682215749885,0.34469090823054566,-0.01980608444919023,-0.21726762114318357,0.38750642831856663,0.3991021187882848
1774368229.6844835,base,684420977,1774368229,-0.06049085277598784,0.936559020278068,0.34467827073284996,-0.01987329743226284,-0.21725513676645425,0.3875022379426811,0.3992836390347213
1774368229.6853285,base,685253943,1774368229,-0.060709834413526745,0.9365442336890903,0.34467568552099836,-0.019947083993069714,-0.2172482761823851,0.3874953546220937,0.39948864504499426
1774368229.68646,base,686369551,1774368229,-0.06078040974468351,0.936540032977457,0.34467327001244835,-0.01997111315820691,-0.21724491069709748,0.38749376158447546,0.39955474675115077
1774368229.6873853,base,687311150,1774368229,-0.06096339003838051,0.9365310909788862,0.3446616658717226,-0.020032892538388865,-0.21723281385940604,0.38749452968930387,0.3997259213414493
1774368229.6884935,base,688410397,1774368229,-0.061197602092579635,0.9365165729043363,0.34465488471976824,-0.020113990465312166,-0.2172191751353036,0.3874854111160414,0.3999450144564359
1774368229.6894445,base,689328085,1774368229,-0.061398044847002536,0.9365058881270196,0.34464434983260533,-0.0201810237809783,-0.2172068632881321,0.38748223012016286,0.4001310507226435
1774368229.6904685,base,690340366,1774368229,-0.061617197050127206,0.9364927537038583,0.3446365999136211,-0.020254809004999257,-0.21719516855320722,0.38747805148428877,0.40033604630795966
1774368229.6913948,base,691297466,1774368229,-0.06169031577395161,0.9364883214408873,0.34463410508928016,-0.02027960438101602,-0.21719142099271826,0.38747636779170097,0.4004043717014828
1774368229.692505,base,692389385,1774368229,-0.061863176953384225,0.9364782188281033,0.3446269397922121,-0.020341223346502117,-0.21718286655774463,0.38747190402648435,0.40056784551880054
1774368229.69339,base,693312002,1774368229,-0.06209597618405447,0.936462157859033,0.3446241050902682,-0.02041917800708035,-0.21717023874013344,0.38746166333069054,0.4007840585944684
1774368229.6945152,base,694386821,1774368229,-0.06229834219529346,0.9364510103271009,0.34461376640018365,-0.020488382672868528,-0.21715777798733824,0.38745676039246746,0.4009735268085932
1774368229.6953773,base,695296846,1774368229,-0.06251402463286658,0.9364379612069714,0.3446057094853346,-0.020563232353919235,-0.21714644659252594,0.3874505283999149,0.4011764861286589
1774368229.6964793,base,696340039,1774368229,-0.06258724719311243,0.9364335317650733,0.3446029343511867,-0.02058870348835915,-0.21714248289607507,0.38744825766312013,0.4012454627184022
1774368229.6975021,base,697325214,1774368229,-0.06276557154224865,0.9364225651806298,0.3445967414543148,-0.020648201582030012,-0.21713325421431082,0.38744350410837075,0.4014114937484731
1774368229.6984742,base,698340003,1774368229,-0.06300352901238826,0.9364077933244442,0.3445885481638012,-0.02072998812334031,-0.21712004885866054,0.3874364740800434,0.4016348398353022
1774368229.6994524,base,699307451,1774368229,-0.0632079732467092,0.9363939736205776,0.34458441785551447,-0.020800414810392267,-0.21711086261988538,0.3874295798419439,0.40182659682225436
1774368229.7005696,base,700381664,1774368229,-0.0634247389660028,0.9363814943457339,0.3445740000738554,-0.020874817533274085,-0.21709620914119152,0.3874228713766786,0.40203009857770844
1774368229.7013924,base,701293466,1774368229,-0.0634988996752184,0.9363769932657112,0.34457103102471587,-0.020900258401923996,-0.21709205032762943,0.3874204332000203,0.40209965505219475
1774368229.7024193,base,702277178,1774368229,-0.06367714506487523,0.9363650054090997,0.3445670805768902,-0.020960076915946008,-0.2170828876765674,0.3874149134663987,0.40226555213699067
1774368229.703393,base,703307310,1774368229,-0.06391412798252895,0.9363497411248511,0.3445596434557625,-0.021042781215772563,-0.21707021998618786,0.3874057838172814,0.4024876501230314
1774368229.7044556,base,704348518,1774368229,-0.06411919645509279,0.9363372307232855,0.34455125990066104,-0.021112752266562732,-0.217060567624109,0.38740069161189844,0.40267934118509674
1774368229.7054114,base,705308312,1774368229,-0.06433995674777443,0.9363235910326629,0.34454253078836755,-0.021188376986921355,-0.21704823569594436,0.3873938087759574,0.4028849813874667
1774368229.706568,base,706432076,1774368229,-0.0644156408626585,0.9363187083466663,0.3445400749247916,-0.021214108114704755,-0.21704436657548332,0.38739148814946417,0.40295549083631055
1774368229.707549,base,707453249,1774368229,-0.06459332151442931,0.9363076161742772,0.3445333172178408,-0.02127308244346857,-0.21703262999528308,0.3873892802382421,0.40312194378934707
1774368229.708527,base,708421713,1774368229,-0.06483035124697799,0.9362895770228747,0.3445328861027786,-0.021352843117709668,-0.2170235548419879,0.38737750261695053,0.40334434940062613
1774368229.7095473,base,709399206,1774368229,-0.06502702456958544,0.936276809227187,0.3445263098546795,-0.021420653512475313,-0.21701139131431624,0.38736921954546266,0.4035307141856113
1774368229.7105057,base,710421681,1774368229,-0.06524529902880115,0.9362622216361787,0.34451988208175427,-0.021497770626359332,-0.21699893274469642,0.38735955855893306,0.4037349062768171
1774368229.7115028,base,711345799,1774368229,-0.06532005635670743,0.9362574869041838,0.3445169586516757,-0.021523792760994486,-0.216994644961346,0.3873567434575107,0.4038044582798226
1774368229.712444,base,712336472,1774368229,-0.06549225669484975,0.9362468596665824,0.34450950373968253,-0.021582027488544035,-0.21698405506238103,0.3873495700655556,0.4039664365298764
1774368229.7133746,base,713276180,1774368229,-0.06572882383685973,0.9362310014408664,0.34450243600111413,-0.021663454187960163,-0.2169707957476213,0.38733793702157976,0.4041872573572165
1774368229.7144835,base,714386925,1774368229,-0.06593263385105982,0.9362169651262913,0.3444971951475033,-0.0217339489895834,-0.21696099659886373,0.3873301700970418,0.4043784914553217
1774368229.7153776,base,715280382,1774368229,-0.06615482370538418,0.9362027737662846,0.3444883881098164,-0.021809542643644913,-0.21694602201795174,0.38732272686134595,0.4045861282371888
1774368229.7164066,base,716338730,1774368229,-0.06622734387973081,0.9361977327974045,0.34448659995037995,-0.021834067011496098,-0.21694178372182193,0.3873197802707732,0.4046539696154706
1774368229.7173622,base,717267156,1774368229,-0.06640707180223282,0.9361848403949129,0.344483065159176,-0.021896649240089137,-0.21693304495994734,0.3873106812614948,0.4048221064392138
1774368229.7184553,base,718352695,1774368229,-0.06664388227839661,0.9361695285487456,0.34447374063354635,-0.021978370858978902,-0.21691697669318308,0.3873014023907448,0.4050426537780938
1774368229.7194045,base,719270559,1774368229,-0.06684185906906415,0.9361544518262909,0.34447204381980706,-0.022045843794536255,-0.21690922732450632,0.3872908255141757,0.4052290481712093
1774368229.7204945,base,720354822,1774368229,-0.06706030779943209,0.9361415497065884,0.34445979690395695,-0.02212153583450419,-0.21689311961233157,0.3872831400553386,0.40543390137448504
1774368229.721412,base,721279371,1774368229,-0.06713265636673471,0.9361368003784211,0.34445701458513567,-0.022146388633220004,-0.21688846388107458,0.38728024069244327,0.40550172575820975
1774368229.7225208,base,722356474,1774368229,-0.06731093318130539,0.9361235759558845,0.3444543108312158,-0.022206228036776937,-0.21688089967146157,0.3872714154867197,0.40566939244012207
1774368229.7235215,base,723347588,1774368229,-0.06754881635734607,0.9361088418748271,0.3444424243797889,-0.02228923192630748,-0.21686168323926686,0.38726143179477207,0.40589232544918186
1774368229.724531,base,724363570,1774368229,-0.06774985356421367,0.9360937874148301,0.34443950258895795,-0.0223563763087349,-0.21685172307292055,0.3872511933263803,0.40608052179788484
1774368229.7255,base,725326211,1774368229,-0.06796717426784042,0.9360786501507293,0.34443287373559467,-0.022432553226806613,-0.21683780836008162,0.387240483773023,0.40628412749060283
1774368229.726559,base,726404829,1774368229,-0.06803961703680694,0.9360737239671,0.3444303032416721,-0.022457961187515984,-0.21683346310015378,0.38723694449396556,0.40635203207377274
1774368229.7275014,base,727320352,1774368229,-0.06821852508154441,0.9360621607138102,0.3444223215758775,-0.022519514110533417,-0.21682190263137802,0.38723090327714393,0.4065197222283258
1774368229.728589,base,728394750,1774368229,-0.06845238998409883,0.9360462409685686,0.34441381825499173,-0.022601479356336607,-0.21680410649399,0.38721703830697574,0.4067384202486206
1774368229.7294807,base,729316466,1774368229,-0.0686533716860573,0.9360327874938164,0.34440603461738317,-0.02266756739974357,-0.21679163432162943,0.3872093461304202,0.406926230979141
1774368229.7305622,base,730400490,1774368229,-0.06887726231008778,0.9360174678736497,0.3443979148698084,-0.022744203775835654,-0.21677702381094627,0.387198847013376,0.4071346674283818
1774368229.7314801,base,731322557,1774368229,-0.06895111130024253,0.9360124101691362,0.34439521322903016,-0.022769483190379823,-0.21677218978265167,0.3871954280991581,0.4072037841287991
1774368229.7324595,base,732362768,1774368229,-0.06912544845874669,0.9360010746785737,0.3443870154109909,-0.022830772922573187,-0.2167616655293706,0.3871885323256618,0.40736745851657574
1774368229.7334855,base,733316071,1774368229,-0.06935837723123017,0.9359839306364728,0.344381441592511,-0.022911127969019264,-0.21674573404511446,0.3871744360643338,0.4075852172549429
1774368229.7345946,base,734351351,1774368229,-0.06955984013803097,0.9359703557120751,0.34437304099724286,-0.02298109010674813,-0.21673394284277459,0.3871657105714427,0.4077749817838764
1774368229.7354445,base,735248568,1774368229,-0.06977904260133325,0.9359544047833991,0.34436703940868113,-0.023056008958495966,-0.21671973529684752,0.3871553517440731,0.40798072820146924
1774368229.73645,base,736325192,1774368229,-0.06985319295904165,0.9359493125599417,0.34436413208884703,-0.023081600522805966,-0.2167146767743486,0.38715197717980426,0.4080501749307918
1774368229.7373447,base,737242942,1774368229,-0.0700270700836078,0.9359368088918776,0.3443588415821736,-0.023140601569058943,-0.21670431747754082,0.387144083390677,0.40821295519744777
1774368229.7384741,base,738372783,1774368229,-0.07025619088757727,0.9359206411595256,0.3443507987769457,-0.023219570951902916,-0.21668718663518446,0.38713040516410535,0.40842737307178034
1774368229.7394946,base,739363726,1774368229,-0.07046322016703942,0.9359068288159196,0.3443412662879253,-0.023290227792974558,-0.21667334410804884,0.38712418992635145,0.4086200943775005
1774368229.7405,base,740374560,1774368229,-0.07068322077466128,0.9358900083070971,0.3443367599550781,-0.02336600940470943,-0.21666228045124653,0.38711294369196053,0.4088262600016156
1774368229.7415597,base,741372010,1774368229,-0.07075525161288224,0.9358848157574814,0.3443343873496359,-0.023390931839790265,-0.21665770655458075,0.38710927836883796,0.40889399364242746
1774368229.7425106,base,742339275,1774368229,-0.07093264239061114,0.9358729672683787,0.34432589734190966,-0.023452628838884652,-0.21664514781167418,0.38710128917269465,0.4090592014067077
1774368229.7434971,base,743337330,1774368229,-0.07116318126359755,0.9358559897525013,0.3443190953044149,-0.02353144036304859,-0.2166295698865191,0.3870887060723554,0.4092743691538322
1774368229.7445712,base,744423447,1774368229,-0.07136524636601431,0.9358417990636331,0.3443110986959754,-0.023600763784908056,-0.2166160193516402,0.3870802714881969,0.4094634418235452
1774368229.7453916,base,745246891,1774368229,-0.07158131052074758,0.9358263585348523,0.3443032498872575,-0.02367308118101966,-0.21660076272042236,0.3870685199820784,0.40966527767614824
1774368229.746475,base,746324490,1774368229,-0.07165357915609984,0.935821177466254,0.3443006226571139,-0.023697460575302982,-0.2165955822644393,0.38706505841442135,0.40973286390232455
1774368229.7475042,base,747348606,1774368229,-0.07183115671865374,0.9358098094097931,0.3442901542641451,-0.023760791519607145,-0.2165811385541964,0.3870574242562886,0.4099003740134342
1774368229.7485952,base,748429649,1774368229,-0.07206459478806936,0.9357929134434481,0.3442816633590343,-0.023842265030641435,-0.21656528984841675,0.38704446177602153,0.410119664070665
1774368229.7495067,base,749348450,1774368229,-0.07226792775433392,0.9357763936417858,0.3442791232193416,-0.023911776098593875,-0.21655421388694382,0.38703246839049704,0.41031061380795547
1774368229.7505662,base,750432814,1774368229,-0.0724809388952616,0.9357602200433414,0.3442730896303986,-0.023986742956018332,-0.216539881660566,0.38701866397943807,0.410512433313634
1774368229.7514377,base,751344272,1774368229,-0.07255229726659136,0.9357550356809633,0.34427042915988365,-0.02401143404981932,-0.21653510927283687,0.3870147076225635,0.4105796718105987
1774368229.7525387,base,752431509,1774368229,-0.07273584552785638,0.9357428662456387,0.34426043770869497,-0.024073555498975274,-0.2165190071494841,0.38700822475473706,0.41075090929683394
1774368229.7534044,base,753311598,1774368229,-0.07296809103122588,0.9357261740370875,0.344250897435126,-0.02415583838916463,-0.2165001161239954,0.38699118015528094,0.4109686017841429
1774368229.7545395,base,754421840,1774368229,-0.07317250298979339,0.9357111897515942,0.3442432757372915,-0.024226458460204468,-0.21648704001909502,0.38698025219333476,0.41115948853593576
1774368229.7554417,base,755345693,1774368229,-0.07339227191882428,0.9356960810805112,0.34423217126230676,-0.024302891622294945,-0.2164690245654718,0.38697032540846793,0.4113653940887193
1774368229.7565372,base,756423927,1774368229,-0.07346505078495759,0.9356908358445873,0.34422914036404617,-0.024327863733811312,-0.21646385322952946,0.38696684504304907,0.4114335704566404
1774368229.7574162,base,757338112,1774368229,-0.07364920788148234,0.9356758928398067,0.34422601051847634,-0.024389986047444544,-0.21645429637749206,0.3869567939426553,0.41160606424396967
1774368229.7585385,base,758422405,1774368229,-0.07388946036870277,0.9356600783462178,0.3442115346567065,-0.024474166887688546,-0.21643445921089707,0.38694403481114464,0.4118306009149425
1774368229.7594464,base,759339610,1774368229,-0.07409302318727573,0.9356446687200075,0.34420467828616746,-0.024544189876898843,-0.21641830553892,0.38693198574872134,0.41202099140838866
1774368229.7604742,base,760358773,1774368229,-0.07431299689628362,0.9356282002108516,0.3441965590734618,-0.024620686109130877,-0.21639997943491993,0.38691888059373514,0.41222735071034633
1774368229.7614594,base,761337738,1774368229,-0.07438569105210138,0.9356227617835732,0.34419383669619236,-0.02464587956505811,-0.21639447280822824,0.3869143892448792,0.412295386398955
1774368229.762481,base,762356548,1774368229,-0.07456802111540481,0.9356096158095734,0.34418568135286665,-0.02470776767047182,-0.21638261911745246,0.3869053915139037,0.4124680166718079
1774368229.7634351,base,763328465,1774368229,-0.07480790168859637,0.9355915382329537,0.3441766999922462,-0.02479214823875129,-0.2163611537876377,0.3868878737707696,0.4126922501575439
1774368229.7644844,base,764359581,1774368229,-0.07501673771131817,0.9355764335849058,0.3441670868954659,-0.024864478309196057,-0.21634424774514985,0.38687573947473286,0.41288834248144696
1774368229.7654495,base,765334632,1774368229,-0.07524139262960942,0.9355589000445418,0.34416004990080845,-0.02494268299275125,-0.21632541118313822,0.3868612542748001,0.4130985185782273
1774368229.766472,base,766352480,1774368229,-0.07531493554915707,0.9355533369518453,0.34415720859880505,-0.02496857967470271,-0.21631981775505035,0.38685641960433315,0.41316751259914514
1774368229.7674406,base,767337589,1774368229,-0.0755044933117306,0.9355396387098269,0.3441482850046503,-0.02503225560718203,-0.21630765121231882,0.38684894872851827,0.4133432575284497
1774368229.7683983,base,768268752,1774368229,-0.07575060111843274,0.9355230090645169,0.34413315298164376,-0.025118100246245497,-0.21628587618533276,0.3868348195938346,0.41357248066630203
1774368229.7693908,base,769301286,1774368229,-0.07596111738634702,0.9355047672555492,0.34413108309943563,-0.025190012551956666,-0.21627058851235448,0.38682202517459585,0.4137693038283431
1774368229.7704437,base,770309088,1774368229,-0.07618033978531681,0.9354885214428627,0.34412130193844837,-0.025264829922793518,-0.21625180760378837,0.38680667103459365,0.41397545880325404
1774368229.7714157,base,771337582,1774368229,-0.07625500593502553,0.9354829280985273,0.34411810405796306,-0.025290230635717233,-0.21624573474673006,0.38680213565332533,0.41404565430408935
1774368229.7724814,base,772355931,1774368229,-0.07644011593008064,0.935469526150899,0.34410871109352476,-0.025354866774675116,-0.21623021787949556,0.3867922215024722,0.4142192494169956
1774368229.773421,base,773342436,1774368229,-0.07668601521801555,0.9354496273692244,0.34410182422013286,-0.025439817081461143,-0.21621262490205184,0.38677432089026365,0.41444960506861195
1774368229.7744777,base,774354959,1774368229,-0.07689789412315876,0.9354338089807736,0.3440920689174911,-0.025513741458784833,-0.2161955989491574,0.38676126299121627,0.41464810519113
1774368229.775424,base,775336494,1774368229,-0.07712432718972366,0.9354157111374344,0.3440848203029515,-0.025591442903166516,-0.21617752319187206,0.3867477145601202,0.4148605981345136
1774368229.7764854,base,776357224,1774368229,-0.07720071522813367,0.9354096495572551,0.3440822403200104,-0.02561735700263448,-0.21617152613210586,0.386743376491743,0.4149320707694471
1774368229.7774117,base,777335867,1774368229,-0.07738825897539012,0.9353955117193418,0.344073712167262,-0.02568218494421242,-0.21615831026719237,0.3867323255093575,0.4151090477623541
1774368229.7784953,base,778355384,1774368229,-0.07763558316741229,0.9353774899059395,0.3440604350145791,-0.025769840144994352,-0.2161376645483684,0.3867141522240407,0.41534121636906374
1774368229.7794209,base,779338016,1774368229,-0.07785181517047642,0.935359207401113,0.3440558433976695,-0.025842303081229215,-0.21612087767028826,0.38670191690261996,0.41554263133481456
1774368229.780485,base,780359349,1774368229,-0.07807659233290568,0.9353416050882762,0.3440468631145688,-0.02592071568444219,-0.2161045527793712,0.38668572086073366,0.41575264803786866
1774368229.7813485,base,781266517,1774368229,-0.07815400144287704,0.9353357446372996,0.34404317261624406,-0.02594787541214491,-0.21609847225685141,0.3866805753723944,0.4158251075835288
1774368229.7825415,base,782403339,1774368229,-0.07833876587373952,0.9353200824319245,0.3440390318629366,-0.02601010795307385,-0.21608482888088879,0.38666896998210837,0.41599901144695905
1774368229.7834284,base,783344269,1774368229,-0.07858101732710142,0.9353016102219158,0.3440275411340654,-0.026095451200890518,-0.21606478837918633,0.3866492867804278,0.4162247755809342
1774368229.7843888,base,784260132,1774368229,-0.07879156632373908,0.9352838256243899,0.3440221551145835,-0.026168901237443414,-0.21604777362214886,0.3866343656212324,0.4164212965955348
1774368229.7853808,base,785274609,1774368229,-0.0790197315827172,0.9352640124646137,0.34401766903996106,-0.026247902725705846,-0.21603318675392924,0.3866163453868984,0.4166351779322737
1774368229.7864845,base,786353082,1774368229,-0.07909764572561834,0.9352577069467682,0.3440148464350527,-0.02627488286566945,-0.2160269781389007,0.386610756287274,0.4167080906391308
1774368229.7874324,base,787342448,1774368229,-0.0792828057698379,0.9352435024236265,0.3440060413418195,-0.02633764233906795,-0.21601170675352563,0.3865998199792625,0.416881887830177
1774368229.7884076,base,788265680,1774368229,-0.07953032217826181,0.9352239418051328,0.3439954405448517,-0.02642429588550636,-0.21599282917143156,0.38658175442649434,0.41711322785353927
1774368229.7894175,base,789338227,1774368229,-0.07974038217135096,0.935206959621464,0.34398724104965456,-0.02649890793581733,-0.21597290730248186,0.3865656606458903,0.4173097478539842
1774368229.790398,base,790297949,1774368229,-0.07996964874091546,0.9351871818211897,0.34398159212636764,-0.026579212099023083,-0.21595761493411825,0.3865477019178964,0.41752486790642895
1774368229.7914276,base,791324637,1774368229,-0.08004417223988874,0.9351809123047056,0.3439793006065077,-0.02660512179313151,-0.2159517411578721,0.3865418849959494,0.4175945933806367
1774368229.792453,base,792331752,1774368229,-0.08022713980145708,0.93516543822091,0.3439738680357819,-0.026668095261443012,-0.21593708893879646,0.3865279687801988,0.4177651202368554
1774368229.7933714,base,793289088,1774368229,-0.08047280955932808,0.9351458169409487,0.34396317984522096,-0.02675367059373365,-0.21591676125377024,0.38650984864956456,0.4179938883001087
1774368229.7944078,base,794290512,1774368229,-0.0806826953156433,0.935126683342962,0.3439605090402451,-0.02682455959321942,-0.21590058927320288,0.3864931446260973,0.41818889467575965
1774368229.795382,base,795273532,1774368229,-0.0809109379916813,0.9351082768950051,0.34395068512226423,-0.026904586963674548,-0.2158828894395828,0.38647652579648883,0.41840499721813357
1774368229.7965367,base,796307194,1774368229,-0.08098485502837004,0.9351022973476468,0.3439475078632375,-0.02693062542636507,-0.2158765130509134,0.38647096342545706,0.41847457380231995
1774368229.7975404,base,797300399,1774368229,-0.08116663031342816,0.9350874234627973,0.34394032450308437,-0.02699151322144711,-0.21586065279386085,0.38645806134129385,0.4186423685672152
1774368229.798399,base,798305141,1774368229,-0.08140550149621498,0.9350673481111849,0.3439317118628397,-0.027077230241708345,-0.21583925078994626,0.3864358749482585,0.41886719429442
1774368229.799524,base,799291707,1774368229,-0.0816172896039473,0.9350493361598929,0.3439248322096032,-0.02714897372361016,-0.21582196841594917,0.38642148655978803,0.41906558069972466
1774368229.8004348,base,800294429,1774368229,-0.08184683803241515,0.9350306117303733,0.34391469414775994,-0.027231110525874937,-0.21580087780544555,0.3864037875000588,0.41928158173383706
1774368229.8015342,base,801325202,1774368229,-0.08192207508448124,0.9350243985884701,0.34391156769374615,-0.02725768267025618,-0.2157942136644752,0.3863978679212151,0.41935205303745343
1774368229.802414,base,802309976,1774368229,-0.08209879050030906,0.9350098138643744,0.3439041528482918,-0.027319777257381647,-0.2157797650335699,0.38638204542962573,0.41951707794571624
1774368229.8033757,base,803279122,1774368229,-0.08234168947498537,0.9349893706237034,0.34389490804045464,-0.027404656884248674,-0.21575610829997194,0.3863619802753214,0.4197451613029036
1774368229.8044243,base,804289627,1774368229,-0.08255364289777099,0.9349728136824582,0.34388337847749056,-0.0274764576669125,-0.215735836964729,0.3863482067333861,0.4199428412071237
1774368229.8054078,base,805299853,1774368229,-0.08277785023822326,0.9349538910870644,0.3438746873465095,-0.027554463403164333,-0.21571606738155594,0.38632932564703676,0.42015219233586726
1774368229.8064213,base,806303798,1774368229,-0.08285345997543263,0.9349475355307553,0.34387163048641123,-0.027581002912937674,-0.2157095775252672,0.38632323193646717,0.42022289103290633
1774368229.8074245,base,807298202,1774368229,-0.08303265457911971,0.9349318155288988,0.34386622526988087,-0.027642317269453272,-0.21569546894672081,0.38630877552394083,0.420390707648852
1774368229.8084307,base,808296971,1774368229,-0.08327747249436059,0.9349127502542605,0.34385178540041367,-0.02773015802179257,-0.21567159462979485,0.38629069617419914,0.4206199154119428
1774368229.8093426,base,809269541,1774368229,-0.0834823171743998,0.9348944056991048,0.34384643370406753,-0.027798973734745026,-0.21565438788428998,0.386272119029571,0.4208114638831143
1774368229.8104012,base,810286135,1774368229,-0.08370315876623641,0.9348760127431284,0.3438364458838052,-0.02787688095998956,-0.21563280893209635,0.3862539146423576,0.4210180358857633
1774368229.8113713,base,811288383,1774368229,-0.08377701007495046,0.9348697708227538,0.34383330981327287,-0.027903032945600953,-0.2156260469520841,0.38624752487962105,0.421087139309761
1774368229.8124225,base,812303682,1774368229,-0.08395412218552131,0.9348543059643863,0.3438273305519268,-0.02796245256482465,-0.21561115263396424,0.3862340023006149,0.4212523248282074
1774368229.8133307,base,813249116,1774368229,-0.0841963746172528,0.9348334048843332,0.34381794435263424,-0.028048114995566767,-0.21558816962747038,0.3862153778627683,0.42147806098057594
1774368229.8143833,base,814269077,1774368229,-0.08440300041361849,0.9348169665119411,0.34380614989787683,-0.028119458298298195,-0.21557022693426156,0.3862003773708975,0.42167184297593935
1774368229.815333,base,815253465,1774368229,-0.08462581848227484,0.9347978860684947,0.34379707264346276,-0.028194962136245543,-0.21554956779876278,0.3861835218516994,0.4218794724168715
1774368229.8164363,base,816285336,1774368229,-0.08469915552433763,0.9347914971812172,0.34379431722670944,-0.02822015757899043,-0.21554267153707607,0.3861772484276261,0.4219479550262262
1774368229.8173966,base,817265682,1774368229,-0.08487330097482487,0.9347758664178911,0.34378873947728145,-0.028282590987030738,-0.2155281212593958,0.38616189622996,0.42211002441888557
1774368229.8184993,base,818308414,1774368229,-0.08511407302546799,0.9347555953658665,0.3437774921845127,-0.028365601924640903,-0.2155026223018439,0.3861414556296121,0.42233470574868387
1774368229.8193834,base,819300843,1774368229,-0.08531961778664983,0.9347395108200898,0.3437642040951804,-0.028439087808267382,-0.21548163135371948,0.38612548118065126,0.4225270265399543
1774368229.8204477,base,820321379,1774368229,-0.08554081171678066,0.9347200717066908,0.3437557714808759,-0.02851537573066194,-0.2154607170272016,0.38610805567027695,0.4227349170062296
1774368229.8214145,base,821322789,1774368229,-0.08561476574089368,0.9347135647936873,0.3437529420851342,-0.028540821390138093,-0.2154538915284477,0.3861018613207873,0.4228040302891107
1774368229.8224611,base,822324874,1774368229,-0.08579030574080801,0.9346978785022604,0.34374663607930167,-0.028603313591898195,-0.21543926701968255,0.38608510371111865,0.42296871026434407
1774368229.8233695,base,823298118,1774368229,-0.08602723847944464,0.9346761272421757,0.343739710628167,-0.02868558419193802,-0.21541400323244023,0.38606195639597773,0.42319062373350996
1774368229.8244312,base,824354231,1774368229,-0.08623188999281489,0.9346597493322434,0.3437267812121506,-0.02875958977435662,-0.21539504028007664,0.3860439031839376,0.42338276826167887
1774368229.8253675,base,825297181,1774368229,-0.08645166267835222,0.9346405058619363,0.3437173084484249,-0.028838285234435008,-0.21537372792448137,0.3860241908616829,0.4235896351685791
1774368229.8264542,base,826315939,1774368229,-0.08652527119178445,0.9346343013746167,0.3437134896572592,-0.02886411555547198,-0.21536629346016103,0.38601824148470376,0.4236585079328213
1774368229.8273664,base,827293253,1774368229,-0.08670809251427863,0.9346174992555961,0.3437078746839049,-0.02892634885401625,-0.215348240281115,0.38600169238974213,0.42382927062362136
1774368229.8284156,base,828307231,1774368229,-0.08695244002203796,0.9345966085300657,0.3436955932499196,-0.029013646425412504,-0.2153213317689576,0.3859812762794846,0.42405930107610734
1774368229.829397,base,829313279,1774368229,-0.08716207782998243,0.934578615232016,0.3436852814095915,-0.02908627651964736,-0.21530261875120846,0.38596240326068115,0.4242537154187191
1774368229.8304472,base,830314876,1774368229,-0.0873835179225214,0.9345592648999254,0.34367511318103733,-0.029163637722285557,-0.21527893646430546,0.3859437337610111,0.4244618063696941
1774368229.8313808,base,831299615,1774368229,-0.08745520030719411,0.9345528122396878,0.3436723188085183,-0.029188462770342913,-0.21527187450737648,0.38593708643036734,0.42452902806075254
1774368229.8324528,base,832322689,1774368229,-0.08763995316447967,0.9345375523579348,0.34366112486535094,-0.02925462524883473,-0.21525202428150483,0.38592022159324874,0.4247010668831812
1774368229.8333287,base,833260926,1774368229,-0.0878852563470871,0.9345153182111952,0.34365153813692945,-0.029341473745501882,-0.2152274691479858,0.38589622667968515,0.42492879907110037
1774368229.8344715,base,834335188,1774368229,-0.0880917458431166,0.9344973124648543,0.343641443153408,-0.029413871858688802,-0.21520698395310317,0.38587683389902,0.425121907704869
1774368229.8354173,base,835342723,1774368229,-0.08831498092964195,0.934477279381767,0.3436319478964832,-0.02949174202241448,-0.2151852042306701,0.3858566762769395,0.4253305507344424
1774368229.83649,base,836354949,1774368229,-0.08838755533059245,0.9344708010882437,0.34362868936821345,-0.029517551037670016,-0.21517791626270244,0.3858496349263418,0.42539839368587856
1774368229.837485,base,837339755,1774368229,-0.0885731704994625,0.9344549312363917,0.3436183943219206,-0.029583340570138505,-0.21515651690237542,0.38583388499951454,0.4255718963505895
1774368229.8383389,base,838265911,1774368229,-0.08882622962186881,0.9344309744465777,0.3436106187024496,-0.02967149542746633,-0.21513078130742067,0.38580930254849355,0.42580953947306566
1774368229.8394864,base,839342639,1774368229,-0.08903678660687811,0.9344151821324042,0.343592432428451,-0.029748250521458512,-0.21510496131711876,0.3857909508379865,0.42600558378894304
1774368229.8404453,base,840311869,1774368229,-0.08926237811302942,0.9343935669598054,0.3435859632831013,-0.029825755859017804,-0.21508290466019303,0.38576848262979957,0.42621548305784834
1774368229.8414197,base,841343469,1774368229,-0.08933665920437253,0.9343869094243118,0.34358248108898354,-0.02985202685619622,-0.21507495978259805,0.38576093183752186,0.42628474451568427
1774368229.842584,base,842415934,1774368229,-0.08952472893943512,0.9343716112916896,0.3435693709643736,-0.029918259568983082,-0.21505377458899366,0.3857444568466334,0.4264608095206674
1774368229.8434656,base,843318868,1774368229,-0.08977113797264293,0.934348879300242,0.34355928170942,-0.030005574295217052,-0.21502470207328386,0.3857184167978298,0.4266894197432391
1774368229.8445554,base,844360082,1774368229,-0.08998259414772607,0.9343306020809652,0.34354729887715696,-0.03007843412939113,-0.2150027614205173,0.3856986264755625,0.42688629756897406
1774368229.8455055,base,845338140,1774368229,-0.09021331962556375,0.9343099525558279,0.34353577507735805,-0.030160251312966162,-0.21497656790757197,0.3856765144103004,0.4271014425809003
1774368229.8465848,base,846403464,1774368229,-0.09029076338840067,0.9343027634901023,0.34353259563412414,-0.030187413244250734,-0.21496867244280007,0.38566847579707136,0.4271737064775034
1774368229.847469,base,847314615,1774368229,-0.09046978722166098,0.9342865992370621,0.3435238980324626,-0.030250612666438453,-0.21494829533853968,0.38564911263842744,0.4273417230094418
1774368229.848591,base,848404828,1774368229,-0.09071433221757377,0.9342633438223565,0.34351502606057,-0.03033712561853666,-0.21491990609587705,0.38562050468533154,0.4275688807909708
1774368229.8494387,base,849298162,1774368229,-0.09092646716037722,0.9342449163353197,0.3435024523042568,-0.030411825533928665,-0.21489737632315567,0.38560014986673014,0.42776775548133167
1774368229.8504457,base,850266977,1774368229,-0.0911525950502944,0.9342235756849258,0.34349353024842394,-0.03049114178813016,-0.21487158918884547,0.3855753060561423,0.42797886043134115
1774368229.8514147,base,851317709,1774368229,-0.09122990241566735,0.934217017337743,0.34348840840037737,-0.03051856347167306,-0.2148633446769937,0.3855671968339891,0.42805103817504914
1774368229.8524725,base,852405765,1774368229,-0.09141532767434159,0.934200324820873,0.34347877444940195,-0.03058304225391998,-0.21484070145731782,0.38554804653221575,0.4282248276513494
1774368229.8534505,base,853302761,1774368229,-0.0916587565007393,0.9341777633915654,0.3434674940976492,-0.030670168564126982,-0.2148147897315063,0.38552096252855833,0.4284530449941251
1774368229.8545294,base,854296343,1774368229,-0.09186820659862151,0.9341576431893955,0.34345960351918986,-0.030744609895526,-0.21479213848573278,0.38549774697781347,0.42864714474746207
1774368229.8555431,base,855302715,1774368229,-0.09209389848166209,0.9341365575176575,0.34344921650182114,-0.03082598669620864,-0.2147657550814911,0.3854722330470101,0.4288573636131994
1774368229.8565037,base,856253810,1774368229,-0.09217031892226654,0.9341294051081632,0.343445703966239,-0.030853447930034483,-0.21475743985271437,0.3854636382863794,0.42892860081656997
1774368229.8575628,base,857360837,1774368229,-0.09235240668954442,0.9341107781356864,0.34344183346506324,-0.030915921069042798,-0.21473780389394564,0.3854415260983725,0.429097731874697
1774368229.8586023,base,858390295,1774368229,-0.09258854427898947,0.9340893231684445,0.3434289681514119,-0.031000671693872155,-0.21470850840281286,0.38541192976052174,0.4293174122244996
1774368229.859559,base,859335940,1774368229,-0.09279729828815649,0.9340691413916691,0.343420728240588,-0.031075777463373692,-0.21468534251163193,0.38538736214902247,0.42951239922197865
1774368229.8606808,base,860407309,1774368229,-0.09302006372914386,0.9340467784998144,0.34341413377083535,-0.0311547114313612,-0.21466103737517211,0.3853586043553122,0.4297216763649924
1774368229.8614833,base,861328277,1774368229,-0.09309403680705197,0.9340397094665498,0.3434109142919562,-0.03118117053244357,-0.21465234921056292,0.3853495758262268,0.42979094238985627
1774368229.862519,base,862359877,1774368229,-0.09327045318867862,0.9340233202617525,0.34340167604191624,-0.031246578385369598,-0.21463039806172177,0.38532681545918634,0.42995545277831687
1774368229.8634882,base,863333293,1774368229,-0.09352001256159947,0.9339996356419966,0.3433901668994474,-0.03133498281259191,-0.21460186896676361,0.385296423448367,0.43018642737325963
1774368229.8646557,base,864379727,1774368229,-0.09372316190675697,0.9339783305847399,0.34338606686992773,-0.031407897095216235,-0.21458149277114913,0.38527063326166217,0.4303751798830665
1774368229.86551,base,865336273,1774368229,-0.09394420300693797,0.9339568315730421,0.34337685376338706,-0.0314874543110924,-0.21455403786131602,0.3852421618685468,0.430581805885194
1774368229.866469,base,866284514,1774368229,-0.09401646438251457,0.933949815731173,0.34337378077815395,-0.03151337485633117,-0.21454537297115034,0.3852329322949789,0.4306493851249466
1774368229.8674617,base,867326264,1774368229,-0.09419658821167154,0.9339313915194483,0.3433688167370791,-0.03157553477624851,-0.21452667084403299,0.3852106819459,0.4308170380352351
1774368229.8684647,base,868329775,1774368229,-0.09443265284009743,0.9339085025925167,0.3433581842579727,-0.03166291468031286,-0.2144994787244583,0.3851761736661137,0.43103561235872767
1774368229.8694587,base,869317240,1774368229,-0.09463697578947042,0.933886210471692,0.34335597793920625,-0.03173422628105547,-0.21447737710360507,0.38515029233027115,0.4312257837991813
1774368229.8704534,base,870318006,1774368229,-0.09485555733279355,0.9338648455305181,0.3433463995392233,-0.03181388767187576,-0.2144502106970924,0.3851191776103296,0.43142988201921084
1774368229.8714802,base,871309311,1774368229,-0.09492737403675347,0.9338577493467677,0.3433434261884281,-0.03184005867876637,-0.2144415412087562,0.3851092818762039,0.4314970295563737
1774368229.8725016,base,872312610,1774368229,-0.09511144524212972,0.933839101477264,0.3433370856561944,-0.03190597356609961,-0.21442141909427753,0.3850871824996385,0.43166827105115213
1774368229.8734748,base,873334806,1774368229,-0.09535031998808527,0.933815632789543,0.3433266577004299,-0.03199197631105185,-0.2143921031736719,0.3850519583563294,0.4318895631366172
1774368229.8745046,base,874311753,1774368229,-0.09554967372039049,0.933795073169651,0.34332041470202734,-0.032064217202995196,-0.21436816995296107,0.38502486202124137,0.43207601025382136
1774368229.875459,base,875336681,1774368229,-0.09576669355428118,0.9337744461083656,0.3433088519065075,-0.03214119480248561,-0.21433949788039505,0.3849963283535715,0.4322780751915586
1774368229.8764305,base,876293839,1774368229,-0.09583818754096553,0.9337672655408252,0.34330603818995453,-0.032166749223229145,-0.21433047268356195,0.3849864986094623,0.43234455828544555
1774368229.877485,base,877343884,1774368229,-0.09601267339937376,0.933749728980474,0.3432991162834561,-0.032229286907942696,-0.21430962161343628,0.38496122290997015,0.4325065790175089
1774368229.8784602,base,878328326,1774368229,-0.09625605932773026,0.9337251950755225,0.34328944820651897,-0.032316959540429374,-0.21427962013034466,0.3849282035889363,0.4327319691707081
1774368229.87947,base,879311409,1774368229,-0.09645024992320693,0.9337050720002068,0.3432829838099972,-0.032387973652960006,-0.21425516736962413,0.3848982634275477,0.4329106904867437
1774368229.8805594,base,880375626,1774368229,-0.09666606452805085,0.9336840258711967,0.3432719917341994,-0.03246769921705073,-0.21422820701085116,0.38486841126436555,0.4331120822253425
1774368229.8814812,base,881341271,1774368229,-0.09673787601396903,0.9336768079837394,0.343268905691445,-0.032493998876700646,-0.21421877582360802,0.3848577195807403,0.4331789772088174
1774368229.8825638,base,882379704,1774368229,-0.09690882645164015,0.9336590797561978,0.34326317137094486,-0.03255452848586892,-0.2141968733928064,0.3848340331451524,0.43333844481812317
1774368229.883412,base,883312091,1774368229,-0.09713938243954295,0.9336367525076227,0.3432507686552144,-0.03263839095128326,-0.21416455971516093,0.38479930744973645,0.4335515181368346
1774368229.88451,base,884331376,1774368229,-0.0973355138278632,0.9336154984225624,0.3432463127470129,-0.032708831202537716,-0.21414075542869496,0.3847708847249323,0.4337329697975927
1774368229.8854873,base,885342144,1774368229,-0.09754872672960371,0.9335948415791275,0.3432346743793601,-0.032785301492767725,-0.21411123183635283,0.38474017599680854,0.43392996688882307
1774368229.8865519,base,886372704,1774368229,-0.09762123979655343,0.9335873939300221,0.34323185202256495,-0.0328110833818958,-0.21410178613746012,0.384729712351122,0.43399678604396025
1774368229.8874822,base,887307331,1774368229,-0.09778703706076605,0.9335698703851462,0.34322655216420095,-0.03287136111287008,-0.21408293116804877,0.3847036572164985,0.43415148834700396
1774368229.8885362,base,888329609,1774368229,-0.0980199497001765,0.9335476043270831,0.3432125146953437,-0.0329564814935904,-0.21404854649678143,0.38467052180577027,0.4343663097574063
1774368229.8893852,base,889239427,1774368229,-0.09821191531113169,0.9335266549932528,0.34320804307257285,-0.03302488877078003,-0.2140264110236641,0.3846411882132466,0.4345443752997201
1774368229.8905869,base,890377708,1774368229,-0.09842141565223204,0.9335065058086365,0.34319535908985216,-0.033102478051471165,-0.2139949756713145,0.38461010636172505,0.43473963103037766
1774368229.8914437,base,891288669,1774368229,-0.09849187761138536,0.9334995416991405,0.34319157668099387,-0.033128498114041414,-0.21398508018911735,0.3845997177425219,0.43480537001637914
1774368229.8924682,base,892307855,1774368229,-0.09865769280032138,0.9334831073988747,0.3431827232493488,-0.03318985259712819,-0.2139616312950901,0.3845755000492109,0.43495878300679935
1774368229.893472,base,893303284,1774368229,-0.098889346516978,0.9334575560442002,0.3431774458179634,-0.03327354641893118,-0.2139312717463123,0.3845380173728234,0.4351744915197735
1774368229.8943975,base,894277948,1774368229,-0.09907977825555624,0.9334387906819331,0.34316689814960954,-0.033342189572003654,-0.21390488996067217,0.38450974507081254,0.4353511876186756
1774368229.8953943,base,895305059,1774368229,-0.09929167516006618,0.9334165196540065,0.3431586220772961,-0.03342041554081985,-0.21387709905189992,0.38447638512007526,0.43554692346520696
1774368229.8964126,base,896307855,1774368229,-0.09936221004225504,0.9334090848245323,0.34315593248961507,-0.033446039821338876,-0.2138679286247981,0.38446552053489347,0.4356119529663458
1774368229.8974166,base,897335129,1774368229,-0.09953337471990713,0.9333902112374692,0.3431518026940533,-0.033506136613472126,-0.21384595443410404,0.38443862084731806,0.4357708461099027
1774368229.898442,base,898332699,1774368229,-0.09977044854946082,0.9333671489641887,0.343136917064504,-0.03359581786724456,-0.21381171688019626,0.3844028060295052,0.4359918913349468
1774368229.8994284,base,899351553,1774368229,-0.09996103704608635,0.933346772487786,0.343130043582695,-0.03366550980220006,-0.21378508979869448,0.38437070011832564,0.4361686656506873
1774368229.900505,base,900409368,1774368229,-0.10017088284973298,0.9333255504211394,0.3431190325860137,-0.03374226781679452,-0.21375459937281982,0.3843384507301915,0.4363633909032512
1774368229.9014719,base,901317267,1774368229,-0.10023929456767655,0.9333183695823066,0.3431161315756865,-0.03376721897544318,-0.21374508342169501,0.3843275563490753,0.43642674720431013
1774368229.9024925,base,902369361,1774368229,-0.10041275308768656,0.9333001882956531,0.34310869708470954,-0.03382986150551993,-0.21372258350397727,0.38429973292292463,0.43658702140001965
1774368229.9033773,base,903289653,1774368229,-0.10064188679924875,0.9332749766988255,0.3431017663577145,-0.03391469315075875,-0.21369034881482957,0.38426265371154666,0.4367991685655397
1774368229.90445,base,904291776,1774368229,-0.10084074592779597,0.9332550261276206,0.34309045837867486,-0.03398731436537434,-0.21366265510984564,0.38423146104604056,0.436983323611708
1774368229.9053817,base,905289980,1774368229,-0.10104828883663644,0.9332333992731857,0.34308052860030375,-0.03406488954244014,-0.2136317330209825,0.38419758673115734,0.43717538602679956
1774368229.906494,base,906356071,1774368229,-0.10111763215929528,0.9332260234575133,0.34307764040333005,-0.03409026640344425,-0.21362206229814423,0.38418637444424364,0.4372395533725658
1774368229.907392,base,907308901,1774368229,-0.10128928363762559,0.9332070004406315,0.3430724532234768,-0.03415358235970371,-0.21359818340957837,0.38415798241916504,0.4373998363247016
1774368229.908468,base,908366038,1774368229,-0.10152888358843078,0.9331817194492766,0.3430617606213509,-0.03424022024399603,-0.21356348552723656,0.3841212789848752,0.43762075489452734
1774368229.9094045,base,909335208,1774368229,-0.10172547808083302,0.9331618487674662,0.3430502657531295,-0.034313354263577296,-0.21353427412991438,0.3840900323436605,0.4378022156189116
1774368229.9105103,base,910406310,1774368229,-0.10194060649093127,0.9331382932818117,0.3430425838465044,-0.03439220881657164,-0.2135052878710696,0.3840550378673601,0.43800215904975737
1774368229.9114077,base,911345364,1774368229,-0.10201072018398402,0.9331308094322873,0.3430395167791737,-0.03441795147448892,-0.21349521301679814,0.3840434414362003,0.43806734133763897
1774368229.912477,base,912364628,1774368229,-0.10218339618688801,0.9331127179420855,0.3430310602974143,-0.03448044126282712,-0.21347079917551565,0.38401482701525863,0.4382264686167299
1774368229.913355,base,913283986,1774368229,-0.10241878555380717,0.9330887360363225,0.34301739399694003,-0.03456689837647391,-0.21343494980735891,0.38397857533663043,0.4384445073759405
1774368229.9144056,base,914304399,1774368229,-0.10261848498698947,0.9330675066730791,0.343007950881255,-0.034641307165016136,-0.21340686124331726,0.38394573906243384,0.43862803735881556
1774368229.9153812,base,915321835,1774368229,-0.1028261083256397,0.933044751438086,0.34299982686864133,-0.034718900162969794,-0.21337425529283674,0.3839089549456181,0.43882119295029537
1774368229.9164162,base,916321128,1774368229,-0.10289705259201257,0.9330370812558326,0.34299680590880427,-0.0347446788131855,-0.21336386012269953,0.3838971377625594,0.4388869851316727
1774368229.9173107,base,917249906,1774368229,-0.10307279529221806,0.9330189378178251,0.34298700219642964,-0.034807712769619345,-0.21333702107590818,0.38387057732053964,0.43904833351630784
1774368229.918377,base,918271209,1774368229,-0.10330789152197715,0.932994940085441,0.3429728426912087,-0.0348934162924642,-0.21330192025497968,0.3838323024356917,0.43926556643382747
1774368229.9193625,base,919296643,1774368229,-0.10350104772268746,0.932973675888911,0.34296516043461156,-0.034965010320323654,-0.2132725429280882,0.38379935238672735,0.43944438212729087
1774368229.9204276,base,920329297,1774368229,-0.10371039344160199,0.9329508356920833,0.3429564083242847,-0.03503989815821661,-0.2132416680186317,0.38376401705530233,0.43963772728991135
1774368229.92138,base,921283418,1774368229,-0.10378216686694254,0.9329428743341456,0.3429537198844003,-0.03506566820975946,-0.21323138258306462,0.3837519148039966,0.4397040633759494
1774368229.9224193,base,922310174,1774368229,-0.10396022424491475,0.9329241799220233,0.34294384307656145,-0.03513213326352809,-0.2132049751410516,0.38372404938484594,0.43986796207694645
1774368229.923381,base,923307738,1774368229,-0.1041861675003737,0.9328998555848496,0.3429329667726933,-0.03521480160145215,-0.21316798792917174,0.3836832871053676,0.4400768077526826
1774368229.924429,base,924322610,1774368229,-0.10438110262833616,0.9328805448858529,0.34291866005341576,-0.03528834049281194,-0.21313707372656926,0.38365147245289183,0.4402574636378401
1774368229.9254048,base,925339936,1774368229,-0.10459098133225515,0.9328563955230014,0.3429124808669192,-0.03536527140408016,-0.21310652855280052,0.38361296220613383,0.4404518110504163
1774368229.9264665,base,926363796,1774368229,-0.10466295819266926,0.9328484015878501,0.3429095247101162,-0.03539184511204443,-0.2130958346898837,0.38360053755697837,0.44051829633893064
1774368229.927401,base,927338231,1774368229,-0.10483761735084665,0.9328310780707251,0.34289664946275134,-0.03545619213656989,-0.21306731967092457,0.3835726547205714,0.4406779292935051
1774368229.9284565,base,928359178,1774368229,-0.10506258823528868,0.9328069756669228,0.3428845263290227,-0.03554152929395108,-0.21303027285882836,0.38353113044808795,0.4408868163036743
1774368229.929397,base,929337365,1774368229,-0.10525533899998007,0.9327830870804431,0.34288323706083657,-0.03561055758282864,-0.21300553891744287,0.38349438161727656,0.4410639936914303
1774368229.9304292,base,930323843,1774368229,-0.10546180060611243,0.9327611148351824,0.342871588970458,-0.035687319053377825,-0.21297227409932787,0.3834571171134736,0.44125558229926815
1774368229.931442,base,931352589,1774368229,-0.10553148657378907,0.9327535794226083,0.342867961285208,-0.03571311439742153,-0.21296145368775268,0.3834446870124622,0.4413201118970983
1774368229.9325557,base,932425614,1774368229,-0.10569627844087501,0.9327371533448354,0.3428554877364252,-0.035774488437154243,-0.21293175843105236,0.383417006645032,0.4414728587121329
1774368229.933354,base,933283119,1774368229,-0.10592278911510976,0.9327097492079663,0.3428514532057192,-0.03585760049438441,-0.21289934100398175,0.38337186317445354,0.441681061636838
1774368229.934439,base,934307530,1774368229,-0.1061159107574649,0.9326872966160907,0.3428452854324449,-0.035929520896159216,-0.21287059178575607,0.3833365888337096,0.44185998643944496
1774368229.9354076,base,935344291,1774368229,-0.10631747597670864,0.9326656965018859,0.34283355178699576,-0.03600623056788062,-0.21283934135845028,0.3832977684684192,0.4420472407539236
1774368229.936497,base,936364638,1774368229,-0.10638441159497598,0.9326583481080467,0.3428301658406911,-0.03603109856227703,-0.21282912317976294,0.38328578253355744,0.442109364751512
1774368229.9373493,base,937284964,1774368229,-0.10655029124012046,0.9326392814138895,0.3428240977853091,-0.03609216228100206,-0.21280374201837696,0.3832543107323109,0.4422626282945423
1774368229.9383817,base,938258959,1774368229,-0.10677690406059269,0.932613041926111,0.34281614947787364,-0.03617588210016627,-0.21276761846009354,0.3832126001957401,0.4424728856561348
1774368229.9393437,base,939279527,1774368229,-0.10696701948484016,0.932592940296136,0.34280390857971066,-0.036248375340295506,-0.21273728086505997,0.38317649894329875,0.4426496488432754
1774368229.9403822,base,940262710,1774368229,-0.10717236084382303,0.932568348760327,0.34279869495758963,-0.03632374838823726,-0.21270795358556258,0.38313732906909265,0.44283911864870573
1774368229.9413977,base,941335585,1774368229,-0.10723979730242206,0.9325606625311086,0.3427958838986281,-0.03634857020893153,-0.2126977763467342,0.3831250306983059,0.44290129306238196
1774368229.9425383,base,942408067,1774368229,-0.10740160916660109,0.9325413707380434,0.34279145842908915,-0.03640744756905943,-0.21267347372281603,0.383093855055209,0.4430525625450624
1774368229.943375,base,943316096,1774368229,-0.10761791403953559,0.9325173285060278,0.34278031022997935,-0.03648938931249961,-0.21263571385371108,0.38305137697386,0.44325307374174316
1774368229.9444547,base,944332886,1774368229,-0.10781306849367621,0.932493451648061,0.3427766128270238,-0.03655815359527823,-0.2126111735788016,0.38301602943178686,0.44343288107969053
1774368229.9453359,base,945274776,1774368229,-0.10801306478090189,0.9324710812420542,0.34276619972730743,-0.03663594967256508,-0.2125790298888124,0.3829770355428441,0.4436188546288956
1774368229.9464269,base,946328899,1774368229,-0.10807982016011694,0.9324636056474171,0.34276279685022715,-0.0366611744572473,-0.21256831725314487,0.3829645776954613,0.44368078785058596
1774368229.9473822,base,947315032,1774368229,-0.10824951256863172,0.9324440404735312,0.34275583121436626,-0.03672321585316582,-0.21254185951786983,0.38293535186295413,0.4438373559522496
1774368229.9483848,base,948304377,1774368229,-0.10846951717999274,0.9324188963308013,0.3427459203887389,-0.03680488642647746,-0.21250761900571719,0.38289480698739864,0.4440402778408569
1774368229.9493225,base,949241747,1774368229,-0.1086625260381199,0.9323971691649875,0.34273644091981537,-0.036874197398049605,-0.21247916679389095,0.38286228911704184,0.4442184482207272
1774368229.9504704,base,950340537,1774368229,-0.10886613050715752,0.9323727712987725,0.34273007067300565,-0.03694969046584812,-0.2124510557775078,0.38282164145551245,0.4444054811958809
1774368229.951399,base,951322357,1774368229,-0.10893482385952721,0.9323648647414213,0.3427269930445375,-0.03697528072989459,-0.21244082326045988,0.38280910036174337,0.4444688929445064
1774368229.9524605,base,952335417,1774368229,-0.10909455433094092,0.9323473365424104,0.3427174694409416,-0.03703455680312734,-0.21241440824845195,0.38278248079508403,0.44461598713974837
1774368229.9533782,base,953314428,1774368229,-0.10931348301395111,0.9323205540083863,0.34271178006317465,-0.037115802709687465,-0.21238141292800095,0.38274273836882516,0.4448186534476456
1774368229.9544623,base,954336512,1774368229,-0.10949819077908114,0.9323004989132874,0.3427001091431642,-0.03718280698665231,-0.2123532575222811,0.38270998604960377,0.444988088005769
1774368229.9554374,base,955368589,1774368229,-0.10970025584774296,0.9322764880967807,0.3426928780149159,-0.03725580447027212,-0.21232308944627765,0.38267323314681556,0.44517474633614046
1774368229.9565222,base,956394560,1774368229,-0.10976745978757779,0.9322686980273683,0.34268987078033053,-0.03728044949699966,-0.21231266264779391,0.38266085135674216,0.4452366382908295
1774368229.9574306,base,957366444,1774368229,-0.10992218019461478,0.9322511906896238,0.3426815182243957,-0.03733910586053826,-0.21228768195054531,0.3826326015410057,0.4453784666628562
1774368229.9584236,base,958286401,1774368229,-0.11014732104659104,0.9322258783789164,0.3426689792258685,-0.037422587072760506,-0.2122550573684633,0.38259578224218904,0.4455860648212365
1774368229.9593685,base,959300682,1774368229,-0.11032718143615425,0.9322047767882621,0.3426616957163698,-0.03748505646630869,-0.21222567846326196,0.3825625189347988,0.44575045829961807
1774368229.960401,base,960271022,1774368229,-0.11052960761904743,0.9321814315729852,0.34265180099907283,-0.03755965577865679,-0.21219654836930335,0.3825278220406375,0.4459358469808983
1774368229.9613867,base,961315865,1774368229,-0.11059645420825501,0.9321735700096457,0.3426489026583425,-0.03758442761393625,-0.21218647217753028,0.3825155310460143,0.44599706848650894
1774368229.9625127,base,962387232,1774368229,-0.11075663260348921,0.9321554207523288,0.34264011869975725,-0.037642913726233566,-0.21216058762552856,0.3824877283657157,0.4461436091241618
1774368229.9634874,base,963421020,1774368229,-0.11096770175037741,0.9321294594637932,0.34263391635085017,-0.03772054260021461,-0.21212643888510269,0.3824471741296581,0.4463382206145229
1774368229.964603,base,964496470,1774368229,-0.11115305825192996,0.9321090210004052,0.3426220273740841,-0.037787788622539335,-0.21209824990763781,0.38241605661040884,0.44650992113893856
1774368229.9654257,base,965357345,1774368229,-0.11135216580746259,0.932085217818721,0.34261405377352355,-0.03786095681157443,-0.2120681694628361,0.3823790666992845,0.446692207837348
1774368229.966502,base,966371902,1774368229,-0.1114188212809819,0.9320773723228784,0.3426110167606032,-0.037885478250916135,-0.21205780611643502,0.382366827982217,0.44675322397921824
1774368229.9674413,base,967370285,1774368229,-0.11157402175871195,0.932058042167533,0.3426067149299393,-0.037943149372808765,-0.2120325678988292,0.38233698692274765,0.44689565965375433
1774368229.9685037,base,968376306,1774368229,-0.11179546732318492,0.9320324273302489,0.34259509989438736,-0.0380253260239757,-0.21199791762608444,0.3822962145992106,0.4471004906279202
1774368229.9694426,base,969349172,1774368229,-0.11198111387636499,0.9320113161663086,0.3425841736523134,-0.0380948898924154,-0.2119666473223457,0.3822620265591949,0.44727196937570984
1774368229.9704988,base,970368816,1774368229,-0.11218140043612006,0.9319882798900173,0.3425731838129141,-0.03816796138282825,-0.21193547550832423,0.38222594253270636,0.4474550637929902
1774368229.9713712,base,971299762,1774368229,-0.11224668453452112,0.9319806397001897,0.34256995687808384,-0.03819153937170556,-0.21192501628046875,0.38221429094072834,0.4475147562194056
1774368229.9725387,base,972399714,1774368229,-0.11240680808472765,0.9319618661383591,0.34256187423707546,-0.03825116833892226,-0.2118981628439172,0.3821856402324306,0.4476623109685338
1774368229.9734387,base,973368756,1774368229,-0.1126304171820293,0.9319353998008093,0.34255125462366903,-0.038333245091669216,-0.21186397788915612,0.3821443251557905,0.44786812841810425
1774368229.9745603,base,974429114,1774368229,-0.11280876041293439,0.9319136589932372,0.342544464596307,-0.03839798862392444,-0.21183306548006053,0.38210894286803215,0.4480329314446967
1774368229.9753795,base,975308250,1774368229,-0.113011052614106,0.9318906012607654,0.3425320242382617,-0.03847364864605039,-0.21179992815460047,0.38207341808508216,0.44821929689674966
1774368229.9764454,base,976320690,1774368229,-0.11307672064137099,0.931882864184398,0.34252864573156744,-0.038498175823985833,-0.21178942851013746,0.38206119782725784,0.44827950058101196
1774368229.9773426,base,977281440,1774368229,-0.11323373909074737,0.9318637926382642,0.3425220142398109,-0.03855725693642472,-0.2117630246571165,0.3820290268570955,0.44842392620053634
1774368229.9784534,base,978321398,1774368229,-0.11344869305270544,0.9318388500627514,0.34250966467564564,-0.038637820359578356,-0.21172737956327944,0.38198685482919964,0.44862335707334206
1774368229.9793606,base,979296366,1774368229,-0.11363580558829232,0.9318161954626396,0.34250153247994786,-0.038706353622099905,-0.21169595996713964,0.38195246522661763,0.44879384522671195
1774368229.9804487,base,980328504,1774368229,-0.11383310796118534,0.9317925292870651,0.34249199982848655,-0.03878061307141721,-0.2116648357668904,0.3819131069991345,0.4489772572365451
1774368229.981336,base,981275283,1774368229,-0.11389860136252457,0.9317847281132071,0.3424886982967873,-0.038804904350219056,-0.21165440398495833,0.3819003767091172,0.449037739829076
1774368229.9824352,base,982314290,1774368229,-0.11406330966530755,0.9317660205921683,0.34247786016213566,-0.03886591767597791,-0.21162443764962546,0.3818718709422114,0.449189014928471
1774368229.9833605,base,983296312,1774368229,-0.11428624523223431,0.9317390975428834,0.34246739896055906,-0.03894854181968927,-0.21158901484580775,0.38182830519043665,0.4493938429162363
1774368229.9844482,base,984341575,1774368229,-0.11447295634572804,0.9317169131761966,0.3424574765757447,-0.03901810738954326,-0.21155788174628615,0.38179424206992024,0.4495642203501635
1774368229.9854066,base,985340718,1774368229,-0.11467332565949573,0.931693275014459,0.34244619380353963,-0.03909314549241903,-0.21152363475585628,0.38175613014615994,0.44974849859296223
1774368229.9864755,base,986354112,1774368229,-0.11474070325749372,0.9316850644160739,0.34244306883395925,-0.03911849137648663,-0.2115126263549115,0.38174307595407736,0.44981070590334754
1774368229.9874032,base,987338546,1774368229,-0.1149030872632023,0.9316658377837213,0.3424341819140522,-0.03917752290530274,-0.211485451633399,0.38171267300698447,0.449959509340114
1774368229.9883747,base,988263651,1774368229,-0.11511995930587318,0.9316407593241657,0.3424203832304442,-0.03925775953390374,-0.21144728391217668,0.3816700757204526,0.4501590371743532
1774368229.989329,base,989269416,1774368229,-0.11530601878108304,0.9316173198015327,0.3424137002878593,-0.039326191448464956,-0.21141632781126,0.38163501728723354,0.45033040153587167
1774368229.9905019,base,990363338,1774368229,-0.11550325628366018,0.931592955722925,0.34240511435537824,-0.03939924236042879,-0.21138366615623716,0.3815961002715468,0.45051112979655883
1774368229.9913776,base,991305833,1774368229,-0.11557120681804312,0.93158466050534,0.3424018706820602,-0.039424299856778984,-0.2113725486588533,0.3815830167318895,0.45057355234218915
1774368229.9924068,base,992284681,1774368229,-0.11573646350564322,0.931566081416578,0.3423897043553105,-0.03948414011791664,-0.21134467005194857,0.3815553574504547,0.45072489681263816
1774368229.9934013,base,993306076,1774368229,-0.1159527514654013,0.9315407306092277,0.34237625291614493,-0.03956422731116011,-0.21130723944173202,0.38151308519968674,0.4509237110895321
1774368229.9943883,base,994292557,1774368229,-0.11613628309019088,0.9315180385495295,0.34236792934478927,-0.03963216576208873,-0.2112764997936498,0.38147847027848303,0.4510913889298045
1774368229.995392,base,995303275,1774368229,-0.11633437193326815,0.9314945682968727,0.342355992001766,-0.03970589226804611,-0.211241889748127,0.3814404430595471,0.45127227064042497
1774368229.9964426,base,996308726,1774368229,-0.11640105566875526,0.9314864751485978,0.3423524684877628,-0.03973069562410361,-0.21123064290479796,0.3814277315123455,0.4513334170925438
1774368229.9973967,base,997319459,1774368229,-0.11656089749809302,0.9314679237332792,0.342341543353793,-0.03979110358605214,-0.2112018055320576,0.3813972449876033,0.45148042912170655
1774368229.9984572,base,998323617,1774368229,-0.11677682730242943,0.9314406479764458,0.3423328872743389,-0.03987086897488263,-0.21116680520719838,0.3813535877770641,0.4516783817021526
1774368229.9993792,base,999302775,1774368229,-0.11695695589235106,0.9314208342595823,0.34231748332874606,-0.03993795917484942,-0.2111329277559249,0.38131894458692,0.4518450904292287
1774368230.0003939,base,269469,1774368230,-0.11715406157314741,0.9313950679153595,0.34231179402614625,-0.04000986116520773,-0.21110121015479688,0.3812794082244071,0.4520266771450708
1774368230.0013978,base,1306693,1774368230,-0.11722020330879866,0.9313867364668676,0.34230897230806123,-0.040034217205293314,-0.21109016184257923,0.3812664840202683,0.4520874631236459
1774368230.0024924,base,2367650,1774368230,-0.11737634019564774,0.9313676175877456,0.34230069248151845,-0.040092288508832834,-0.21106247217448126,0.38123462287770715,0.452230642242291
1774368230.00335,base,3258396,1774368230,-0.11758292935620707,0.9313426661380946,0.34228844783358836,-0.04017102730167287,-0.21102466943992576,0.38119378989458225,0.4524209649755601
1774368230.0044494,base,4316371,1774368230,-0.1177607060817437,0.9313193767278035,0.34228311426164276,-0.04023561017079218,-0.21099745227455863,0.381155600353209,0.45258584215805314
1774368230.005363,base,5260203,1774368230,-0.11795634762816769,0.9312943430741801,0.34227536982224277,-0.04030778864315077,-0.21096589686556436,0.3811167884146054,0.4527642806543807
1774368230.006457,base,6325556,1774368230,-0.11802053890418009,0.9312864135236011,0.342272026318292,-0.04033148129049389,-0.21095504308011467,0.381104248509764,0.4528228888175151
1774368230.0074065,base,7306346,1774368230,-0.11817662194713542,0.9312682218205504,0.3422607419235361,-0.04039021651717936,-0.21092418767928992,0.38107182825149477,0.45296546054694936
1774368230.0084624,base,8322963,1774368230,-0.11839031870501088,0.9312404360588028,0.3422532273832734,-0.04046864257261485,-0.21089017217588238,0.38102941711853466,0.4531618184909892
1774368230.0093803,base,9307603,1774368230,-0.1185656862845282,0.9312187281785639,0.34224395932718704,-0.04053308068019988,-0.21086031793960874,0.38099462131334894,0.4533222186979605
1774368230.0104358,base,10319854,1774368230,-0.1187536095225185,0.9311957748430267,0.34223276467309394,-0.04060472785377301,-0.21082614174389772,0.38095578788800655,0.45349578048660755
1774368230.0114632,base,11369034,1774368230,-0.11881546875689551,0.931188167831452,0.3422292336881834,-0.04062797169416133,-0.21081565799639035,0.38094339503941865,0.45355283685999537
1774368230.0124638,base,12336282,1774368230,-0.11897748263437366,0.9311678654218193,0.3422212204152744,-0.04068662346816462,-0.2107909358917319,0.3809111999356802,0.45370188493185043
1774368230.0133684,base,13300948,1774368230,-0.11918667190667102,0.9311397554606659,0.3422157458450144,-0.04076366441088567,-0.21075437899427732,0.3808660488700131,0.4538950107104447
1774368230.0144336,base,14314599,1774368230,-0.11936065380191757,0.9311182988788915,0.34220572538470884,-0.04082878066735824,-0.2107255665591083,0.3808298428877912,0.4540560010690875
1774368230.0154355,base,15366954,1774368230,-0.11955417279673769,0.9310939960452986,0.3421958643280635,-0.04089939769794613,-0.21069117580918958,0.3807927656696546,0.45423362842739956
1774368230.016519,base,16373237,1774368230,-0.11961705085656149,0.9310860613156895,0.3421926881868961,-0.040922753077482714,-0.21068001037055317,0.3807802400424617,0.4542916277882181
1774368230.0174253,base,17323527,1774368230,-0.11976732177745619,0.9310649568100569,0.3421908990840393,-0.040978328645748595,-0.21065930041335826,0.380746549408045,0.4544300303646732
1774368230.0184298,base,18299495,1774368230,-0.11997680323711066,0.9310381489089902,0.3421813390573481,-0.04105439272532142,-0.2106230461278358,0.38070462175486136,0.45462164415184114
1774368230.019407,base,19327184,1774368230,-0.12015326176201578,0.931016069223703,0.34217160907833133,-0.04112009819953436,-0.21059330437309348,0.3806691835948307,0.45478467037726406
1774368230.0205288,base,20401823,1774368230,-0.12034555426752862,0.9309908485519599,0.34216409287460214,-0.04119127368561858,-0.21056342342758091,0.3806307415163392,0.4549620404513124
1774368230.021435,base,21346800,1774368230,-0.12040845952306911,0.930982827079761,0.34216098669105066,-0.04121453317052026,-0.2105526656910727,0.3806180257639777,0.4550199038398581
1774368230.022518,base,22386417,1774368230,-0.12056059978469805,0.9309635396803454,0.3421531479383772,-0.04127048486818158,-0.21052549439262858,0.38058689224913134,0.45515814946492567
1774368230.0234196,base,23345898,1774368230,-0.12077130013002711,0.9309357548380683,0.34214516679846296,-0.04134728848946231,-0.2104923083068668,0.380544606632943,0.45535231438501517
1774368230.0244892,base,24345125,1774368230,-0.1209493653047966,0.9309141701534618,0.3421329832154206,-0.041413532039360997,-0.21046245914538356,0.3805115396690844,0.45551594104487025
1774368230.0254035,base,25321103,1774368230,-0.1211385389935171,0.9308882185418114,0.34212835703801225,-0.04148211977514384,-0.21043429628626556,0.38047227358572655,0.4556888881065962
1774368230.0265093,base,26377994,1774368230,-0.12120241402122062,0.9308799423174601,0.34212540949765696,-0.04150556592231168,-0.2104236292859098,0.3804592730398982,0.4557474180760689
1774368230.0274246,base,27346473,1774368230,-0.1213525708719172,0.9308615003678524,0.34211579221020305,-0.04155966068283224,-0.2103955984837205,0.38043177579610804,0.45588401056490846
1774368230.0284877,base,28355453,1774368230,-0.12155495571812396,0.9308331887979066,0.34211183427725256,-0.041634843822686105,-0.21036594355826074,0.38038818398509666,0.45606956381516006
1774368230.0293984,base,29328205,1774368230,-0.12172935195698927,0.9308114662200743,0.34210139993411454,-0.041696659200539825,-0.21033487159720793,0.38035493130491965,0.4562304237718827
1774368230.0305095,base,30376806,1774368230,-0.1219183565178917,0.930786450925549,0.3420937644929697,-0.041765457167679786,-0.21030632814588046,0.3803168093558891,0.4564028149336443
1774368230.031428,base,31351927,1774368230,-0.1219804666241558,0.9307785529780969,0.3420902668680412,-0.04178875916207198,-0.21029604034358004,0.38030420466627146,0.45645954478589074
1774368230.0323982,base,32288461,1774368230,-0.12213102056226664,0.9307594706042643,0.3420816367794872,-0.04184465886055088,-0.21027084142178515,0.3802746551104178,0.45659595712521217
1774368230.0334506,base,33364688,1774368230,-0.1223341067482075,0.9307332605733126,0.34207133146127355,-0.04191858992141497,-0.21023645360376136,0.3802354957696896,0.45678209980453505
1774368230.034406,base,34334524,1774368230,-0.12250395480507272,0.9307117381608716,0.3420613814812861,-0.04198157698085935,-0.21020552636644554,0.3802033273842008,0.45693720154786366
1774368230.0354834,base,35389055,1774368230,-0.12269044425266294,0.9306864039983785,0.3420551154365202,-0.04204961718446383,-0.2101759425666002,0.38016387904536725,0.45710811803511836
1774368230.0364864,base,36332454,1774368230,-0.12275209803034147,0.9306783911422466,0.3420520028069139,-0.042072343241230645,-0.21016527600420842,0.3801513835927668,0.45716454286576286
1774368230.0373683,base,37294370,1774368230,-0.12290033451499548,0.9306580481738227,0.34204747980559863,-0.04212631842484481,-0.2101412298093933,0.38012179169940935,0.45730037537067286
1774368230.0383692,base,38256993,1774368230,-0.12309892332301202,0.9306315493274557,0.3420389805096508,-0.042200832752605826,-0.21011016155686246,0.38007739048614014,0.4574817676810096
1774368230.0394294,base,39347326,1774368230,-0.12326662431809629,0.9306096890505362,0.34203054454329546,-0.04226171522669655,-0.2100796060237084,0.3800439604337314,0.45763669625021713
1774368230.0405593,base,40425913,1774368230,-0.12344507679231495,0.9305864186070854,0.34202116670389476,-0.042329092197738304,-0.21004895873757037,0.3800064751046521,0.4578004694887926
1774368230.0415144,base,41406684,1774368230,-0.12350609912990222,0.9305782980429129,0.3420184721618255,-0.042351380017195475,-0.21003876201509455,0.3799940346764883,0.4578560606368622
1774368230.0424664,base,42359845,1774368230,-0.12365558761547626,0.9305572272635814,0.3420150668404791,-0.04240561865000146,-0.21001492145379902,0.3799621769747363,0.45799285045444216
1774368230.0434783,base,43400468,1774368230,-0.1238611402455951,0.9305311563899784,0.34200226006590845,-0.04248104323579213,-0.209979368361603,0.37992060086955076,0.4581809769466533
1774368230.0445633,base,44411182,1774368230,-0.12402710924819843,0.9305083349058357,0.3419965568871096,-0.04254256597417094,-0.20994939546023328,0.37988482264386075,0.45833255652857585
1774368230.0454302,base,45344102,1774368230,-0.12421314023319342,0.9304829933475678,0.34198907889285773,-0.04261413852671349,-0.20991923039329938,0.3798448967639762,0.45850322977518304
1774368230.0465288,base,46400710,1774368230,-0.1242739069595088,0.9304749370813125,0.34198608650478074,-0.04263688719514881,-0.20990897455576701,0.37983235199028825,0.4585589111008417
1774368230.0474782,base,47392181,1774368230,-0.12441987388422136,0.9304567640062458,0.3419759713134033,-0.04268887843354732,-0.20988209381031273,0.37980183226330266,0.45869180238576635
1774368230.0485654,base,48433375,1774368230,-0.12462472020001798,0.9304307008156347,0.3419628427380515,-0.0427645212916571,-0.2098439775009398,0.37976121696874904,0.4588796971347347
1774368230.049408,base,49338866,1774368230,-0.1247933178388091,0.9304075364968045,0.3419564235106783,-0.04282812478401307,-0.20981473598683056,0.37972358871514855,0.45903412901672896
1774368230.0505986,base,50467654,1774368230,-0.12497347314000397,0.9303849415218685,0.3419436598153897,-0.042895513899838165,-0.20977995180780548,0.3796882099934943,0.4592006132671165
1774368230.051474,base,51392323,1774368230,-0.1250332090564551,0.9303771293849067,0.3419402888442593,-0.04291774243421879,-0.20976900624113443,0.3796758071946059,0.4592555673317925
1774368230.0525897,base,52480690,1774368230,-0.1251765046185531,0.9303580761837517,0.3419331874904244,-0.0429696179153156,-0.20974400757034237,0.3796450196896781,0.45938574565227236
1774368230.0534992,base,53425240,1774368230,-0.12537856873484676,0.9303306941817463,0.34192415569924633,-0.043045159015491344,-0.2097075130103342,0.3796013872706856,0.45957033709180667
1774368230.054622,base,54477548,1774368230,-0.12554629163744596,0.9303080744358572,0.3419164894388315,-0.04310602678696512,-0.2096779007431649,0.3795664152888628,0.4597256063465695
1774368230.0555139,base,55428123,1774368230,-0.12572993491495443,0.9302844788798291,0.3419045636171926,-0.04317454341742545,-0.20964263616429857,0.37952976557440116,0.4598935045536541
1774368230.0565822,base,56466414,1774368230,-0.1257914278045687,0.9302762689893735,0.3419014173592227,-0.043197232016106465,-0.20963173450258882,0.37951690795837856,0.4599497950862988
1774368230.0575194,base,57410912,1774368230,-0.125941955189127,0.9302566211744294,0.34189246254524813,-0.04325259228092713,-0.20960549631237188,0.3794845811631411,0.46008636982859324
1774368230.0585084,base,58399190,1774368230,-0.1261448083408831,0.9302300300690418,0.3418803017297047,-0.04332941005365109,-0.20956812673603034,0.37944140172097335,0.4602708622137602
1774368230.059458,base,59382989,1774368230,-0.12631618216103346,0.9302084322491402,0.34186782778129865,-0.04339220004740189,-0.20953358546607767,0.37940908226050685,0.46042856522745784
1774368230.0605834,base,60448228,1774368230,-0.1264979159905547,0.9301836156611445,0.34185976149811154,-0.043458277394083054,-0.20950133837082324,0.3793703207435972,0.4605937089451574
1774368230.0613344,base,61250619,1774368230,-0.12655952205688303,0.9301753345054514,0.34185666736274983,-0.04348049486883786,-0.20949037008304633,0.3793577377222386,0.46064967676046126
1774368230.0624638,base,62339449,1774368230,-0.12671115913328526,0.9301567269870605,0.3418438102465845,-0.04353796949692716,-0.2094614560919196,0.37932867193408665,0.46078841345290183
1774368230.0634873,base,63392248,1774368230,-0.12691412677434283,0.9301293187912445,0.3418335086838368,-0.04361315272871997,-0.2094254958742384,0.37928648432095924,0.46097417010863095
1774368230.0645888,base,64442763,1774368230,-0.1270817566267834,0.9301074052066723,0.3418229306166834,-0.043675233450824615,-0.20939401366040256,0.37925197530535776,0.4611274920997157
1774368230.0654502,base,65365623,1774368230,-0.12726454045595761,0.9300840752122934,0.34180996389087676,-0.04374126614473328,-0.2093577074795878,0.3792160975952712,0.46129354078033236
1774368230.0664065,base,66316495,1774368230,-0.12732544883367358,0.93007590605583,0.34180667369177503,-0.04376341935332347,-0.20934637150306937,0.37920329701984146,0.4613490226649858
1774368230.067441,base,67300981,1774368230,-0.12747375672312966,0.9300569979696517,0.3417956081299539,-0.04381990572384682,-0.20932073404960533,0.37917382895124213,0.46148494960699843
1774368230.068531,base,68382592,1774368230,-0.12766829745740574,0.9300312102464905,0.3417839855773501,-0.04389146835818318,-0.2092838123280038,0.3791323700798682,0.46166363883321687
1774368230.0695267,base,69329650,1774368230,-0.1278387149955798,0.9300087793356375,0.3417730668605592,-0.04395570583717267,-0.20925218379857038,0.3790969557692274,0.461819481764151
1774368230.0704663,base,70315939,1774368230,-0.12802138662016302,0.9299837636967361,0.3417641411463834,-0.044022672054056064,-0.20921864800530696,0.3790584206367243,0.46198651617386854
1774368230.0714254,base,71260624,1774368230,-0.12808148048422294,0.9299757520690184,0.3417605397201965,-0.044045072491632406,-0.20920753406558346,0.3790452859744281,0.4620417169340946
1774368230.072596,base,72441688,1774368230,-0.12823189928618386,0.9299566360655547,0.34174894631773717,-0.044100938015101544,-0.20917760118164638,0.37901741099042385,0.46217812621811805
1774368230.073536,base,73368674,1774368230,-0.12842973963846466,0.929930959167025,0.3417352034641083,-0.04417311255093517,-0.20913918100256987,0.3789769668011965,0.46235807880245655
1774368230.074529,base,74359733,1774368230,-0.1285955003356536,0.9299085408186291,0.3417257779381403,-0.04423568354353438,-0.2091080188887667,0.3789425125109228,0.46250853507050677
1774368230.0755715,base,75428562,1774368230,-0.12877188989141197,0.9298844004047337,0.3417167596266851,-0.044299643880750285,-0.2090778439201207,0.3789039675218507,0.46267063002183617
1774368230.0766156,base,76436964,1774368230,-0.1288313332370067,0.9298763154206925,0.3417135009431095,-0.04432165237460722,-0.20906691013671727,0.37889125558839853,0.4627250830690036
1774368230.077547,base,77416360,1774368230,-0.12897715887428662,0.9298563340541003,0.34170554218869365,-0.04437806829637221,-0.20904094774410037,0.37885922591215127,0.46285827677365465
1774368230.078543,base,78341522,1774368230,-0.12916961476519806,0.9298307966739243,0.34169317434967283,-0.04444856331749934,-0.20900209438077152,0.3788180313141956,0.4630336958950309
1774368230.079447,base,79298966,1774368230,-0.12933596789748647,0.9298078579603725,0.3416847217150442,-0.04450961277833071,-0.20897284153361498,0.3787813981214923,0.46318615758478304
1774368230.0806153,base,80441377,1774368230,-0.12950991870440184,0.9297846627668005,0.34167332650771204,-0.04457577586493153,-0.2089391437659593,0.37874378846339396,0.4633459524562572
1774368230.081581,base,81429896,1774368230,-0.12956997306879536,0.9297764168592463,0.3416701106352109,-0.04459789490385608,-0.20892821421250787,0.37873096567577963,0.4634007178717404
1774368230.0824766,base,82347254,1774368230,-0.12970688643815018,0.9297578841488345,0.3416619093946928,-0.04464907773264734,-0.20890129997960527,0.3786982797246051,0.46352589074958755
1774368230.0836,base,83394638,1774368230,-0.1299004314442776,0.9297299036450339,0.34165518738267564,-0.044720432838862276,-0.2088650991719653,0.37865643226575746,0.46370299813906357
1774368230.084669,base,84484085,1774368230,-0.13006316799938147,0.9297085358080092,0.34164330994785924,-0.044782357503411765,-0.20883535848015036,0.37861977489372484,0.46385187560491287
1774368230.085529,base,85365039,1774368230,-0.13023590652728803,0.9296846625480878,0.34163423161205686,-0.044845163225293076,-0.20880296611534274,0.3785831021114899,0.46400857984474
1774368230.0865216,base,86355874,1774368230,-0.13029257470628186,0.9296768237372346,0.34163120421067755,-0.04486611964296783,-0.20879251104900443,0.3785707842664645,0.4640602210244088
1774368230.0876114,base,87438612,1774368230,-0.13043040446773066,0.9296573410473139,0.3416248234943938,-0.0449179006593892,-0.20876512255861943,0.37853849883085494,0.46418543478687224
1774368230.0886467,base,88400292,1774368230,-0.13061955448729845,0.9296301189744324,0.3416173716870164,-0.04498827894882512,-0.20873100709525327,0.3784956880980482,0.4643590579892926
1774368230.0895817,base,89410538,1774368230,-0.1307788238068143,0.9296090334203498,0.3416060405750868,-0.04504727815974091,-0.20869984357964053,0.3784617229908663,0.4645058877901229
1774368230.0905328,base,90309393,1774368230,-0.13094761459752755,0.9295857714854178,0.3415963347267824,-0.045110528530557525,-0.2086690268564172,0.37842214329388013,0.4646597210287148
1774368230.0914867,base,91318857,1774368230,-0.13100321007177027,0.9295782228583461,0.34159284000853396,-0.04513112222529763,-0.20865878598086313,0.3784101178619689,0.4647104446586352
1774368230.092619,base,92419971,1774368230,-0.13113992184467474,0.9295586252390855,0.3415870221459504,-0.04518173794417301,-0.20863283123176124,0.37837783038205397,0.4648376104029593
1774368230.0936441,base,93393803,1774368230,-0.13132757853842725,0.9295322315823864,0.3415775455427275,-0.04525127562520097,-0.2085968698803407,0.37833556120815504,0.46501001189575564
1774368230.0945182,base,94341222,1774368230,-0.1314850673402123,0.9295109040158658,0.3415671145076313,-0.045310734589922734,-0.20856683983636432,0.3782997767441485,0.46515516567187887
1774368230.0955904,base,95354197,1774368230,-0.131656664727692,0.9294852079576321,0.3415625179336043,-0.04537419050069805,-0.20853780897020677,0.37826135851611314,0.465313094354558
1774368230.0965943,base,96434374,1774368230,-0.13171287236982868,0.9294772248064062,0.34155981396296703,-0.04539494799924384,-0.2085273896106207,0.3782487226238376,0.46536480196457414
1774368230.0975204,base,97368846,1774368230,-0.13184831177163317,0.9294588259412603,0.34155098038563075,-0.045444926674808435,-0.20849784768983023,0.3782205924677906,0.46548939753931495
1774368230.0984802,base,98331354,1774368230,-0.13203395018633085,0.929432102898453,0.34154270420308275,-0.04551464935159369,-0.2084649892907336,0.37817702695826044,0.4656611847525924
1774368230.0995677,base,99351999,1774368230,-0.13219121247079405,0.9294105371548574,0.34153288261382814,-0.04557221592713951,-0.20843504025602513,0.37814317181640933,0.4658059647558427
1774368230.1006432,base,100403072,1774368230,-0.13235939067808106,0.929387713175943,0.34152147527600873,-0.04563498901300085,-0.20840270023820875,0.3781052261692489,0.4659625625451035
1774368230.1015034,base,101325417,1774368230,-0.13241433212368414,0.9293800804547974,0.3415182220099028,-0.04565539110847617,-0.20839170258712053,0.37809266677619346,0.4660137940714489
1774368230.1024034,base,102297366,1774368230,-0.13254230690758476,0.9293617458489257,0.3415120534583948,-0.045703386908224855,-0.20836704882830553,0.3780635422167012,0.46613226614706704
1774368230.1036994,base,103372002,1774368230,-0.1327307068495248,0.9293355541332835,0.3415010401271477,-0.04577146354536447,-0.20833119076506706,0.37802455484453273,0.4663063002248815
1774368230.104606,base,104444766,1774368230,-0.1328790858790871,0.9293145302366514,0.3414929507237253,-0.04582812491225521,-0.20830337585806255,0.37798913848231774,0.4664440014463624
1774368230.105494,base,105331908,1774368230,-0.13304087163386177,0.9292914722439441,0.341484724222133,-0.045887571438448335,-0.2082735594619816,0.37795166610174125,0.46659583937807014
1774368230.1065223,base,106336830,1774368230,-0.13309509205292053,0.929283834089465,0.34148164952305693,-0.045907899215933363,-0.20826295338710055,0.3779390233869258,0.4666465800876199
1774368230.107504,base,107351262,1774368230,-0.13322752009923702,0.929262874768416,0.3414806494391547,-0.04595545151513521,-0.20824164886968796,0.3779094855202429,0.46676926450398487
1774368230.108683,base,108403373,1774368230,-0.13340530421537647,0.9292391511292732,0.3414669418110581,-0.04602121756270746,-0.20820532810903206,0.3778715134561521,0.46693364741972915
1774368230.1094477,base,109293680,1774368230,-0.13355487876209476,0.9292164561662749,0.3414627370724423,-0.046076796108534615,-0.20817959406170564,0.3778347292328552,0.4670728167640893
1774368230.1104343,base,110331356,1774368230,-0.1337163979327971,0.9291948180973161,0.341450347777901,-0.04613648173976942,-0.2081467109203829,0.3777999471642629,0.467222255465832
1774368230.111531,base,111361655,1774368230,-0.13376953848739237,0.9291872001056521,0.3414475762175112,-0.04615636930994048,-0.2081361965316336,0.37778740743862504,0.46727156212648396
1774368230.1125884,base,112377669,1774368230,-0.13389363983141134,0.929169365278377,0.34144124525682845,-0.04620237957444083,-0.20811405167309976,0.37775887710146105,0.4673869013815755
1774368230.1134646,base,113315835,1774368230,-0.13407211645641479,0.9291431536330831,0.34143379354827075,-0.046266967362289906,-0.20808110671087812,0.3777202190857271,0.4675493364171413
1774368230.1145556,base,114369276,1774368230,-0.13421822510426834,0.9291220617757662,0.3414263542509828,-0.04632177667460204,-0.208054570674554,0.37768614029909003,0.467684904731006
1774368230.1154432,base,115247276,1774368230,-0.1343758670298973,0.9290997248616334,0.3414171705725344,-0.046380418931329756,-0.2080230774813817,0.3776513715180048,0.46782956284559435
1774368230.1165318,base,116346725,1774368230,-0.1344278989203296,0.9290922566260124,0.3414143754291425,-0.04639981594551974,-0.20801297587176393,0.37763933935851934,0.4678774599499346
1774368230.1174932,base,117355135,1774368230,-0.13455274411596177,0.9290748063033449,0.3414062147703595,-0.04644738807986768,-0.20798854822286966,0.3776112351870604,0.46799131735550625
1774368230.1185799,base,118381056,1774368230,-0.1347299262120858,0.9290492660163696,0.3413970320156441,-0.046512093354740665,-0.20795766412757036,0.37757197177341795,0.4681531042764959
1774368230.1193852,base,119299191,1774368230,-0.13487471478655616,0.9290273831077068,0.34139209221355227,-0.046565782730936985,-0.20793124894157317,0.3775366410988409,0.46828488370016674
1774368230.1204562,base,120359618,1774368230,-0.1350366236210055,0.929004170489552,0.34138323856679165,-0.04662452058420994,-0.20790097700005786,0.3775018678220426,0.468432488371596
1774368230.1214528,base,121311185,1774368230,-0.13508947970071203,0.9289965292703496,0.341380458629175,-0.0466440086610216,-0.20789090075544692,0.37748998606977596,0.46848050572832156
1774368230.1224527,base,122355345,1774368230,-0.13521276370614232,0.9289784832134167,0.3413744959966037,-0.0466898248070322,-0.20786670265378973,0.37746047460445425,0.46859268644604557
1774368230.1234531,base,123307531,1774368230,-0.13538593707152866,0.9289525079574067,0.34136783354574024,-0.04675348354076052,-0.20783580405399704,0.37741983250173633,0.4687507586664586
1774368230.124558,base,124359511,1774368230,-0.13552864989904015,0.9289333329149607,0.3413556998197667,-0.04680955304853405,-0.2078065022517352,0.3773866261443502,0.4688819886567788
1774368230.125435,base,125293407,1774368230,-0.1356798421537462,0.928909845768198,0.34135172750871035,-0.046866587190195465,-0.20777690689933617,0.37734778007314096,0.469019357575579
1774368230.1265082,base,126391741,1774368230,-0.13573315235184802,0.9289019137940031,0.34134938802110887,-0.046886471397224905,-0.20776686789444515,0.3773354832413866,0.4690679045953488
1774368230.1273935,base,127301201,1774368230,-0.13586200015964353,0.9288825235613579,0.3413445854459543,-0.04693238031076098,-0.20774231547560187,0.37730676760694387,0.4691847021786884
1774368230.128594,base,128400974,1774368230,-0.1360362366705876,0.9288590310134099,0.3413300324153333,-0.046998423257385756,-0.20770606354675997,0.3772668851721593,0.4693442268627793
1774368230.1294248,base,129279213,1774368230,-0.13617369659248213,0.9288396074146373,0.3413207108235082,-0.0470518906856687,-0.20767767077548452,0.3772324925623026,0.4694710165890345
1774368230.1305463,base,130353979,1774368230,-0.13633493654157106,0.9288155423433357,0.341313847750745,-0.04710977301199772,-0.2076488621569825,0.37719587508364544,0.469617629992455
1774368230.1314955,base,131345115,1774368230,-0.1363871886450264,0.928807663272724,0.3413118139551091,-0.0471286014437212,-0.2076389773285352,0.37718401864457424,0.46966516129092695
1774368230.1325967,base,132410284,1774368230,-0.1365150185552982,0.9287895542038238,0.34130337418401385,-0.04717648229060567,-0.2076136879295366,0.3771555540087913,0.4697816686438856
1774368230.1335108,base,133363562,1774368230,-0.1366876870195421,0.9287644350824379,0.3412938926881333,-0.047239593108203026,-0.20757943525064984,0.37711443475091866,0.4699391129998058
1774368230.1344867,base,134368801,1774368230,-0.1368313789621789,0.9287435921975955,0.34128561019716835,-0.047293191429226854,-0.207549592663975,0.3770819102811446,0.47007128493724354
1774368230.1354153,base,135318835,1774368230,-0.1369873986089249,0.9287203661596447,0.3412781344301716,-0.04735154762535897,-0.20751918070866393,0.3770451604709429,0.4702143178970893
1774368230.1365142,base,136380277,1774368230,-0.13703867349751678,0.928712772527386,0.3412755886428005,-0.04737046239004561,-0.20750931450552157,0.37703321518060295,0.47026134752747883
1774368230.1374042,base,137335623,1774368230,-0.1371623847191898,0.9286951724807236,0.34126732332548754,-0.047416989143143434,-0.20748386445030317,0.3770038773140782,0.4703744413822027
1774368230.1385553,base,138423010,1774368230,-0.1373298780510962,0.928671694490133,0.3412551385446693,-0.04747966790274239,-0.20744792783996516,0.376966458335634,0.47052810920519467
1774368230.139406,base,139339731,1774368230,-0.1374752366182289,0.9286503694215608,0.34124721919530454,-0.047532999920397924,-0.2074192113081161,0.376932643920063,0.47065968428565175
1774368230.1406236,base,140418492,1774368230,-0.1376276284493985,0.9286299222571045,0.34123324527613313,-0.04759176078352858,-0.20738748590616343,0.3768983565441131,0.4708005301739311
1774368230.141516,base,141337767,1774368230,-0.13767879153060275,0.9286224826005511,0.34123014195510193,-0.04761118978520665,-0.20737754108846423,0.37688644273881317,0.4708474598792158
1774368230.1426213,base,142421961,1774368230,-0.13781104152983148,0.9286028736375548,0.3412235057930564,-0.04765856689866507,-0.2073538715950675,0.3768586846368698,0.4709684789112147
1774368230.1435125,base,143344677,1774368230,-0.13798031955619564,0.928578477925384,0.341212654838246,-0.04772175528187804,-0.20731877695519152,0.37681983698096505,0.47112282341374195
1774368230.1446793,base,144417086,1774368230,-0.13812248666380872,0.9285586105517071,0.3412019284450771,-0.04777373204439566,-0.20728781547180744,0.37678690155020456,0.47125276097947916
1774368230.145441,base,145310335,1774368230,-0.13828236518850234,0.928535581011979,0.3411916923131716,-0.04783190743734213,-0.20725752629909655,0.3767526517904814,0.4713994535135781
1774368230.1465976,base,146408690,1774368230,-0.1383332384573104,0.9285283489884982,0.3411880853846441,-0.047850921142306276,-0.20724735677831377,0.37674073922848716,0.47144614294324927
1774368230.147533,base,147341428,1774368230,-0.13846221875607412,0.9285094692511914,0.3411805746647303,-0.04789775526536089,-0.20722117895282186,0.3767144069516261,0.47156250483730733
1774368230.1486192,base,148429315,1774368230,-0.13863551406880303,0.9284842608321876,0.3411698581867341,-0.04796143753713649,-0.20718771598771743,0.3766759904968025,0.47171977829665984
1774368230.1494884,base,149338082,1774368230,-0.13877899289552167,0.9284636630675088,0.34115995866534493,-0.048015623474327446,-0.20715891483927998,0.37664385377230775,0.47185168382427245
1774368230.150557,base,150369661,1774368230,-0.13893527120732382,0.9284409556863413,0.3411501209641859,-0.04807262406923612,-0.2071282316255998,0.3766092320049618,0.47199363488542745
1774368230.1514788,base,151338566,1774368230,-0.13898693650609373,0.928433204773861,0.341147519357817,-0.0480914315652661,-0.20711809303504483,0.3765972392589744,0.47204052565428545
1774368230.152666,base,152421114,1774368230,-0.13911607801759635,0.9284142731281141,0.34113981153374917,-0.04813816859536455,-0.2070931023397755,0.3765697390795507,0.4721571410105696
1774368230.1534083,base,153337778,1774368230,-0.13928985107985298,0.9283894621611163,0.3411274255906225,-0.048201902911191995,-0.20705877697310943,0.3765315264322641,0.4723147387921879
1774368230.1545205,base,154385867,1774368230,-0.13943279918855095,0.9283673997102699,0.3411217173841687,-0.04825390755692823,-0.20703451903548006,0.3764984403251329,0.4724445048533573
1774368230.1553988,base,155319383,1774368230,-0.13958615871434402,0.9283449634537494,0.3411121068411568,-0.04831007857391514,-0.20700358630685398,0.37646468872225897,0.4725833714581242
1774368230.1565256,base,156328224,1774368230,-0.13963831047401698,0.9283370798245141,0.3411095040781833,-0.048329232338116236,-0.20699355843640263,0.3764528410387687,0.4726306967491752
1774368230.1574304,base,157289295,1774368230,-0.13976145838021134,0.9283189212797625,0.3411018870338578,-0.04837579774387068,-0.20696820820477552,0.3764236764724241,0.47274071211563096
1774368230.158556,base,158312695,1774368230,-0.1399281564704421,0.9282941242510772,0.34109241328665,-0.04843651005180246,-0.2069359199124025,0.37638708732946025,0.47289234985755674
1774368230.1594276,base,159301853,1774368230,-0.14007213784338013,0.9282725825939219,0.3410844479195393,-0.04848925645768124,-0.2069086725690626,0.3763550983125905,0.4730214198745728
1774368230.1605642,base,160371586,1774368230,-0.14022500300352858,0.9282509034110755,0.34107259572873455,-0.04854578552300675,-0.20687959253187227,0.3763199117530526,0.4731605632830556
1774368230.1614077,base,161279520,1774368230,-0.14027593065774135,0.9282434943295195,0.3410691366475498,-0.048564622303925914,-0.20686966789211927,0.3763082566737911,0.47320667979225584
1774368230.162533,base,162359338,1774368230,-0.1403966020390461,0.9282230986691122,0.3410686007432059,-0.04860949310652051,-0.20684795214658414,0.3762774322110468,0.47331740969444813
1774368230.1633232,base,163251979,1774368230,-0.14056151929620606,0.9281990195000365,0.341057472018433,-0.04867073322551399,-0.2068145877372975,0.37623943499768764,0.47346753367419214
1774368230.164571,base,164391743,1774368230,-0.14070023513427413,0.9281777770669334,0.34105076628233744,-0.04872199514055746,-0.20678783405745949,0.37620446986304096,0.4735934228819925
1774368230.1654704,base,165341293,1774368230,-0.1408549038529281,0.9281540695711183,0.3410433273207345,-0.048778766785929926,-0.2067580630484119,0.37617079399119885,0.4737337966382514
1774368230.1665242,base,166344252,1774368230,-0.1409059549242529,0.9281463332625048,0.34104062038294797,-0.04879745041562791,-0.20674811722411554,0.37615924981269094,0.4737797285042076
1774368230.167469,base,167337563,1774368230,-0.1410240708376171,0.9281289798174329,0.34103258589313473,-0.04884243673773487,-0.2067239209127409,0.37612832618118364,0.47388774122677746
1774368230.1686127,base,168423468,1774368230,-0.14118640515818226,0.9281026282753299,0.34102849104299177,-0.04890274720171241,-0.2066945038311738,0.37608652877776166,0.4740353157405509
1774368230.169417,base,169278443,1774368230,-0.14132632056720887,0.9280810627706753,0.3410216767713644,-0.04895536756511433,-0.20666778243866563,0.3760537224804078,0.4741621294653769
1774368230.1705344,base,170357549,1774368230,-0.14146526429161926,0.9280603387013521,0.3410129903905165,-0.0490074189623518,-0.20663897889047092,0.3760189475897252,0.47428802032757456
1774368230.1714756,base,171340015,1774368230,-0.1415154106470202,0.9280527332824715,0.34101026962830555,-0.04902559336070755,-0.20662905466785383,0.37600734209571485,0.4743334030850509
1774368230.1725607,base,172365561,1774368230,-0.1416350622846479,0.9280338416766925,0.3410056009122997,-0.04907013328762177,-0.20660456669305213,0.3759765911967672,0.47444187206589183
1774368230.173515,base,173367561,1774368230,-0.14179579057205777,0.928010519974368,0.34099357859646806,-0.049130519526282945,-0.20657196758374557,0.37593743891992765,0.47458807834626976
1774368230.174592,base,174406273,1774368230,-0.14192812772686036,0.9279902382835992,0.34098660079244325,-0.04917989721737706,-0.2065446805251233,0.37590429146873444,0.47470702652654406
1774368230.1754587,base,175337070,1774368230,-0.14207822561873523,0.927966092410726,0.34098200729703426,-0.04923392977089011,-0.206515887911731,0.3758689906860539,0.47484278766390436
1774368230.1765375,base,176359053,1774368230,-0.1421275244473868,0.9279583849999162,0.34097981643480596,-0.049252079010847084,-0.2065063379405092,0.3758574158864403,0.47488743562606806
1774368230.1774714,base,177364790,1774368230,-0.1422403931936807,0.9279403434631617,0.3409757684275274,-0.049294166620746094,-0.2064858908780362,0.3758277459281926,0.47498957274288667
1774368230.1786246,base,178403728,1774368230,-0.1423955343119645,0.9279182420231148,0.3409628005966874,-0.04935196589808628,-0.20645304009745652,0.3757893282318538,0.475131768196481
1774368230.1794598,base,179333628,1774368230,-0.14253052779267975,0.9278962766447513,0.3409590633994583,-0.049401068021971896,-0.20642613062229997,0.37575650876672806,0.47525417970713824
1774368230.1805332,base,180407974,1774368230,-0.14267997350551684,0.9278739874158837,0.340949113739316,-0.049456955807939136,-0.2063980110769573,0.37572087973273927,0.47538933685688345
1774368230.181519,base,181381159,1774368230,-0.14272753944521843,0.9278667964462977,0.34094622139682507,-0.04947455559806002,-0.20638892053287197,0.3757097832912957,0.47543213749462215
1774368230.182619,base,182396261,1774368230,-0.14284185774831887,0.9278491445816571,0.34094025126342464,-0.04951680161852977,-0.20636531988606946,0.3756818736515034,0.4755362848682027
1774368230.1834886,base,183351157,1774368230,-0.14299436968324608,0.9278262936214104,0.34093016754634403,-0.04957418643275144,-0.2063324421662426,0.37564596740151074,0.4756764440741173
1774368230.1845324,base,184356808,1774368230,-0.14312409371212897,0.927806981325646,0.3409213473401803,-0.04962191179539781,-0.20630637973379484,0.3756145855791461,0.4757935942624497
1774368230.1855361,base,185371204,1774368230,-0.143267604621232,0.9277839649633294,0.3409162477020266,-0.049673130320005685,-0.20627724098929232,0.3755803672767936,0.4759239922663644
1774368230.1866608,base,186489642,1774368230,-0.14331459063097507,0.9277767768161888,0.3409135396312411,-0.04969043176445618,-0.20626739913958916,0.3755692067189682,0.4759668528716102
1774368230.1874888,base,187411608,1774368230,-0.14342762546551188,0.9277591238766796,0.34090770792386954,-0.04973388176077186,-0.2062470286777067,0.375541150704813,0.47606967624697216
1774368230.1886756,base,188482724,1774368230,-0.1435855836802631,0.927735227053143,0.34089789553569494,-0.04979109823237204,-0.20621298713744649,0.37550560807188216,0.4762126758865028
1774368230.189483,base,189349520,1774368230,-0.143714962594332,0.9277173186671739,0.34088493359348154,-0.04984022693032935,-0.20618539730351612,0.3754756337268494,0.4763294403037833
1774368230.1906412,base,190415379,1774368230,-0.14385853940125773,0.9276952314286959,0.34087689673491106,-0.04989207851124089,-0.20615938073829154,0.37544157244465926,0.4764597539635768
1774368230.1914947,base,191407061,1774368230,-0.14390545027973853,0.9276880082171748,0.34087423268301614,-0.0499093005621355,-0.20615020833323097,0.3754303430547134,0.4765022338463573
1774368230.192659,base,192476744,1774368230,-0.14401931395569353,0.9276691684910702,0.34087129800143456,-0.04995106843336636,-0.20612904658962264,0.3754039162703872,0.47660640990610026
1774368230.193416,base,193274163,1774368230,-0.1441779926652772,0.9276445425256177,0.3408628765244969,-0.0500080849552782,-0.20609770505461592,0.37536965966055813,0.4767497201185012
1774368230.1947625,base,194501022,1774368230,-0.14430562541700084,0.9276263851997867,0.34085149676510307,-0.050054301585120586,-0.20606984393718628,0.37534063560305986,0.4768659867668177
1774368230.195496,base,195342351,1774368230,-0.1444477898941339,0.9276044801855504,0.34084309796260615,-0.05010735380808052,-0.2060443760256302,0.3753085053300049,0.47699397007735045
1774368230.1964803,base,196285361,1774368230,-0.14449340658516063,0.9275976169564232,0.3408399674450119,-0.050124176424791306,-0.20603536531867303,0.37529780630904636,0.477035043867457
1774368230.1974664,base,197311279,1774368230,-0.14460767364141466,0.9275793080961561,0.3408352019193955,-0.05016585540424298,-0.20601295034245645,0.37527237211446723,0.47713807295441174
1774368230.1983666,base,198274058,1774368230,-0.14476340272046936,0.9275552821215283,0.34082615954059925,-0.050222353728686525,-0.2059845817357622,0.3752364576275162,0.47727888899246534
1774368230.199416,base,199305981,1774368230,-0.14489140932815325,0.9275356806701782,0.3408182476377183,-0.05026890354648243,-0.20595677669501655,0.37520858007709207,0.47739469597104434
1774368230.2005394,base,200341224,1774368230,-0.1450301988341444,0.927515520630185,0.34080636977111795,-0.05032115598510445,-0.205928854273604,0.3751780821915757,0.47752044045347497
1774368230.201413,base,201278087,1774368230,-0.14507686850251814,0.9275083811997036,0.34080338500378893,-0.05033843263121584,-0.20591926025336607,0.3751673396696663,0.477562695552563
1774368230.2024457,base,202351823,1774368230,-0.14518635940182967,0.9274908884429817,0.34079845175356627,-0.050378449571850885,-0.20589822448529738,0.37514156482745153,0.47766185961187746
1774368230.2034543,base,203314280,1774368230,-0.14533505910214534,0.9274678275935142,0.3407898234196416,-0.05043258498582721,-0.20586985447052564,0.3751065654542961,0.47779482870921036
1774368230.2045321,base,204452589,1774368230,-0.14545840896760862,0.9274496177210815,0.3407800951256237,-0.050477565470243686,-0.20584398466373124,0.3750788463215164,0.4779066940014971
1774368230.205457,base,205339119,1774368230,-0.14559736928105485,0.9274282971847169,0.34077126163954546,-0.05052827802414264,-0.20581660555158401,0.3750492423581855,0.478032815673343
1774368230.206467,base,206369187,1774368230,-0.14564290881857275,0.9274210767176444,0.34076898355383056,-0.05054492475451251,-0.20580747072530167,0.375038601498146,0.47807409588171906
1774368230.2074327,base,207301328,1774368230,-0.145746074889472,0.9274047906398134,0.3407633327880334,-0.05058445393427215,-0.205785827143334,0.37501091029343875,0.4781668086198216
1774368230.2084386,base,208322573,1774368230,-0.14588942142783526,0.9273817036203325,0.3407570110241891,-0.05063706096883951,-0.20575713626423614,0.374977187311857,0.4782952861392707
1774368230.209413,base,209280103,1774368230,-0.1460106414800294,0.9273635191944064,0.340748023881556,-0.05068116082698374,-0.20573167052676117,0.37494875403771566,0.47840461057531364
1774368230.2105033,base,210376196,1774368230,-0.14614027452347017,0.9273431040531556,0.34074052983088043,-0.05073143855474505,-0.20570685276183545,0.37491582332601453,0.478522200472494
1774368230.2114098,base,211308055,1774368230,-0.14618290731536845,0.9273364552718716,0.3407379380161154,-0.05074755096704134,-0.2056984008231231,0.374905494417472,0.4785607723997276
1774368230.2124732,base,212368176,1774368230,-0.14629001762828572,0.9273205570814522,0.3407293645009407,-0.05078696016937798,-0.20567394351542798,0.37488335369525466,0.4786581477839646
1774368230.213419,base,213303971,1774368230,-0.14643275583724005,0.9272990174173528,0.34071875139722924,-0.050840070427138645,-0.20564434707758547,0.37484720020370743,0.4787872667649787
1774368230.2145212,base,214386610,1774368230,-0.14654891804486248,0.927280280406493,0.3407133892134375,-0.05088302860314526,-0.20561871478212101,0.37481770368479583,0.4788923084123259
1774368230.215442,base,215313206,1774368230,-0.14667432685088422,0.9272624870042934,0.340700561057865,-0.05093181453972302,-0.20559083259962338,0.37478729498605434,0.47900718887118154
1774368230.216459,base,216357147,1774368230,-0.1467160303934442,0.927256080224802,0.34069765186792844,-0.050947798023127974,-0.2055820517134845,0.3747770035421091,0.4790452639538909
1774368230.2174108,base,217302240,1774368230,-0.1468215220574238,0.9272389959769787,0.3406931706791731,-0.05098478648496732,-0.2055604448497679,0.37475217361472535,0.47914064044311155
1774368230.2184632,base,218374845,1774368230,-0.14695766608776797,0.9272194548036071,0.340679739236235,-0.051037655565948754,-0.20552845350736434,0.3747176221824248,0.47926466314398103
1774368230.219401,base,219308053,1774368230,-0.14707397528618227,0.9271991875555302,0.3406783432655068,-0.051080121571446584,-0.20550402034031456,0.3746866014618098,0.4793695853138468
1774368230.2204103,base,220318162,1774368230,-0.1471998248149062,0.9271806635344362,0.3406674779385214,-0.0511262967298691,-0.20547582386805505,0.3746555414036876,0.47948183209151485
1774368230.2213807,base,221292435,1774368230,-0.14724366377766424,0.927174060933226,0.3406640875879211,-0.05114238592214934,-0.2054667049315547,0.3746453496647129,0.47952111745577847
1774368230.2224233,base,222337057,1774368230,-0.14734853608864842,0.9271571915771101,0.3406588467052984,-0.051181062716540444,-0.20544509549158657,0.37461961424201706,0.479615541213543
1774368230.2234502,base,223347921,1774368230,-0.14747975956812664,0.9271370266114999,0.3406494504095326,-0.051230911951651914,-0.20541611626047473,0.3745839182241852,0.47973503683175245
1774368230.2244499,base,224353308,1774368230,-0.1475920325514315,0.9271196806465779,0.340641921857774,-0.05127153945579227,-0.2053900405571126,0.37455658123466457,0.4798348139920577
1774368230.225441,base,225345283,1774368230,-0.14772017547005994,0.9271002467514424,0.34063203188916147,-0.0513195974611138,-0.20536131435044366,0.3745262311229243,0.4799512821179437
1774368230.2264128,base,226321378,1774368230,-0.14776337075257426,0.9270934947555647,0.34062922541476864,-0.051335845557328105,-0.205352494407449,0.3745158080503067,0.47999026676944734
1774368230.227401,base,227299223,1774368230,-0.14785904429253366,0.9270788375021233,0.3406219356696066,-0.051373427151597935,-0.20533149532231568,0.3744885963539498,0.4800773654014982
1774368230.2284045,base,228318515,1774368230,-0.14800133337672416,0.9270556325124378,0.34061552255439903,-0.05142494862096822,-0.20530058157670628,0.3744542159190616,0.48020620257719393
1774368230.2294052,base,229293912,1774368230,-0.14811713096810086,0.9270372311194615,0.34060862307367823,-0.05146895685744487,-0.20527457172868283,0.3744238244352307,0.4803107528570058
1774368230.2304733,base,230340170,1774368230,-0.14824050254866034,0.9270183316048087,0.34059940242617937,-0.05151517581923801,-0.2052492140461171,0.3743936451373739,0.48042370906422666
1774368230.2313976,base,231297031,1774368230,-0.14828100817188092,0.9270118390409214,0.3405971798922638,-0.05153012655657004,-0.20524082291903542,0.3743834297565978,0.480460572759946
1774368230.2324426,base,232350624,1774368230,-0.1483818695905562,0.9269958403356762,0.3405910664364961,-0.05156799628466355,-0.20522045034174358,0.3743590480799955,0.480552264864046
1774368230.2334723,base,233292210,1774368230,-0.14851938167234638,0.9269745098602927,0.3405815365058651,-0.051618488240533875,-0.20519095956410272,0.37432558743406996,0.48067524145016216
1774368230.2345905,base,234416974,1774368230,-0.148639443992505,0.9269557957958675,0.3405734831364908,-0.051662083913905504,-0.20516314655830292,0.37429838789784947,0.48078484543109373
1774368230.2355106,base,235352752,1774368230,-0.14876464178939292,0.9269354671067039,0.3405670568220962,-0.051708809505588954,-0.20513946792997853,0.3742663602712636,0.48089831261619487
1774368230.2364872,base,236399036,1774368230,-0.14880550638785425,0.926929187058102,0.34056398843649816,-0.05172401017598243,-0.20513085149155585,0.37425639816176504,0.4809353108719095
1774368230.2374272,base,237337336,1774368230,-0.14890578401037943,0.9269132854005732,0.34055804441746457,-0.05175951331612452,-0.2051092411903861,0.3742314076095402,0.48102495537466605
1774368230.2383964,base,238306833,1774368230,-0.14904195856602853,0.9268933847498196,0.34054483861827034,-0.051810817251625986,-0.2050806480861708,0.3742012856193874,0.48115031209297976
1774368230.2395682,base,239336513,1774368230,-0.149155462292318,0.9268733604224397,0.340543396885552,-0.0518518721477683,-0.20505943828371073,0.37417153612865434,0.4812517138154897
1774368230.2405412,base,240415408,1774368230,-0.14928067126668712,0.9268552529314807,0.34053022180969794,-0.051901727656467674,-0.20503186143081523,0.3741428645790009,0.4813657553896921
1774368230.2414825,base,241336982,1774368230,-0.1493215928960929,0.9268488240633147,0.3405273811656233,-0.051917452787156405,-0.20502321736741488,0.37413263860137563,0.4814030590396656
1774368230.2424793,base,242368091,1774368230,-0.14942715602609277,0.9268306461777244,0.3405249121842588,-0.05195442743057114,-0.20500538391755946,0.374107808846671,0.48149746023876805
1774368230.2433913,base,243289719,1774368230,-0.1495674172729654,0.9268083066921712,0.34051652566592505,-0.05200428910284633,-0.20497493922250068,0.374076287869078,0.48162419737384177
1774368230.244493,base,244404517,1774368230,-0.1496819512771534,0.9267894369957962,0.3405112235760832,-0.052045744817396426,-0.20495205047273274,0.37404804861828106,0.4817271397552075
1774368230.2453847,base,245273385,1774368230,-0.14980636053591487,0.9267706568171857,0.3405007308594842,-0.052090846506682796,-0.20492650200596346,0.3740192556930023,0.4818391570731784
1774368230.2463593,base,246257151,1774368230,-0.14984693188638284,0.9267640975404877,0.34049843891942083,-0.05210583084109299,-0.20491813811698473,0.37400925470890084,0.48187576419112554
1774368230.2474492,base,247336984,1774368230,-0.1499479793316031,0.9267471142437264,0.34049455198240147,-0.052142591090187,-0.2048992487178714,0.37398515745223415,0.48196673736219503
1774368230.248437,base,248362531,1774368230,-0.1500827269710245,0.9267263872481606,0.34048388353408393,-0.052192942975670106,-0.2048715345415413,0.37395295176333143,0.4820880753003373
1774368230.2493625,base,249289331,1774368230,-0.15019913183336372,0.9267068609501304,0.3404792915735269,-0.052234726705982705,-0.204849634138916,0.3739252709978625,0.4821934245781347
1774368230.2504463,base,250362501,1774368230,-0.15032773549637385,0.9266870752755261,0.3404692763372616,-0.05228105133033587,-0.2048219422329413,0.3738959598134248,0.482309213611066
1774368230.2514088,base,251333910,1774368230,-0.1503681102931967,0.9266806669637724,0.3404666081786198,-0.052295904216077056,-0.20481360468877038,0.37388625873300374,0.4823456711340597
1774368230.2524815,base,252372564,1774368230,-0.1504683075007226,0.9266636339127281,0.34046297845636725,-0.052333147451158836,-0.20479664116272472,0.37386059130829663,0.48243682875137095
1774368230.253346,base,253271805,1774368230,-0.15060121574642088,0.926641250198911,0.34045755241153325,-0.05238246129619417,-0.20476919848890188,0.3738288286633768,0.48255624905138583
1774368230.2544568,base,254382582,1774368230,-0.1507142974216142,0.926623402056721,0.3404497477384604,-0.05242366429730232,-0.20474544496829977,0.37380244001237173,0.4826581246164955
1774368230.255397,base,255318131,1774368230,-0.15083797407795846,0.9266045970492355,0.3404390931096935,-0.052469516730482946,-0.20472096946203702,0.37377270660752465,0.4827698618495534
1774368230.2564957,base,256391496,1774368230,-0.15087881119969251,0.926598204313548,0.34043607065083265,-0.05248460625457006,-0.2047124924954885,0.373762833456522,0.4828067355799173
1774368230.2573888,base,257318292,1774368230,-0.1509725478454473,0.9265818948817561,0.34043379965732945,-0.05251771058663493,-0.20469257415782047,0.3737389909224033,0.4828912202206038
1774368230.258502,base,258395960,1774368230,-0.15110651299634667,0.9265598637086261,0.34042677642714814,-0.05256662996386284,-0.20466724176369258,0.37370515781407365,0.483011248155541
1774368230.2594032,base,259314947,1774368230,-0.1512206701322905,0.9265416860224777,0.34041879007361725,-0.05261045858173014,-0.20464346234545544,0.37367863809993684,0.48311328549899035
1774368230.2604399,base,260330816,1774368230,-0.15133653857412463,0.9265224384554447,0.3404133629690609,-0.05265135746657963,-0.20461995982359768,0.37364836318707456,0.48321874733162706
1774368230.2613988,base,261318785,1774368230,-0.15137641449648925,0.9265160870073758,0.3404106736152896,-0.052665880221570295,-0.2046114103121389,0.3736383419998486,0.4832549154924071
1774368230.262511,base,262409508,1774368230,-0.15146981058832396,0.9265017175878462,0.3404028974237697,-0.05270039101003724,-0.20459146925138963,0.3736162480992273,0.4833382194685748
1774368230.2633417,base,263263588,1774368230,-0.1515967312172201,0.9264795027436844,0.34039969857489427,-0.05274663297491388,-0.20456556337927004,0.3735831505335823,0.4834519913676677
1774368230.2644262,base,264348341,1774368230,-0.1517075130861285,0.9264628633870569,0.34038924225949097,-0.05278784890377061,-0.20454159712629683,0.37355644401566857,0.4835533399993666
1774368230.265407,base,265325790,1774368230,-0.15182648560058062,0.9264441266212934,0.34038034504602793,-0.05283199054959568,-0.2045147683784775,0.3735271169466069,0.4836597290438055
1774368230.2664802,base,266379491,1774368230,-0.15186638092269117,0.9264377078719479,0.3403777318490893,-0.05284671645130597,-0.20450639642953744,0.37351725887667697,0.483695400411429
1774368230.2674077,base,267316696,1774368230,-0.15195732754778524,0.926422025403695,0.34037460176805634,-0.05288035478972835,-0.20448760338230945,0.3734920257026557,0.48377719992740587
1774368230.2684247,base,268336862,1774368230,-0.15208379897999924,0.9264013308974167,0.3403674062835715,-0.05292561704033567,-0.20446155965231416,0.37346043249839184,0.48389174337853524
1774368230.2693286,base,269237221,1774368230,-0.15218666738228645,0.9263851344182004,0.34035917777967556,-0.052966320442233636,-0.2044378618177545,0.37343279722670614,0.4839843189941754
1774368230.2704034,base,270302122,1774368230,-0.15230257947589812,0.9263653755580218,0.34035460294171943,-0.05300810795168418,-0.2044134836295365,0.37340444023401487,0.48408884226951815
1774368230.271349,base,271256856,1774368230,-0.1523418041118698,0.9263590470421781,0.34035201533785847,-0.053022602147636634,-0.2044051799235617,0.3733946926766495,0.4841241617854045
1774368230.272503,base,272389142,1774368230,-0.1524264317264747,0.9263459873234576,0.3403445177832747,-0.05305566789451563,-0.20438441727512247,0.37337005855067806,0.4842014198884039
1774368230.2734885,base,273367856,1774368230,-0.15255020178982528,0.9263252724988557,0.3403383212457235,-0.05310134231304478,-0.20435691329370181,0.3733371433981046,0.48431209572421513
1774368230.2744305,base,274349015,1774368230,-0.15265707572379283,0.9263079362090562,0.3403313675528488,-0.05314117807488751,-0.20433374299873064,0.3733113945127533,0.48440921110588425
1774368230.2754235,base,275349309,1774368230,-0.15276442628574152,0.9262914154620556,0.3403216720853833,-0.05318273415215173,-0.20430886037130358,0.37328261517417877,0.48450597008289625
1774368230.2764895,base,276382114,1774368230,-0.15280235738466422,0.9262854000208918,0.3403188175596688,-0.05319680160136259,-0.20430082078026282,0.37327319587282554,0.4845401581784725
1774368230.2774065,base,277308791,1774368230,-0.15288787685395197,0.9262692014666232,0.34031987438950306,-0.05322637148057217,-0.2042850066568531,0.3732490324685277,0.48461676069289283
1774368230.278498,base,278388912,1774368230,-0.1530086715776776,0.9262501848458418,0.3403100857018729,-0.05327276100093186,-0.204258480291903,0.3732173772588343,0.4847255962192152
1774368230.2794178,base,279336255,1774368230,-0.15310959374550986,0.9262343863574065,0.34030161702368805,-0.05331156800607662,-0.2042337217646578,0.37319115464322083,0.4848167016520732
1774368230.2805123,base,280410122,1774368230,-0.15322194082159335,0.9262156648328647,0.34029515493545875,-0.053355286490945474,-0.20421140595132,0.37316221759109475,0.4849180283561226
1774368230.281346,base,281272729,1774368230,-0.15325995520923866,0.9262096087734474,0.34029228301889364,-0.05336954995865202,-0.20420331535996397,0.3731526865821956,0.4849522820740727
1774368230.2825594,base,282426862,1774368230,-0.15334651950648426,0.9261965007659407,0.34028419915427316,-0.053399913203199596,-0.2041810894424044,0.37313118074398016,0.48502920611142725
1774368230.2833855,base,283315311,1774368230,-0.15346397269977818,0.9261774317083683,0.34027639325564774,-0.05344296277547062,-0.20415505923788266,0.3731017635543844,0.485134607021508
1774368230.2844157,base,284349444,1774368230,-0.1535601129325201,0.9261600326959613,0.34027460147787536,-0.05347972645630006,-0.20413639596172725,0.3730757962098476,0.4852229538811143
1774368230.2854102,base,285325905,1774368230,-0.15366754429189122,0.9261433857631594,0.34026509483663303,-0.05351990353381105,-0.20411085944625745,0.3730493923515236,0.4853197154934812
1774368230.286465,base,286363062,1774368230,-0.15370338941710635,0.926137451096746,0.34026298457788606,-0.05353308401227273,-0.20410294387004455,0.37304046910627564,0.4853520278498108
1774368230.2873619,base,287291604,1774368230,-0.15379028690302443,0.9261236840034378,0.3402561951030509,-0.05356483245731672,-0.20408273912941916,0.37301896345483093,0.4854299579810829
1774368230.2884657,base,288361640,1774368230,-0.1539070773421296,0.9261060284578965,0.34024437260918,-0.05360972398484336,-0.2040550195849105,0.3729885604996077,0.4855351900047834
1774368230.2893844,base,289317912,1774368230,-0.1540075564429426,0.9260888664911859,0.340239789135771,-0.053646712931832784,-0.2040357268251881,0.37296277706342434,0.48562641901423365
1774368230.290511,base,290370814,1774368230,-0.15411264723388132,0.9260708871938211,0.34023503978958,-0.05368539423341578,-0.20401302134562735,0.3729367752439915,0.48572132903268933
1774368230.291485,base,291324752,1774368230,-0.15414650429657767,0.9260653882423436,0.3402327051657852,-0.053697842119346556,-0.20400558932785756,0.37292824523022877,0.48575186448763835
1774368230.2926052,base,292375225,1774368230,-0.15422682355149595,0.9260538147695269,0.3402228185338797,-0.053729440690234075,-0.2039855717639016,0.37290841534616476,0.4858261669581223
1774368230.293439,base,293348464,1774368230,-0.15434171485647386,0.9260342028123788,0.34021735488787685,-0.053772127630413266,-0.20396104691525038,0.3728785920754026,0.48592909280247076
1774368230.2944214,base,294353644,1774368230,-0.15442980942140527,0.9260206434772965,0.34020919143046324,-0.053804348171803164,-0.2039384658456631,0.37285675492986503,0.48600897679604316
1774368230.2954714,base,295373888,1774368230,-0.1545379355127609,0.9260029661259167,0.3402018898805958,-0.053844287859800964,-0.2039160856885379,0.3728298077011116,0.48610626300458193
1774368230.2968068,base,296458196,1774368230,-0.15457147825898895,0.9259975014938355,0.340199565027702,-0.05385667359731249,-0.20390874798870995,0.3728213097048482,0.4861365327087014
1774368230.2975473,base,297434936,1774368230,-0.1546595115494656,0.925983506309358,0.3401926384481549,-0.053888312981487385,-0.2038888885261501,0.3728029227338815,0.48621573531800577
1774368230.2984643,base,298317602,1774368230,-0.15477140100134154,0.9259656356373589,0.3401837686379232,-0.05393012707275785,-0.20386666701177358,0.3727743539519248,0.48631675474391167
1774368230.2993968,base,299303943,1774368230,-0.1548625427104537,0.9259506639143873,0.3401772707722341,-0.05396652028538143,-0.20384418194711865,0.3727509115728153,0.48639916403230815
1774368230.3004882,base,300359870,1774368230,-0.1549632945621431,0.9259338092038067,0.3401717603545401,-0.054001220070181814,-0.20382215713970156,0.3727267161295983,0.4864901564555061
1774368230.3013709,base,301291531,1774368230,-0.15499654438497434,0.9259283872411331,0.34016946002295956,-0.05401325205390845,-0.2038149249402082,0.37271827719939393,0.48652010477399577
1774368230.3024714,base,302330464,1774368230,-0.15508305926420538,0.9259143131108152,0.3401634887082982,-0.054043782765288935,-0.20379823572826053,0.3726985330341424,0.4865979487177431
1774368230.3033352,base,303255115,1774368230,-0.15519080414989045,0.9258974258714929,0.34015388026683374,-0.054084275083150224,-0.20377078553369418,0.3726741166896555,0.4866951639606128
1774368230.304445,base,304377052,1774368230,-0.15528835241406055,0.925881020947366,0.3401484635420685,-0.05411917778347856,-0.20375344773654314,0.3726496987635523,0.48678229648255505
1774368230.3054404,base,305322468,1774368230,-0.15538565615842798,0.9258649107148187,0.340142030659976,-0.05415592253635378,-0.20373273135854805,0.3726233785439975,0.4868704567899564
1774368230.3065035,base,306360033,1774368230,-0.15541901639273728,0.9258595128671508,0.34013949683677347,-0.054168389938624245,-0.20372547784747638,0.37261470485387516,0.48690071380449973
1774368230.3073826,base,307297250,1774368230,-0.15550200865030106,0.9258465046852155,0.3401323554320234,-0.054197378683424294,-0.2037069236868447,0.37259567964002466,0.48697522475556393
1774368230.3084888,base,308353821,1774368230,-0.15561275880257647,0.9258285737396291,0.34012410338011106,-0.05423758516905662,-0.20368084747215456,0.3725702725094064,0.4870731160607805
1774368230.309383,base,309293092,1774368230,-0.1557038134626284,0.9258137285991341,0.3401173181869277,-0.05427220540844137,-0.2036627027250443,0.37254736086756435,0.4871560002831496
1774368230.3105395,base,310354000,1774368230,-0.1557993918967369,0.9257985815183738,0.34010918730697615,-0.05430724309484208,-0.20364095136085164,0.37252333591388864,0.4872425448541746
1774368230.3113887,base,311301063,1774368230,-0.1558317381444062,0.9257932203406409,0.34010705741057945,-0.054319168418850976,-0.20363392772092426,0.3725151608848531,0.48727169458027175
1774368230.3124204,base,312347796,1774368230,-0.1559123380698385,0.925779810278957,0.34010184268080484,-0.05434907839674787,-0.20361674407924235,0.3724952576209736,0.4873434590542354
1774368230.3133914,base,313295574,1774368230,-0.15601915601192598,0.9257617060842294,0.34009607627343114,-0.05438699668817684,-0.20359119103924575,0.37246871071004384,0.48743819869301613
1774368230.3144524,base,314372012,1774368230,-0.15610744462630705,0.9257464137845369,0.3400919635031962,-0.054419660581945056,-0.20357414549302882,0.37244569764575525,0.4875185310277471
1774368230.3154297,base,315341658,1774368230,-0.15620595340901958,0.925728328747662,0.3400903520999804,-0.05445469568504844,-0.20355742575179347,0.37241916668115094,0.4876066130933734
1774368230.3164163,base,316298667,1774368230,-0.1562381695197675,0.9257228301456678,0.34008859385516965,-0.05446672802565783,-0.20355105091276415,0.3724110357981648,0.4876354016988006
1774368230.3174055,base,317334073,1774368230,-0.1563156925591009,0.9257113755075586,0.340079308687683,-0.054496947787744526,-0.20353007013973237,0.37239231182198995,0.48770469047655785
1774368230.3184168,base,318301523,1774368230,-0.15641871163210136,0.9256933178561959,0.3400751181933091,-0.054534226991388185,-0.2035105601841344,0.37236658054075844,0.4877977136465353
1774368230.3194122,base,319334343,1774368230,-0.15649954446566378,0.9256806780010037,0.3400674776119179,-0.05456450887078103,-0.20349104695516904,0.37234486250033566,0.4878709219826979
1774368230.3204796,base,320354813,1774368230,-0.15659203200745409,0.925664130878373,0.34006447965323205,-0.05459855304986972,-0.20347175686986213,0.37231954769740516,0.48795333686719655
1774368230.3214095,base,321336230,1774368230,-0.15662167766854612,0.9256589790197207,0.34006311166633607,-0.05460938315223233,-0.20346539499900118,0.37231168943690157,0.48797986779937097
1774368230.322485,base,322369745,1774368230,-0.15669424863313078,0.9256471564193017,0.3400573568497826,-0.05463742591391901,-0.2034485548980417,0.3722924088443201,0.48804637588022054
1774368230.3233657,base,323296330,1774368230,-0.1567920205406493,0.9256310056003231,0.34005014990766486,-0.054675399531142185,-0.2034268234268297,0.37226619330037103,0.4881350838134309
1774368230.3243945,base,324320179,1774368230,-0.15687627712517377,0.9256181890149936,0.34004120022145,-0.054706343251079946,-0.20340626184221117,0.37224503660634595,0.48821086338379255
1774368230.3253605,base,325292572,1774368230,-0.15696330002253941,0.9256018985218937,0.34004008780246725,-0.05473926000587434,-0.2033897813314217,0.3722195411977715,0.4882890619827044
1774368230.3264792,base,326354490,1774368230,-0.15699354152058387,0.9255969371055264,0.3400377679871417,-0.054750838203774785,-0.20338307375003678,0.3722117744849881,0.4883162794491581
1774368230.3273728,base,327295141,1774368230,-0.15706835347488957,0.9255851242781293,0.3400311074275521,-0.05477733138187328,-0.20336704780469808,0.3721948098809628,0.48838295265679244
1774368230.3284686,base,328348148,1774368230,-0.15716375531436125,0.9255674693937352,0.3400295090422342,-0.05481192020046152,-0.20334569883396675,0.37216758838888925,0.4884674538704506
1774368230.329347,base,329281866,1774368230,-0.15724497553139594,0.9255531955296168,0.3400261840401477,-0.05484062437774751,-0.20332844945808942,0.3721466585728739,0.4885424194740974
1774368230.3304965,base,330372288,1774368230,-0.15732611999307144,0.9255403078386493,0.3400185511662237,-0.05487271996799588,-0.20330965325543449,0.37212313174880485,0.48861620058242045
1774368230.3313441,base,331278897,1774368230,-0.15735519790201855,0.9255354242888295,0.34001658023969333,-0.05488392516773033,-0.20330331400916996,0.37211541526455594,0.48864258604593397
1774368230.332477,base,332342466,1774368230,-0.15742100850373866,0.9255238601774445,0.3400136025956413,-0.05490865481726239,-0.20328907800179827,0.37209662350788847,0.488701004148933
1774368230.333348,base,333281600,1774368230,-0.1575189763753976,0.9255076082488797,0.3400067192532403,-0.05494424462792587,-0.20326747567563225,0.37207274936437246,0.48878853038561937
1774368230.3343332,base,334266651,1774368230,-0.1575985996001347,0.9254931877412046,0.3400042512875061,-0.05497408439548933,-0.20325412102139187,0.3720499065003847,0.48886056051979143
1774368230.3353477,base,335267157,1774368230,-0.15768519387051255,0.9254790749537154,0.33999752533434385,-0.05500494726255489,-0.203232217118091,0.3720290914843627,0.48893841446403963
1774368230.3364503,base,336347233,1774368230,-0.15771400979895475,0.9254743559597406,0.3399953219127051,-0.05501534923559673,-0.20322540687915255,0.3720218252539323,0.4889641600855414
1774368230.3373458,base,337273814,1774368230,-0.15777980447076367,0.9254638846650391,0.33998907053282623,-0.05504146982128652,-0.20321113982658529,0.37200479390178626,0.48902359615312097
1774368230.3384778,base,338354997,1774368230,-0.15787513949314308,0.9254463674628596,0.3399869151483397,-0.05507593673950761,-0.2031931189403075,0.37197941268162343,0.4891095658012228
1774368230.3393989,base,339295157,1774368230,-0.15794919976357727,0.9254332425813301,0.33998400375643384,-0.05510209623231906,-0.2031760322831378,0.3719605067712908,0.48917529179384883
1774368230.3405015,base,340348612,1774368230,-0.15803071540628588,0.9254204694725494,0.3399759327921356,-0.055132683514417635,-0.2031577148461543,0.3719390699080925,0.48924891292152806
1774368230.341385,base,341302087,1774368230,-0.15805735429515205,0.925415967843534,0.33997421102395003,-0.055142497695287666,-0.20315205324003527,0.37193204164986715,0.4892727956484061
1774368230.3424506,base,342344354,1774368230,-0.15812207813488843,0.9254048385677212,0.3399706369094661,-0.05516574300348201,-0.20313897589603921,0.3719158217584339,0.48933168618969214
1774368230.3433568,base,343275432,1774368230,-0.15821045036684245,0.9253903983795411,0.33996351409303105,-0.05519848790675843,-0.20311925748494172,0.37189373861012526,0.489410624158163
1774368230.3443632,base,344290793,1774368230,-0.1582859098921547,0.9253784310900475,0.3399562528168907,-0.05522749472530181,-0.20310084781948065,0.37187385071547463,0.4894788423600877
1774368230.345383,base,345295558,1774368230,-0.15836339845502903,0.9253628156962628,0.339958405639944,-0.05525374006531563,-0.20308593839352476,0.3718521191512443,0.48954864428455147
1774368230.3464546,base,346335781,1774368230,-0.1583895666033125,0.9253580739932802,0.33995759934699815,-0.055263104625850636,-0.2030801815178677,0.3718450641209666,0.4895723653284417
1774368230.3473709,base,347285390,1774368230,-0.15845021973281603,0.9253499921992102,0.3399472596592376,-0.05528815834985606,-0.2030631057005225,0.37182931150981824,0.48962645513285524
1774368230.348496,base,348382294,1774368230,-0.15853997712995313,0.9253342880209622,0.3399430495628681,-0.05531956361243668,-0.20304547040820264,0.37180814369103715,0.48970639516073633
1774368230.34935,base,349271030,1774368230,-0.15861339919019637,0.9253216197664711,0.33993905383308304,-0.05534554425745546,-0.2030291692547591,0.37178919548637673,0.489772207302373
1774368230.350415,base,350304627,1774368230,-0.1586915861671462,0.9253086322788933,0.33993299877629723,-0.05537573342966338,-0.20301182165603812,0.37176918994228003,0.48984314938602713
1774368230.3513606,base,351290968,1774368230,-0.15871761735186157,0.9253039490371134,0.3399320330164828,-0.05538531184124515,-0.20300626560791243,0.3717623079132966,0.48986655200434814
1774368230.35251,base,352407085,1774368230,-0.1587778814093675,0.9252939148657318,0.3399277191699779,-0.055406689374998305,-0.2029923578136792,0.3717471547876201,0.489921369487085
1774368230.353353,base,353292192,1774368230,-0.15886003457329392,0.9252808867869139,0.3399196454880051,-0.055438295189363725,-0.20297363873447669,0.37172586233075033,0.48999556229287533
1774368230.3544831,base,354389202,1774368230,-0.15892663906185905,0.9252693507249694,0.3399155830869733,-0.05546483913379875,-0.20295784607814113,0.3717064375845265,0.4900555813363039
1774368230.3554077,base,355343743,1774368230,-0.15900162172023244,0.9252549027896207,0.33991562255770286,-0.05549070818898299,-0.20294378596215454,0.37168643248388983,0.49012366369827937
1774368230.3565218,base,356415543,1774368230,-0.15902755644838068,0.9252500585032549,0.33991518108109403,-0.05549986666999789,-0.20293842435830228,0.37167923298443095,0.49014716849879986
1774368230.3574011,base,357333948,1774368230,-0.1590857161000138,0.9252422836614613,0.33990533215949953,-0.055523117954685515,-0.20292362456621407,0.37166481300481213,0.49019821370793143
1774368230.358498,base,358403101,1774368230,-0.1591749135774858,0.9252270160678092,0.3398999007503989,-0.05555513563773358,-0.20290357997535557,0.3716438137850446,0.4902798285568095
1774368230.3593755,base,359313071,1774368230,-0.15924372935580763,0.9252139346678806,0.33989912961270746,-0.055580495191722264,-0.20289007021491545,0.3716243140397632,0.4903416215962687
1774368230.360498,base,360394223,1774368230,-0.1593155697021071,0.9252033262029141,0.33988998946694254,-0.055607099310418955,-0.20287109174582993,0.3716055800318007,0.4904058439162348
1774368230.3613434,base,361277529,1774368230,-0.1593405853551112,0.9251991997582295,0.3398879972973036,-0.05561625588486087,-0.20286525057436683,0.3715991961007436,0.4904282537433785
1774368230.3624454,base,362341335,1774368230,-0.159400844598983,0.9251883915689347,0.3398855601852463,-0.055638267629211195,-0.20285309482805067,0.3715839466211534,0.4904822355878574
1774368230.363447,base,363337878,1774368230,-0.15948097033272812,0.9251754104751602,0.33987861113347045,-0.055666952923916324,-0.20283408118108354,0.37156246194563114,0.4905537586854118
1774368230.3644373,base,364356540,1774368230,-0.15954545709142512,0.925163328584971,0.33987695309878435,-0.05569308139573535,-0.20282024883399738,0.3715432320952635,0.49061379002803296
1774368230.365416,base,365343256,1774368230,-0.15961607860395596,0.9251508355766215,0.33987348899829495,-0.05571938943582132,-0.20280549762999384,0.37152425200949823,0.4906772188285166
1774368230.3665524,base,366435970,1774368230,-0.15964006310171125,0.9251467235385938,0.339871940163058,-0.0557283991200634,-0.20280020430356996,0.3715178794962,0.4906988411825365
1774368230.3674138,base,367338873,1774368230,-0.15969376189101508,0.9251393063976849,0.3398631730000532,-0.05575114177702661,-0.2027845408488199,0.3715030167806362,0.49074668155600776
1774368230.3686483,base,368370376,1774368230,-0.15977634973200713,0.925125021594449,0.3398584864214111,-0.05578011916026416,-0.20276468888554655,0.3714821558460922,0.49082165027137636
1774368230.3694072,base,369337316,1774368230,-0.15983950291343735,0.9251144280664324,0.33985367638899483,-0.05580418386274745,-0.20275023668095607,0.37146537786594275,0.49087892397774496
1774368230.3705494,base,370437567,1774368230,-0.15990733785669828,0.9251017648135561,0.3398520297202832,-0.055829794316576795,-0.20273630642406867,0.37144475670979604,0.4909411962830372
1774368230.3713973,base,371273883,1774368230,-0.15992975842113416,0.9250979984793729,0.33985037676124275,-0.05583804255216222,-0.20273099356781113,0.37143875045996577,0.49096163376195023
1774368230.3725488,base,372421181,1774368230,-0.15998490352499467,0.9250883713788939,0.3398472659244325,-0.0558584964650131,-0.2027174512648271,0.37142324239658475,0.4910103611915821
1774368230.3733602,base,373288932,1774368230,-0.16006244708120343,0.9250765195736437,0.3398377753464905,-0.055890360666569425,-0.2026977503771213,0.3714031548901451,0.4910818462572187
1774368230.3745117,base,374384768,1774368230,-0.16012381549324578,0.9250650129238578,0.3398368111860122,-0.05591088748169095,-0.20268411225573782,0.37138559007905675,0.49113728695370595
1774368230.3753607,base,375284899,1774368230,-0.1601942858389084,0.9250541607545667,0.3398285518406775,-0.055938768390933244,-0.20266704274685546,0.371369863216412,0.4912020180332911
1774368230.3764572,base,376337510,1774368230,-0.16021569075366562,0.9250505372387001,0.3398269542570518,-0.05594709242752203,-0.2026622444256878,0.3713641247157827,0.4912214090171875
1774368230.3774369,base,377347452,1774368230,-0.16026710285436013,0.9250413341356561,0.3398246925800429,-0.05596574127155381,-0.20265116504485958,0.3713483473499398,0.49126689771033855
1774368230.3785727,base,378423273,1774368230,-0.16033598264050972,0.9250307344327015,0.3398166321752177,-0.055992584533060184,-0.2026315632634538,0.37132892771401343,0.4913312656459226
1774368230.379419,base,379344639,1774368230,-0.16039648573828913,0.9250197804315171,0.33981431593673933,-0.056014318327373865,-0.20261720414403053,0.3713128355046623,0.4913862441072235
1774368230.38056,base,380429046,1774368230,-0.16046306059833162,0.9250090489985161,0.3398080085518102,-0.05603911828651399,-0.20260158131686626,0.3712970402417532,0.49144658844162437
1774368230.3813634,base,381275213,1774368230,-0.16048390810801974,0.9250056101309314,0.33980623725742526,-0.056046923070141336,-0.20259630455442812,0.3712913408980656,0.49146562483294054
1774368230.382703,base,382427440,1774368230,-0.1605383833053955,0.9249974085016683,0.33979936793424675,-0.05606791687207494,-0.2025812395091569,0.3712784051937703,0.49151547752912655
1774368230.383432,base,383340212,1774368230,-0.1606045902417488,0.9249865263783024,0.33979334597398103,-0.05609432808839436,-0.2025659854511253,0.37125889671465395,0.4915774162878376
1774368230.384483,base,384387143,1774368230,-0.16066728146173725,0.9249754768082269,0.339790208884881,-0.0561160041080707,-0.20255158641874768,0.3712439990862683,0.49163480728489317
1774368230.385531,base,385305204,1774368230,-0.1607272525255742,0.9249665936405982,0.3397823121249413,-0.05613850115132854,-0.20253430487712087,0.3712282273039867,0.49168975173618346
1774368230.3864095,base,386299557,1774368230,-0.16074806053652757,0.9249630561888706,0.33978074452800716,-0.0561466950717676,-0.2025294226681101,0.3712223736911227,0.49170897142730435
1774368230.3875203,base,387352311,1774368230,-0.1607999699533242,0.9249535877414243,0.3397785678972519,-0.05616720560050902,-0.2025193567704485,0.3712091546693371,0.4917580830515449
1774368230.3885827,base,388330379,1774368230,-0.1608685404484039,0.9249440215824771,0.33976808517895335,-0.056191795901730915,-0.2024998502233431,0.3711924592577733,0.49181981459859936
1774368230.3894215,base,389335189,1774368230,-0.16092560459201216,0.9249338732929309,0.3397653116022613,-0.05621221267527302,-0.2024867648971524,0.371177526507461,0.49187185320222815
1774368230.3906705,base,390417139,1774368230,-0.16098807035800877,0.9249216761353646,0.33976517425365876,-0.05623486980276133,-0.202474436240963,0.3711599389465518,0.49193053268022635
1774368230.3914742,base,391364832,1774368230,-0.1610079145057678,0.924918370046844,0.3397635525022082,-0.05624223152998202,-0.2024694144223544,0.3711544923215602,0.4919490884799615
1774368230.3925068,base,392387084,1774368230,-0.16105604049956126,0.924910741673388,0.33975872290163506,-0.05625906120827936,-0.2024570762157543,0.3711424279555419,0.491992468343064
1774368230.393359,base,393287310,1774368230,-0.16111879669671167,0.9249017637213429,0.3397492278897588,-0.05628430477908954,-0.2024388336082605,0.37112526528085826,0.4920500664789176
1774368230.3944058,base,394331205,1774368230,-0.16117344401786007,0.9248912252383346,0.3397489606041497,-0.05630263039107487,-0.20242784792307805,0.37111199354353813,0.49210057849754407
1774368230.3953855,base,395301590,1774368230,-0.16123346450704873,0.9248812028682487,0.339744116598257,-0.05632464594567275,-0.20241461084880485,0.3710950369203492,0.49215373116605365
1774368230.3965209,base,396394600,1774368230,-0.1612539562380325,0.9248777968296439,0.33974241165061125,-0.05633219554529426,-0.20240967944798988,0.3710897083445872,0.4921722157945912
1774368230.3973825,base,397299061,1774368230,-0.161300913359826,0.9248696280512927,0.33973893080703976,-0.05635286462673395,-0.20239709477727735,0.3710774742903273,0.4922163186447685
1774368230.398465,base,398328971,1774368230,-0.16136077158511025,0.9248600051164627,0.33973310733958356,-0.056374534204953385,-0.20238172629723347,0.37105936912282556,0.4922707654999095
1774368230.3993745,base,399293666,1774368230,-0.16141244191134613,0.9248506802114802,0.3397305241918113,-0.056395157956476,-0.20237177501872322,0.37104501724598904,0.49231883397209014
1774368230.4005053,base,400378663,1774368230,-0.16146980160288363,0.9248406812533094,0.3397271951764508,-0.05641498317629475,-0.20235726468357854,0.37102914148104754,0.49237077615246516
1774368230.4013402,base,401257807,1774368230,-0.1614889525963516,0.9248374293299799,0.3397258084843191,-0.056421826887503745,-0.20235265129549548,0.3710241680196706,0.49238800859460197
1774368230.4024606,base,402345024,1774368230,-0.1615338375435514,0.9248294184004463,0.33972333060505405,-0.056439567965701036,-0.20234303090423883,0.3710117402911274,0.4924287074116285
1774368230.4033906,base,403297621,1774368230,-0.16159237656344747,0.9248191215789875,0.33971971391643985,-0.056462484668842634,-0.2023286770149692,0.37099344112871513,0.4924821533026018
1774368230.4044425,base,404336073,1774368230,-0.16164270630118954,0.9248107135133686,0.3397155168233145,-0.05648138897008101,-0.20231566394297462,0.37097915198771203,0.49252883696154126
1774368230.4053981,base,405308604,1774368230,-0.16169102282235845,0.9248039041927723,0.33970787853159845,-0.056500523820811374,-0.202302746036932,0.3709660564964543,0.49257366848254236
1774368230.4064496,base,406316353,1774368230,-0.16170797761379266,0.9248010403002505,0.33970647267940546,-0.056507329217971095,-0.20229881575615455,0.3709613980233273,0.4925894546957087
1774368230.4073815,base,407296089,1774368230,-0.1617500863350253,0.9247919936080986,0.33970848133042797,-0.05652279045787332,-0.20228958146918555,0.3709469624445575,0.49262693897579185
1774368230.4084458,base,408318636,1774368230,-0.16181008235057323,0.9247821739493646,0.33970307130904465,-0.05654424230980626,-0.2022749394670426,0.37093183370269667,0.4926822941863398
1774368230.4093761,base,409293468,1774368230,-0.1618538922096781,0.9247749246725887,0.3396990009810331,-0.056561868832931135,-0.20226276840577811,0.37091831210526743,0.4927220905294819
1774368230.4104657,base,410323411,1774368230,-0.16190353231871513,0.9247658599924252,0.3396969277225726,-0.056580453436132896,-0.20224961898506882,0.3709032822421172,0.4927676242537209
1774368230.4114063,base,411319603,1774368230,-0.161920502638333,0.924763013516103,0.3396955425501891,-0.056586730153792605,-0.20224543844620116,0.3708987385730989,0.49278329778770363
1774368230.4124806,base,412325466,1774368230,-0.1619641915916635,0.924754596025481,0.3396947712491041,-0.056603888186476894,-0.20223829892645295,0.37088569363713597,0.4928235094426882
1774368230.4133587,base,413279692,1774368230,-0.16201707970210733,0.9247471763457458,0.33968636040760586,-0.056624219892244844,-0.20222024134416333,0.3708719425954894,0.49287214291287684
1774368230.4144938,base,414354118,1774368230,-0.16205913317577697,0.9247390393245355,0.3396856049345569,-0.056641295039001664,-0.20221205675969475,0.37085697942455176,0.4929119795833517
1774368230.4153576,base,415271875,1774368230,-0.16210559474508252,0.9247318463457281,0.3396798869643605,-0.05666006440380198,-0.20219986788468294,0.3708435246268404,0.4929556952519569
1774368230.4164178,base,416287257,1774368230,-0.16212123957588262,0.9247291351513922,0.3396787691429697,-0.056666251632295286,-0.20219628865124972,0.3708387928359348,0.49297032740435826
1774368230.417337,base,417266880,1774368230,-0.16216347619616125,0.9247210549382916,0.33967837160108866,-0.056679638391779544,-0.20218608252887407,0.37082725566575625,0.4930094081240955
1774368230.4184053,base,418283625,1774368230,-0.16221097797571624,0.9247122515368769,0.3396763972847641,-0.056699167625323024,-0.2021732437820726,0.3708117154109123,0.493053620174613
1774368230.4193542,base,419265125,1774368230,-0.16225239700872118,0.9247061869876597,0.3396705405339105,-0.05671464806439955,-0.2021625787577157,0.37080144793294145,0.4930924681237701
1774368230.4204762,base,420312647,1774368230,-0.16229806837972055,0.924697936088235,0.33966811042151573,-0.056733048191040886,-0.20215288611875462,0.3707878984503672,0.4931362309541909
1774368230.4213738,base,421289194,1774368230,-0.16231316700912743,0.9246953573516792,0.33966688544302226,-0.056739217840523735,-0.20214902601976478,0.37078327980701664,0.4931506523123753
1774368230.4225361,base,422400128,1774368230,-0.16235296276110553,0.9246886115918567,0.33966399833807964,-0.05675257974757239,-0.20213966620792176,0.37077356632608927,0.4931864840961643
1774368230.42338,base,423298092,1774368230,-0.16240339943191928,0.9246793845246161,0.3396622481625782,-0.056769083674804294,-0.20212732815944054,0.3707602602365169,0.4932335879209599
1774368230.4244833,base,424353179,1774368230,-0.16243871711370722,0.9246738650177219,0.3396580934968159,-0.05678279719905595,-0.2021175639661936,0.37074903158984124,0.4932663242163932
1774368230.4253438,base,425269557,1774368230,-0.1624813360740247,0.924666285438688,0.33965579686563174,-0.05679802510819569,-0.20210563874308743,0.3707375082188544,0.49330660968015744
1774368230.4265883,base,426305335,1774368230,-0.16249481892009132,0.9246637449283921,0.33965541909362446,-0.05680307139109986,-0.2021021487217227,0.37073337070310464,0.4933194610411402
1774368230.4273586,base,427287278,1774368230,-0.1625294008678597,0.9246583495429564,0.33965120538319565,-0.056817155470619204,-0.2020957985032279,0.370724834450769,0.4933518744679513
1774368230.4283917,base,428270406,1774368230,-0.16257040882049095,0.924651228294962,0.33964850527490936,-0.05683186652817539,-0.2020837193933923,0.37071331092829535,0.49339060043769817
1774368230.4293022,base,429245912,1774368230,-0.16261015934179524,0.9246448925984332,0.3396441210425852,-0.05684742484649312,-0.2020752799615696,0.37070268053181044,0.49342862935829
1774368230.4305103,base,430327155,1774368230,-0.16264898138360392,0.9246403863238984,0.33963504718467963,-0.05686386864722133,-0.20206216288471482,0.3706928145052166,0.4934662102614173
1774368230.4313397,base,431273980,1774368230,-0.16266146821106944,0.9246384198544336,0.33963358685931844,-0.05686884881540357,-0.2020584519992075,0.3706891539067767,0.49347821957736193
1774368230.4325294,base,432349771,1774368230,-0.16269438063307076,0.9246312757810773,0.3396352952919519,-0.05688065180557981,-0.20205379909408067,0.37067913904499894,0.49350748668999317
1774368230.4335356,base,433397089,1774368230,-0.1627358044204572,0.9246235651373581,0.3396342170336196,-0.05689393089134035,-0.20204159907231747,0.3706673377395521,0.4935457893200674
1774368230.4344783,base,434346929,1774368230,-0.1627714838611223,0.9246178548619737,0.3396299953144584,-0.056909865531307835,-0.20203455383374555,0.3706570694564925,0.4935790748308094
1774368230.4354684,base,435349249,1774368230,-0.16281209458202878,0.924609210453853,0.33963194527773105,-0.05692250476375157,-0.20202675018776575,0.37064526953658616,0.4936154779969812
1774368230.4365351,base,436409295,1774368230,-0.16282521965800278,0.924606685994893,0.3396318116609986,-0.056926764924176844,-0.2020236364589994,0.3706415389944196,0.49362748067833695
1774368230.437422,base,437329390,1774368230,-0.1628509531801052,0.9246032205328536,0.33962688591925777,-0.056938826730043295,-0.2020159539942513,0.37063344721523983,0.4936513772061871
1774368230.4384296,base,438313541,1774368230,-0.1628949888717535,0.9245950134176331,0.33962552518603245,-0.05695424835628903,-0.2020065098858119,0.37062160418368884,0.4936913979539185
1774368230.4394095,base,439318252,1774368230,-0.16292616642052918,0.9245901560689417,0.33962174447487875,-0.05696646623901061,-0.20199883713342756,0.37061306460079113,0.4937199592186217
1774368230.440486,base,440355996,1774368230,-0.16296064196652035,0.9245843012395131,0.3396187861408612,-0.05698051571817275,-0.20199078346811727,0.3706026095894399,0.4937515471954344
1774368230.4414248,base,441319115,1774368230,-0.16297288733867027,0.9245822648227962,0.33961767105950624,-0.056985182914184196,-0.20198777596410925,0.3705994803492129,0.4937625217839643
1774368230.4425414,base,442413978,1774368230,-0.16300143872875628,0.9245776307665596,0.33961518380247124,-0.05699353111770246,-0.20197950938533604,0.37059214840795485,0.4937885411086604
1774368230.4434726,base,443341477,1774368230,-0.16303852856274453,0.9245698169830916,0.3396160560058468,-0.05700900131541678,-0.20197195934875525,0.37058135419893934,0.4938231315975903
1774368230.4445717,base,444411151,1774368230,-0.16306759217751027,0.9245660459605378,0.3396101955071016,-0.05702194442452856,-0.20196381823590537,0.3705705005637049,0.49384984192460274
1774368230.4454508,base,445340861,1774368230,-0.16309882655459917,0.9245598388641075,0.33961017850549213,-0.057033356832261295,-0.20195649665157092,0.37056167114653255,0.4938776128989906
1774368230.4464579,base,446365499,1774368230,-0.16311019875813315,0.9245577411238799,0.3396097224633342,-0.05703755602555301,-0.20195387172725768,0.37055857220502336,0.4938878866342819
1774368230.4474473,base,447341343,1774368230,-0.1631342470480046,0.9245543877106598,0.33960603387816074,-0.0570450993389703,-0.2019458623676423,0.3705515190348331,0.49391031640097544
1774368230.4483328,base,448244012,1774368230,-0.1631667913430059,0.9245477873692769,0.3396060565111054,-0.057058859560791424,-0.20193749252809667,0.37054141701806964,0.4939406986039476
1774368230.4494386,base,449338139,1774368230,-0.16319600398373668,0.9245421026938446,0.33960581540275914,-0.05706885993965448,-0.2019321196815752,0.3705327894996492,0.4939677575590582
1774368230.4504228,base,450328432,1774368230,-0.1632237462861714,0.9245369537410567,0.3396044935631722,-0.05708080033790765,-0.20192665043485034,0.3705231488761642,0.49399204938014896
1774368230.451426,base,451311865,1774368230,-0.16323399688363,0.924535199163029,0.33960364306956475,-0.057084966355890464,-0.2019243478744277,0.37052034011119467,0.4940013316425913
1774368230.4525013,base,452405676,1774368230,-0.1632588065592128,0.9245312284958728,0.33960127133470563,-0.057092434915893234,-0.20191706111365365,0.37051449996350283,0.49402425829962704
1774368230.453443,base,453338499,1774368230,-0.16329264387351952,0.9245247267310142,0.33960065910690074,-0.05710459223125749,-0.201910753851218,0.3705047980694185,0.49405547913612646
1774368230.454488,base,454397669,1774368230,-0.1633141978904942,0.9245216326304089,0.33959708597058247,-0.05711429563670301,-0.20190408836512472,0.3704970016385647,0.4940746498337297
1774368230.4554377,base,455338584,1774368230,-0.1633420028096014,0.9245160794506179,0.339597358607271,-0.0571230512347822,-0.20189733194036522,0.37048933681243135,0.49410027957249464
1774368230.4564795,base,456376373,1774368230,-0.16335121678542613,0.9245144245460357,0.33959690845931256,-0.05712616340968777,-0.2018950916375744,0.3704867739369589,0.4941088233092161
1774368230.4574351,base,457338886,1774368230,-0.16337340070873235,0.9245117927938686,0.3395914634903421,-0.057137683278364035,-0.20188868407828547,0.3704804880427462,0.4941309189408141
1774368230.4584582,base,458368615,1774368230,-0.1634017890535365,0.9245059636720471,0.33959207455696055,-0.057147190368582415,-0.20188141876140386,0.3704725151867519,0.49415533242592674
1774368230.4594448,base,459344975,1774368230,-0.16342097635003688,0.9245027115168757,0.33959043271025235,-0.057154692706799126,-0.20187454589841528,0.37046526054786,0.4941749170179692
1774368230.4605122,base,460375925,1774368230,-0.16344492660796522,0.924498419321558,0.3395889695400555,-0.05716432807950267,-0.2018708134655228,0.3704570050840437,0.4941953840788599
1774368230.461342,base,461251177,1774368230,-0.16345349627964187,0.9244968818376141,0.3395884328165726,-0.057167878425509154,-0.20186907564214746,0.370454588821904,0.4942030075440698
1774368230.4624786,base,462314136,1774368230,-0.16347773708705068,0.9244923673108051,0.3395877985184786,-0.05717533872513452,-0.201864435146225,0.3704498078776374,0.49422585913434963
1774368230.4634545,base,463351278,1774368230,-0.16350068026681042,0.9244894631759678,0.33958322374248745,-0.057183862947170025,-0.2018559859803593,0.37044387765949593,0.4942470483599002
1774368230.4645166,base,464376401,1774368230,-0.16352297563284507,0.924485374973125,0.3395823272220076,-0.05719152856381587,-0.2018514092090011,0.3704378352276696,0.4942683697169268
1774368230.4654148,base,465321073,1774368230,-0.16354640575016222,0.9244809460576163,0.3395817644091836,-0.05719946523669449,-0.201845162970867,0.3704313406125374,0.4942891714911372
1774368230.4665544,base,466375046,1774368230,-0.16355378159183728,0.9244796185555479,0.3395813675351266,-0.057202187242896926,-0.201843465033224,0.3704292426290049,0.49429590963182685
1774368230.4674702,base,467343269,1774368230,-0.1635701487113006,0.9244769180460335,0.3395795725564462,-0.05720968758044269,-0.20184184019412854,0.3704250763106189,0.494312884061476
1774368230.4685376,base,468377982,1774368230,-0.16359497811668514,0.9244734787562942,0.33957532513320227,-0.05721947895530868,-0.20183270819757348,0.3704186674424522,0.4943340993967496
1774368230.469432,base,469341080,1774368230,-0.16361065779102865,0.9244700084296855,0.33957645507391,-0.05722401008877977,-0.20182996141743903,0.3704136698462305,0.4943491714630714
1774368230.4705327,base,470374368,1774368230,-0.16363134823661926,0.9244659749746151,0.33957646534529784,-0.057229949957117915,-0.20182745466367993,0.37040703630743316,0.494366429060745
1774368230.4714322,base,471346339,1774368230,-0.1636386214094548,0.9244647108920319,0.33957599171044417,-0.05723238377346783,-0.2018259483525108,0.3704054192533611,0.49437272825968703
1774368230.4725037,base,472362478,1774368230,-0.16365986198759527,0.9244615719495575,0.339572945237106,-0.05724042649868899,-0.20182007794801415,0.3704031061725045,0.4943916915876157
1774368230.4733691,base,473288549,1774368230,-0.16367781035648016,0.9244586383622679,0.33957109768001087,-0.0572474451367223,-0.20181440569726797,0.37039698770643237,0.49440808071110437
1774368230.4744916,base,474363707,1774368230,-0.1636976703231502,0.9244552647680896,0.33956967665103344,-0.05725356646050346,-0.2018112818885012,0.3703943190383827,0.49442571820034226
1774368230.4754372,base,475346838,1774368230,-0.16371273529749955,0.9244518735113598,0.3395706127439447,-0.057259696326906424,-0.20180728532240655,0.3703874604524228,0.4944390828575552
1774368230.4765153,base,476408917,1774368230,-0.1637185336679538,0.9244508545334985,0.33957022176153195,-0.0572618876629433,-0.20180585516529945,0.3703857730844626,0.4944445362795286
1774368230.4773962,base,477310305,1774368230,-0.1637368541711011,0.9244473867514517,0.3395697752267964,-0.05726813657686533,-0.20180590632420348,0.37038177816477624,0.4944613455211103
1774368230.4785123,base,478407224,1774368230,-0.16375241327728526,0.9244444711174136,0.33956913645642195,-0.05727450159146405,-0.20180188552555264,0.3703752899026281,0.4944752238751296
1774368230.479427,base,479340182,1774368230,-0.1637692514526535,0.9244421074414689,0.3395661542890548,-0.057282188585590234,-0.2017966944626076,0.3703728877263268,0.49448987228680186
1774368230.480456,base,480348829,1774368230,-0.16378137116772698,0.9244383550778331,0.3395698675225724,-0.05728608199302793,-0.20179620542836865,0.3703665524625107,0.49450143045905715
1774368230.481454,base,481371998,1774368230,-0.1637865921838932,0.9244373575973605,0.33956973324037687,-0.057288047324518546,-0.20179524357306866,0.3703649438418375,0.4945064052321777
1774368230.482461,base,482345140,1774368230,-0.16380200640228898,0.9244347775269286,0.33956845450711154,-0.057293188957974465,-0.20179319162765763,0.3703620358651917,0.494518315511317
1774368230.4834201,base,483343909,1774368230,-0.1638217686362468,0.924431422022516,0.33956696009616194,-0.05729968332698255,-0.20178764318511078,0.37035849035600826,0.4945361804406917
1774368230.4845476,base,484444858,1774368230,-0.16383313484094503,0.9244289549767677,0.3395672692625415,-0.057305154866996874,-0.2017876020869376,0.3703537394148946,0.4945477507318623
1774368230.4853435,base,485279781,1774368230,-0.16384176241590884,0.9244293707147643,0.33956135674583376,-0.05730881654058568,-0.2017832305088382,0.3703522059470844,0.4945548577155621
1774368230.4865675,base,486432605,1774368230,-0.1638459000012504,0.9244288240773881,0.3395605779260447,-0.05731041952566883,-0.20178234752922175,0.37035117295647463,0.4945583472508001
1774368230.4874434,base,487339780,1774368230,-0.16386088445613348,0.9244237373505252,0.33956676503660194,-0.05731296930641577,-0.20178134313449583,0.3703465544929642,0.49457153931087217
1774368230.4886792,base,488435553,1774368230,-0.16386834359810068,0.9244221221953388,0.33956676009426445,-0.057317723274438015,-0.20178021394284162,0.37034143671699665,0.4945794488427021
1774368230.489356,base,489283534,1774368230,-0.16387877634371653,0.9244197421368342,0.3395676005604186,-0.057321301986217425,-0.20177808004169026,0.3703367720289502,0.4945879561538884
1774368230.4905388,base,490416987,1774368230,-0.16388934198461316,0.9244160968433895,0.3395719299492607,-0.057324234589028446,-0.2017782916050219,0.37033369772387403,0.4945979052525272
1774368230.4913976,base,491320190,1774368230,-0.16389265284520524,0.9244154611818796,0.33957179330281867,-0.057325828946137324,-0.2017778084590531,0.37033270852821476,0.4946008690646351
1774368230.4925237,base,492391737,1774368230,-0.16389923953406213,0.9244148646406481,0.3395696594085195,-0.057329257109701326,-0.20177659717312915,0.37032997444157156,0.494607684261511
1774368230.493336,base,493268099,1774368230,-0.1639103070963304,0.9244135378989784,0.33956740289066956,-0.05733237367113345,-0.20177118081745146,0.37032812645796265,0.4946169591786896
1774368230.4945066,base,494297526,1774368230,-0.16391479298037354,0.9244123697349192,0.3395680940181776,-0.0573342903342703,-0.20177152555104297,0.37032492162901165,0.49462148737913375
1774368230.4955192,base,495298580,1774368230,-0.16392606682097072,0.9244100046323521,0.33956835721743595,-0.057338632080589765,-0.2017717296486733,0.37032069052573674,0.4946321718222574
1774368230.496592,base,496292102,1774368230,-0.16392927177338923,0.9244095339453687,0.3395679492767273,-0.05733947358278051,-0.20177102028564214,0.3703198426345686,0.4946349910485047
1774368230.4973967,base,497273570,1774368230,-0.1639353796963127,0.9244078463165305,0.33956941930363505,-0.05734051295595076,-0.20176804761033182,0.3703183607979454,0.4946401700131497
1774368230.4985821,base,498362052,1774368230,-0.16394246096420156,0.9244059612408205,0.3395706987691657,-0.05734308025260291,-0.20176744009300582,0.3703161406008481,0.49464630652014274
1774368230.4994338,base,499286793,1774368230,-0.16394583166821092,0.9244054052332608,0.33957017671167933,-0.05734549801116423,-0.20176782721183506,0.3703142612274393,0.49464981615840375
1774368230.500549,base,500346683,1774368230,-0.1639519078202042,0.9244036700792009,0.33957184368884996,-0.05734622603078801,-0.20176516560643742,0.37031098304078924,0.49465393906110355
1774368230.5014396,base,501310674,1774368230,-0.16395401615934146,0.92440329834523,0.33957175407261225,-0.057346721176813914,-0.2017643790605099,0.37031037865368294,0.49465568444727215
1774368230.5024083,base,502299797,1774368230,-0.1639607333129422,0.9244022616898369,0.33957111312085125,-0.05734802218091364,-0.20176433255555756,0.3703097646740015,0.4946620925214334
1774368230.503378,base,503281748,1774368230,-0.16396165439859142,0.9244015195612126,0.33957225429141585,-0.057350594026949205,-0.20176493739516363,0.3703072511455571,0.49466317816018096
1774368230.5045924,base,504373512,1774368230,-0.16396585093814442,0.9244011026168927,0.33957084816890054,-0.057353642261470814,-0.20176328535991078,0.3703059226026709,0.4946676259881887
1774368230.505405,base,505273603,1774368230,-0.16397356676552852,0.9244003323020539,0.33956933451036175,-0.05735296071026508,-0.20176229238602453,0.37030577564819517,0.4946736712089558
1774368230.5064473,base,506272216,1774368230,-0.1639750778838981,0.9243999372421886,0.33956968810880045,-0.05735291428776264,-0.2017621437464501,0.3703053124276236,0.4946749221082264
1774368230.507401,base,507252144,1774368230,-0.16397285959512914,0.9243993226816597,0.33957236419314935,-0.05735331741198698,-0.20176199616506213,0.3703040765993149,0.4946725122595952
1774368230.5085497,base,508347669,1774368230,-0.1639752383600094,0.9243991885182097,0.3395714963088629,-0.057353817363915344,-0.20175980498245036,0.37030418422050987,0.49467439060194285
1774368230.50935,base,509255222,1774368230,-0.1639756666056885,0.9243998033281392,0.33956919091514615,-0.057356333123298575,-0.20176051595238967,0.3703035764115973,0.4946750051102784
1774368230.5105507,base,510309700,1774368230,-0.16398206860697898,0.9243984111487956,0.33956994650945854,-0.05735599418126923,-0.20175941630744795,0.3703043337592957,0.49468034177892484
1774368230.5113997,base,511309947,1774368230,-0.16398262821212709,0.9243982716406437,0.3395700769102205,-0.05735587066396029,-0.20175926815300868,0.37030421706731564,0.49468077592913196
1774368230.512601,base,512381804,1774368230,-0.1639826085133835,0.9243986158985374,0.3395690724581611,-0.05735632536973401,-0.20176002552232178,0.3703037622824545,0.49468087759503304
1774368230.5134003,base,513247067,1774368230,-0.16398354506493068,0.9243973455293714,0.339572109930658,-0.057356139021302,-0.2017602418179044,0.37030228853151387,0.49468103638714905
1774368230.5144777,base,514272991,1774368230,-0.16398240249253718,0.9243977655442477,0.3395713588963675,-0.05735708279586692,-0.20176184248598883,0.370303241691182,0.4946804288740144
1774368230.5154943,base,515351937,1774368230,-0.16398486237021273,0.9243983116153147,0.3395686049417475,-0.05735755341795315,-0.201761860578587,0.37030298912048354,0.4946828737812401
1774368230.516581,base,516364019,1774368230,-0.16398461705264372,0.9243986727416683,0.33956766551100226,-0.057357996329612915,-0.20176173741181178,0.3703031023555083,0.4946827602125561
1774368230.5174701,base,517337069,1774368230,-0.16398406076697847,0.9243981790480271,0.33956932350037666,-0.05735772767953881,-0.20176165778308447,0.3703028746358661,0.4946817875730186
1774368230.5185554,base,518344727,1774368230,-0.16398362587948476,0.9243969593066597,0.33957294785438685,-0.057357171770414925,-0.20176245968533277,0.3703026683361212,0.49468127008165985
1774368230.5194812,base,519340148,1774368230,-0.16398345803126868,0.9243978139661463,0.3395708415947761,-0.057356347210510986,-0.2017614050871674,0.37030390332075447,0.49468136803691426
1774368230.5205681,base,520361507,1774368230,-0.1639817037138803,0.9243973005794697,0.3395734262125323,-0.05735433496052953,-0.2017635442226257,0.3703034797582188,0.4946796656315119
1774368230.5214553,base,521322241,1774368230,-0.1639813291383814,0.9243972349466819,0.3395738423125067,-0.057354000157439126,-0.20176393568046788,0.3703034213090869,0.4946793118307519
1774368230.5225556,base,522332001,1774368230,-0.16397841422982007,0.9243979102593046,0.3395732843349764,-0.057354753428648826,-0.20176616189669608,0.37030191083929864,0.49467651309863025
1774368230.5234497,base,523314226,1774368230,-0.16397462904158663,0.9243971049185504,0.33957790862614884,-0.057351176291052165,-0.20176848165762293,0.37030279340951766,0.49467287601162946
1774368230.524537,base,524327580,1774368230,-0.1639743035817909,0.9243989787670017,0.33957264201261167,-0.05735308724005699,-0.20176479374737974,0.3703046025544689,0.4946724266109582
1774368230.5253906,base,525297413,1774368230,-0.16397146930607118,0.9243979989653939,0.3395770717029735,-0.05735075532211773,-0.20176801163914695,0.3703026660803943,0.49466946674901696
1774368230.526576,base,526367210,1774368230,-0.16397117964416022,0.9243979084590778,0.339577489607735,-0.05735056786374051,-0.20176819797161,0.370302454728676,0.4946691370961966
1774368230.5274293,base,527291920,1774368230,-0.16397065791444004,0.9243985607157554,0.3395757091246767,-0.05735208856021259,-0.2017693338464558,0.3703047248717555,0.4946703516778457
1774368230.528533,base,528319047,1774368230,-0.16396359910949182,0.924398871688104,0.3395783539228553,-0.057351597500559424,-0.20177017692626667,0.3703034625167863,0.49466372806157377
1774368230.5294611,base,529325619,1774368230,-0.16395797376191104,0.9243998281429852,0.3395788714174886,-0.057349199261478266,-0.201771441368194,0.3703026250370886,0.4946576587013971
1774368230.5305407,base,530336689,1774368230,-0.16395866577998455,0.9243993799329863,0.3395796271057045,-0.05734997079256863,-0.20177161271136157,0.3703033435027264,0.4946594784274198
1774368230.5314445,base,531304543,1774368230,-0.1639577281950248,0.9243994163740422,0.33958001238894836,-0.057349782548656913,-0.2017719300094677,0.37030322538889254,0.4946588662858861
1774368230.5324304,base,532331027,1774368230,-0.1639496171926162,0.9244011768126656,0.33957964248735495,-0.05734678489604902,-0.20177259245485113,0.3703025531377891,0.4946507629836015
1774368230.5334196,base,533349996,1774368230,-0.16394380870271968,0.9244007827098073,0.33958408704650295,-0.05734342454314024,-0.20177324533312857,0.3703033981425334,0.49464463313634727
1774368230.5344543,base,534330327,1774368230,-0.1639397493857729,0.9244022730719057,0.33958198888014784,-0.05734342978081248,-0.2017743424079136,0.37030271438430234,0.4946415727663665
1774368230.535429,base,535341039,1774368230,-0.16393834347209327,0.924402146008856,0.33958326514951764,-0.05734193948795435,-0.20177527220350297,0.3703025910406585,0.4946385841097765
1774368230.5365388,base,536406801,1774368230,-0.16393746556809813,0.9244022790832712,0.33958337859530285,-0.057341632262796496,-0.20177535980339514,0.37030261169508627,0.49463772337083345
1774368230.5373356,base,537258246,1774368230,-0.16393223788721242,0.9244034307904171,0.33958301535362034,-0.057340162255961016,-0.20177530563606272,0.3703040169163222,0.49463436487396817
1774368230.5383782,base,538268338,1774368230,-0.16392183971727536,0.9244039412793701,0.3395869402928366,-0.05733841463992661,-0.20177595360078235,0.3703028551795891,0.4946245650078382
1774368230.5394163,base,539341065,1774368230,-0.16391696200610814,0.9244060153902678,0.3395838036719797,-0.05733749698623453,-0.20177607544090984,0.3703038654382284,0.49462047037697365
1774368230.5404427,base,540336581,1774368230,-0.16391103943448884,0.9244054282278329,0.3395884024185861,-0.05733665805760439,-0.20177835645193382,0.3703014010244102,0.4946154093343663
1774368230.5414026,base,541325289,1774368230,-0.16390942837368963,0.9244056182610619,0.3395886618937762,-0.05733666305941407,-0.2017785058510425,0.37030125448425855,0.4946138895287167
1774368230.5424185,base,542321536,1774368230,-0.16390771103660665,0.9244069074997062,0.33958601282121653,-0.05733647639817466,-0.20177879689970452,0.3703016057968135,0.49461396506643956
1774368230.543374,base,543292510,1774368230,-0.1638991001891036,0.9244087477680255,0.3395857663616706,-0.05733288141817139,-0.20177547055582226,0.37030246762482755,0.4946045336640734
1774368230.5443652,base,544276135,1774368230,-0.16389100325070025,0.9244095868750992,0.33958777437313176,-0.0573306047690961,-0.20177767541813432,0.3703013778947513,0.4945967558028323
1774368230.5453472,base,545272568,1774368230,-0.1638892326944516,0.92440940945878,0.33958916067382966,-0.05733031539889951,-0.20177940419990187,0.37029925678313486,0.49459398856360154
1774368230.5464218,base,546318394,1774368230,-0.16388729890890077,0.9244097839078779,0.3395890782557453,-0.05733029392170011,-0.2017794699271931,0.3702990826248654,0.4945921576861404
1774368230.547396,base,547292010,1774368230,-0.16388368413375293,0.9244100351193455,0.3395903724005467,-0.05732891084136066,-0.20177927241376936,0.3703001697430911,0.4945886985459278
1774368230.5484078,base,548325779,1774368230,-0.16387629337318513,0.9244114684057625,0.3395904199984764,-0.057326644724998335,-0.20177718409958473,0.370300139671219,0.4945802826204499
1774368230.5493853,base,549309386,1774368230,-0.16386873234152616,0.9244135687679186,0.3395884191761715,-0.057326241809233174,-0.20177820451127573,0.3703002273090808,0.4945742617314202
1774368230.5504568,base,550370598,1774368230,-0.16386548444274857,0.9244129841965075,0.3395919190616325,-0.05732421970937389,-0.2017806215678705,0.37029832710821003,0.494570800531795
1774368230.5514252,base,551338214,1774368230,-0.16386331942617488,0.9244134102799979,0.33959188027728376,-0.05732376724255344,-0.20178050889174978,0.37029813267410294,0.4945686117996394
1774368230.5525427,base,552366568,1774368230,-0.16385630583718827,0.9244151319388082,0.3395905878120719,-0.05732370844072315,-0.20177905753212788,0.37029765762813954,0.49456131560794914
1774368230.553452,base,553345935,1774368230,-0.16385243871032787,0.9244155450115668,0.33959184944695636,-0.0573206268182933,-0.20177913474313713,0.3702966871325964,0.494556267660549
1774368230.5544934,base,554367470,1774368230,-0.16384567764490088,0.9244170822045598,0.33959093065072965,-0.057320605939423355,-0.20177957514337247,0.37029705535152985,0.49454978362149243
1774368230.5554252,base,555338365,1774368230,-0.16384025430845223,0.9244170129806205,0.3395938773472844,-0.05731976664612803,-0.20178111515600766,0.370295672726539,0.49454416266728535
1774368230.5563967,base,556265759,1774368230,-0.16383798793320856,0.9244174892131565,0.33959372755127426,-0.057319451800173574,-0.20178087338931677,0.370295520186432,0.49454188594643317
1774368230.5573847,base,557273259,1774368230,-0.16383301977427525,0.9244201625635539,0.3395893190412097,-0.05731665613713092,-0.20177775659343994,0.37029638009508153,0.4945366318403733
1774368230.5583818,base,558257434,1774368230,-0.1638215861803644,0.9244212427429351,0.3395924212414996,-0.057313535070633144,-0.20177796854105012,0.370294674077442,0.4945245475276729
1774368230.5594149,base,559341461,1774368230,-0.1638158329746028,0.9244218377203727,0.3395937418332352,-0.057312558137182834,-0.2017781274001832,0.37029394801100207,0.4945193907103047
1774368230.5604959,base,560394475,1774368230,-0.1638114347518127,0.9244216377645962,0.33959621013874536,-0.05731372904091463,-0.2017784569635976,0.3702918692955471,0.49451491692541594
1774368230.5613945,base,561333528,1774368230,-0.1638092151044704,0.9244218458119592,0.33959676737245514,-0.057313415730055974,-0.20177878228374208,0.3702913761981981,0.4945127002362217
1774368230.5624406,base,562341693,1774368230,-0.16379728145940814,0.9244242725652256,0.3395963941715156,-0.05731059190468601,-0.201779146419696,0.3702898933253475,0.4945018840557257
1774368230.5634153,base,563338246,1774368230,-0.16379632451688114,0.9244251130197038,0.3395948081514937,-0.0573091682876201,-0.20177798497209673,0.3702897547909001,0.49449967108806
1774368230.564521,base,564392354,1774368230,-0.1637853796945895,0.9244265171508785,0.3395965449603482,-0.057307507689568375,-0.20177796822969082,0.3702884840540123,0.49448962354588183
1774368230.5653782,base,565276623,1774368230,-0.16378136086181294,0.9244270368115891,0.339597325244421,-0.05730598688472599,-0.2017762272723263,0.37028821072893203,0.4944842265667103
1774368230.5664887,base,566373951,1774368230,-0.16377924478023304,0.924427330507223,0.33959756821363263,-0.057305857064467294,-0.20177646449709655,0.37028765621381815,0.49448182847049815
1774368230.567404,base,567309238,1774368230,-0.163768748672687,0.9244294124976189,0.3395976577370432,-0.05730173755658255,-0.20177635053445073,0.3702862650552146,0.4944724568870831
1774368230.5683687,base,568289011,1774368230,-0.1637626752491837,0.9244299790511841,0.33959917278327156,-0.057300976183441925,-0.20177688828363585,0.37028437969296396,0.49446684692666015
1774368230.569393,base,569310716,1774368230,-0.1637539631841672,0.924431178920063,0.33960049531602216,-0.057298678545436646,-0.20177681018800891,0.370282353211913,0.494457804269613
1774368230.5704288,base,570332030,1774368230,-0.1637462621552692,0.9244318062468138,0.3396023722571547,-0.057299441417384786,-0.20177735597335517,0.37028015430986544,0.4944502520253505
1774368230.5713937,base,571308834,1774368230,-0.16374378435027312,0.924432222074618,0.3396024409606208,-0.05729940637060404,-0.20177732792137368,0.3702795227727145,0.4944477664817761
1774368230.5724037,base,572334246,1774368230,-0.1637350551543762,0.9244351955540028,0.33959886741973466,-0.057297558253904673,-0.2017762137368161,0.3702792075919254,0.49443898663946906
1774368230.5733488,base,573273389,1774368230,-0.163729883496586,0.9244345673975636,0.3396036809925993,-0.0572939412761126,-0.20177754586380045,0.3702772936842747,0.49443284350870514
1774368230.5744016,base,574331105,1774368230,-0.16372001913534734,0.9244359429393313,0.33960492655817814,-0.05729255268885613,-0.20177767585255163,0.37027640923702787,0.49442455631316895
1774368230.575385,base,575308825,1774368230,-0.1637086111964714,0.9244382389689867,0.33960455311331966,-0.05729031730356989,-0.2017759834331195,0.37027456099953987,0.49441359962473597
1774368230.5764048,base,576330548,1774368230,-0.16370590965407872,0.9244386792280459,0.3396046843063434,-0.05729015525049313,-0.20177599216223907,0.3702740032850135,0.4944110244418832
1774368230.5773158,base,577237153,1774368230,-0.16370120129496993,0.9244394816921438,0.33960476496062614,-0.05729018239962305,-0.2017742621947357,0.3702727756064534,0.4944047769338272
1774368230.5783994,base,578331583,1774368230,-0.16369562194277307,0.9244407993133037,0.3396039978330477,-0.057289410693077844,-0.20177488175241484,0.37027151086304905,0.4943994161140914
1774368230.579387,base,579315043,1774368230,-0.16368549674007557,0.9244414765897027,0.33960772321821064,-0.057285328384745406,-0.2017741357232419,0.3702692811922411,0.49438846287259386
1774368230.5803971,base,580329458,1774368230,-0.16367293725493098,0.9244430199191112,0.3396097015159541,-0.05728458055552001,-0.20177593729547277,0.37026527113457647,0.4943777200056659
1774368230.5813992,base,581333016,1774368230,-0.16366959299122985,0.924443638776719,0.3396096997948622,-0.05728415889744546,-0.2017761094862529,0.3702644255270487,0.4943748430058128
1774368230.582333,base,582259542,1774368230,-0.16366000154509877,0.9244462910982677,0.3396075463638964,-0.057281526006288115,-0.20177367764526993,0.37026527438423273,0.4943658247858038
1774368230.5833387,base,583248114,1774368230,-0.16365511167663274,0.9244464167671225,0.3396099386415267,-0.057279285299619,-0.20177365881667722,0.3702631913863124,0.494359043975671
1774368230.5843241,base,584255833,1774368230,-0.16364212313769289,0.9244478564924197,0.339612858792638,-0.05727584398549319,-0.2017741979413685,0.3702602381032134,0.4943465916077441
1774368230.5853133,base,585244091,1774368230,-0.16363290354326435,0.9244497482410401,0.33961234509421384,-0.057274696984681205,-0.20177500577741656,0.37025790574288103,0.4943387930597562
1774368230.5864048,base,586328320,1774368230,-0.16362947434638486,0.9244502753028178,0.3396126220852441,-0.057274344501316576,-0.2017750407229052,0.3702571478818205,0.49433580681627376
1774368230.5874574,base,587343934,1774368230,-0.16362024589993607,0.9244517253266632,0.33961326644866596,-0.057273483605134574,-0.20177309943297153,0.37025674161165995,0.4943262968238522
1774368230.5885115,base,588410853,1774368230,-0.1636129354532468,0.9244527029069634,0.33961453098729044,-0.057271090287020966,-0.2017742388739121,0.37025423233496035,0.4943192457024403
1774368230.58949,base,589370822,1774368230,-0.16359939324732703,0.9244547377239526,0.33961619261434745,-0.05726707730431838,-0.20177420253867273,0.37025217526229587,0.4943063815378304
1774368230.5904446,base,590355617,1774368230,-0.16358984359151985,0.9244561615154132,0.3396169578472519,-0.05726683553740476,-0.20177245804762023,0.37025072051870356,0.4942978726789765
1774368230.5913832,base,591312998,1774368230,-0.1635860168526764,0.9244566527618713,0.33961755890709927,-0.05726627224270685,-0.20177237184349833,0.3702498898081794,0.4942944634281088
1774368230.5924175,base,592333172,1774368230,-0.1635738402886142,0.9244584620297346,0.3396192565296108,-0.05726177912994865,-0.20177251165211466,0.37024825059335453,0.49428134058045453
1774368230.593349,base,593236713,1774368230,-0.16356422376233068,0.9244602048056444,0.3396194451769672,-0.057259993830083115,-0.20177192118178844,0.37024626738248917,0.4942723592236865
1774368230.5943708,base,594280746,1774368230,-0.16355727863720965,0.924461016542543,0.3396211548028978,-0.05725658659284854,-0.2017721167826931,0.37024524476964765,0.4942647900901527
1774368230.595401,base,595303840,1774368230,-0.1635431021048427,0.9244624789027768,0.3396243239266021,-0.057254671881485406,-0.20177400053437206,0.37024075688799474,0.4942522626056267
1774368230.5964115,base,596317309,1774368230,-0.16353847665752594,0.9244632026927838,0.33962468242543536,-0.05725407065841712,-0.2017740332573033,0.3702398605091055,0.49424842539330394
1774368230.5973825,base,597286142,1774368230,-0.16353279424084338,0.9244643402810407,0.33962462246872654,-0.057252288770816256,-0.20177142218887842,0.37023987101781214,0.4942436415991318
1774368230.598422,base,598361837,1774368230,-0.1635199670581994,0.9244675818972233,0.33962229810008737,-0.057250371418894795,-0.20177000672613654,0.37023857730577286,0.4942304260095821
1774368230.599449,base,599310838,1774368230,-0.16350932192855303,0.9244691189689886,0.3396240054238598,-0.05724582652928377,-0.20177027939997375,0.37023594833940776,0.49421956910749204
1774368230.6004887,base,600359144,1774368230,-0.16349686090316382,0.9244707210602067,0.33962571604945585,-0.057245396104206016,-0.2017712577169302,0.3702338817296437,0.4942080200914678
1774368230.601459,base,601288842,1774368230,-0.1634927263469248,0.9244716802516322,0.33962513683384243,-0.057245150667697066,-0.20177093600500093,0.37023317657183874,0.49420426147328517
1774368230.6025324,base,602370630,1774368230,-0.1634837634872352,0.9244716552400953,0.33963020490213064,-0.0572410836010724,-0.20177269921526408,0.37022971354963746,0.49419550647315835
1774368230.6034062,base,603302045,1774368230,-0.1634679488437585,0.9244732837199018,0.3396341969153038,-0.05723626188573955,-0.20177233178604848,0.3702274777963408,0.49418032991318783
1774368230.6044538,base,604385664,1774368230,-0.16345890931839505,0.924474129792426,0.3396366083157079,-0.057234103476683514,-0.20177418293666094,0.3702239589748872,0.4941717325539508
1774368230.605535,base,605346620,1774368230,-0.16344930227216034,0.9244766231904298,0.3396346796769087,-0.05723271024447032,-0.2017717925001065,0.3702235416176312,0.49416231754676354
1774368230.6064065,base,606309944,1774368230,-0.1634462701988744,0.9244770949033315,0.33963494185876314,-0.057232193962557076,-0.2017717548294073,0.37022299104666434,0.4941592734591553
1774368230.6074333,base,607293831,1774368230,-0.16343541167487652,0.9244780255069437,0.33963795591410423,-0.05723028453481001,-0.20177254439695846,0.37022032428733676,0.49414877957563225
1774368230.608493,base,608363944,1774368230,-0.16342367307071803,0.924480600691565,0.3396370501769717,-0.0572275822669752,-0.20177148322752966,0.3702180966590418,0.4941382278485946
1774368230.6094432,base,609297562,1774368230,-0.1634105914160908,0.9244817761114602,0.33964072099408704,-0.05722416354530858,-0.20177108659748808,0.37021509257152074,0.49412572346617223
1774368230.610618,base,610352692,1774368230,-0.16339920281243445,0.9244826340391276,0.33964416302908834,-0.0572223942229584,-0.2017728216895331,0.37021231093909657,0.4941157075549796
1774368230.611469,base,611297152,1774368230,-0.1633947157370628,0.9244834485778374,0.33964425913723606,-0.057221476824280686,-0.2017726648432127,0.3702115339188702,0.4941116678307024
1774368230.612522,base,612363483,1774368230,-0.16338278449456664,0.9244866906024188,0.33964175883750075,-0.05721800663740802,-0.2017705914608571,0.3702105304800412,0.4940994104257354
1774368230.6134381,base,613325036,1774368230,-0.16336517447838383,0.9244876094001234,0.33964838077531884,-0.05721413522894573,-0.20177371957070567,0.3702050596650586,0.49408222548425185
1774368230.6145303,base,614370298,1774368230,-0.16335697736426444,0.9244886473528644,0.33964961476849337,-0.05721344291070438,-0.20177385374334192,0.3702037070072736,0.4940747169594619
1774368230.6153977,base,615294641,1774368230,-0.16334891935829535,0.9244903128335956,0.33964935548389846,-0.05721107708031914,-0.2017730433303942,0.37020209489615574,0.49406774623190736
1774368230.6165538,base,616311540,1774368230,-0.16334483693525603,0.924490891360934,0.3396499271013634,-0.05720999088707231,-0.20177310206246285,0.37020127464992764,0.49406394776510415
1774368230.6175146,base,617295039,1774368230,-0.1633277606654561,0.9244930156278733,0.33965296013742413,-0.057206409790980406,-0.20177214637194676,0.370196999400433,0.49404810460841125
1774368230.6185534,base,618317258,1774368230,-0.16331342190971207,0.9244963932752311,0.339651001139277,-0.05720439205442375,-0.20177188935056356,0.37019566831116724,0.4940358861188074
1774368230.6193867,base,619299506,1774368230,-0.1632999404521915,0.9244982868598324,0.3396526655661052,-0.05720239344105393,-0.20177151426503034,0.37019223769474313,0.49402389139498815
1774368230.620578,base,620357194,1774368230,-0.16328648631916137,0.9244984149862613,0.33965962942705297,-0.057197379405965934,-0.2017748854984192,0.37018976519602104,0.4940114131216273
1774368230.621612,base,621321717,1774368230,-0.16328172420198797,0.9244989290547958,0.3396607823171379,-0.057195818674719935,-0.2017747939127998,0.3701888920198993,0.4940069648659443
1774368230.6224577,base,622314637,1774368230,-0.16326843230122068,0.9245021812096695,0.3396586332893609,-0.05719395758704252,-0.2017729210527281,0.37018581315862653,0.49399412772057244
1774368230.623476,base,623337245,1774368230,-0.1632538366196932,0.9245050686879359,0.33965829896130684,-0.05719093237548171,-0.2017721193511607,0.3701855612136224,0.49398156314186564
1774368230.6245213,base,624324899,1774368230,-0.16324222097223817,0.9245067240546653,0.3396598641585078,-0.0571880332725808,-0.20176980637200248,0.3701832972595358,0.49397086234478615
1774368230.625618,base,625361096,1774368230,-0.16322773022728732,0.9245073779671035,0.33966528647497213,-0.057186618479450724,-0.20177440490017037,0.3701776321020697,0.4939584812624842
1774368230.6266172,base,626308668,1774368230,-0.16322208850023415,0.9245082135907479,0.33966588604436926,-0.05718565105478239,-0.20177428389685764,0.37017660575236466,0.4939535982505343
1774368230.6274183,base,627329500,1774368230,-0.16321225776059337,0.9245097132115797,0.3396671358224948,-0.05718204207856917,-0.201774158688495,0.3701757249026059,0.4939425514024283
1774368230.6285598,base,628309209,1774368230,-0.1631952492808452,0.9245127825480748,0.3396676767414566,-0.057177748245626624,-0.20177293845047206,0.37017484514186544,0.4939280059597976
1774368230.6295302,base,629289655,1774368230,-0.16318428656072081,0.924512792399645,0.33967343810187445,-0.057174651351201505,-0.20177572045596703,0.37017013139958005,0.49391908077821395
1774368230.6305146,base,630315132,1774368230,-0.16316583673315416,0.9245154457431016,0.3396755488709174,-0.05717186200260504,-0.20177458278118238,0.3701681826821479,0.4939035259510851
1774368230.6313958,base,631306420,1774368230,-0.16315999448775234,0.9245163421886883,0.33967607362788343,-0.05717092118857015,-0.20177462973628543,0.37016717201103716,0.49389863704341863
1774368230.6325054,base,632307549,1774368230,-0.16314583026809573,0.9245191604105466,0.339676156168654,-0.057165278188774045,-0.20177375121646524,0.37016510401232916,0.4938853900492838
1774368230.6334677,base,633274187,1774368230,-0.1631281547610595,0.9245229896599942,0.33967474042686663,-0.057162202812161514,-0.20177367828415305,0.37016410996341265,0.49387062965119616
1774368230.6345966,base,634363742,1774368230,-0.16311558463747122,0.9245250645267568,0.33967537922833124,-0.057160719521900515,-0.2017724890510505,0.3701619902830966,0.4938586848109459
1774368230.6354213,base,635334394,1774368230,-0.1631036163288154,0.9245279783116482,0.33967393423085396,-0.05715633003939694,-0.20177186312069428,0.37016206610971336,0.4938483507252626
1774368230.6365974,base,636397298,1774368230,-0.16309878801702754,0.9245286908660412,0.3396745825689322,-0.05715472919647638,-0.2017720263547995,0.3701615769330268,0.49384391236680375
1774368230.6375313,base,637308140,1774368230,-0.16308105528415054,0.9245298594502879,0.33968048482577406,-0.057151348372245524,-0.20177337212972027,0.37015812830022277,0.4938285041972549
1774368230.6386533,base,638369882,1774368230,-0.1630627217885167,0.9245331849391273,0.3396810213484267,-0.05714667483698441,-0.2017726778197066,0.3701555127157538,0.4938125747685882
1774368230.6394641,base,639311852,1774368230,-0.1630468458988708,0.9245362051233962,0.33968077206707803,-0.05714459332581834,-0.20177211978276444,0.37015430262377924,0.49379992193795613
1774368230.6406434,base,640364413,1774368230,-0.1630291177382954,0.9245389201248397,0.33968255574204936,-0.05714064462725164,-0.20177067786519362,0.3701525149521491,0.4937842429758294
1774368230.6415715,base,641329998,1774368230,-0.16302395636092104,0.9245398456345393,0.33968271272468387,-0.05713946239241926,-0.20177047552134336,0.3701520072052279,0.4937797448917268
1774368230.642583,base,642363755,1774368230,-0.16301126627990858,0.924542387944085,0.33968281432181574,-0.05713392700384424,-0.2017707731178238,0.3701512146771163,0.49376809132952737
1774368230.6434803,base,643316572,1774368230,-0.16299234012096192,0.9245458587010044,0.3396831043386109,-0.05713003454925794,-0.20177013160725446,0.37015086853009815,0.49375228016890615
1774368230.6446114,base,644362854,1774368230,-0.16297570217635932,0.9245476330627808,0.3396869446453814,-0.05712595150733151,-0.20177208592978213,0.370148532641542,0.49373838806185316
1774368230.645526,base,645328319,1774368230,-0.16296032727160947,0.924550104205485,0.33968823124793857,-0.057122168208181,-0.20177145319363535,0.3701467710598154,0.4937251265778822
1774368230.6466174,base,646363654,1774368230,-0.16295471471882414,0.9245506646107451,0.3396896957302161,-0.05712040032641067,-0.20177182788670966,0.3701460235043386,0.49372001429279067
1774368230.647458,base,647302355,1774368230,-0.16294388744943938,0.9245520709756085,0.3396915395010384,-0.057117559375311384,-0.20177166344376582,0.37014589553625044,0.49371061871875627
1774368230.64861,base,648322045,1774368230,-0.1629255289078856,0.9245566681709264,0.33968859700526505,-0.05711301458823526,-0.20176976657224605,0.3701456576363204,0.4936954068627464
1774368230.6496012,base,649314591,1774368230,-0.16290482549790214,0.9245596289499913,0.33969113101191156,-0.057109069833090415,-0.20177021697601163,0.3701425460637042,0.49367646965101447
1774368230.6505995,base,650310849,1774368230,-0.16289108448132697,0.9245630934798923,0.3396886001928211,-0.05710722958112172,-0.2017686336783956,0.3701444492230017,0.4936645802148889
1774368230.6514122,base,651264410,1774368230,-0.16288524592291262,0.9245640847915565,0.3396888699527932,-0.057106229120631465,-0.20176884465408615,0.3701439976049501,0.4936595134590194
1774368230.6525369,base,652344933,1774368230,-0.16287588501356073,0.9245655178403147,0.3396901168643976,-0.05710230999155813,-0.2017681023195306,0.3701433690294462,0.4936507475869511
1774368230.6535091,base,653310234,1774368230,-0.1628553858839298,0.9245680020333791,0.3396937400806169,-0.05709900046974663,-0.20177088760364748,0.37013977389155495,0.4936321288344886
1774368230.654472,base,654289597,1774368230,-0.16283512269375225,0.9245709965395131,0.33969609479370894,-0.05709429356026778,-0.20177177746375027,0.3701389804475483,0.4936133198718472
1774368230.6554198,base,655314070,1774368230,-0.16282291492106882,0.9245733616969242,0.3396963648072163,-0.05708920172692586,-0.2017711563839624,0.3701383770680196,0.49360269182796596
1774368230.656549,base,656343177,1774368230,-0.16281823546354462,0.924574316334887,0.3396962837336159,-0.057087569504971084,-0.2017711304160642,0.3701382321624158,0.49359814732583185
1774368230.6574428,base,657245003,1774368230,-0.16280692095682292,0.9245756535570485,0.33969868516161195,-0.05708389122675141,-0.20177200037639123,0.37013657919159565,0.49358719815878016
1774368230.6585736,base,658347862,1774368230,-0.16278475578179463,0.9245808678859684,0.33969556948242197,-0.05708118865531817,-0.20177061007865907,0.3701373553981216,0.4935692979528844
1774368230.659433,base,659300861,1774368230,-0.16276707887919878,0.9245826624274862,0.33970002368799457,-0.057076021918224,-0.20177256509956115,0.3701363511256666,0.4935532880240754
1774368230.6606345,base,660426323,1774368230,-0.16274983672995028,0.9245856524804842,0.33970125848589805,-0.05706940384048998,-0.20177127176556128,0.37013680466090354,0.4935389318896648
1774368230.661479,base,661344892,1774368230,-0.16274456603724594,0.9245864801228917,0.3397018202020168,-0.057067682191823364,-0.20177137231997133,0.3701368433171606,0.49353457312371624
1774368230.6626282,base,662430041,1774368230,-0.16273105573656682,0.9245895202941528,0.33970010238705767,-0.05706717882735539,-0.20177434781175171,0.37013634486829894,0.49352269121056486
1774368230.6634536,base,663341287,1774368230,-0.16271369667542854,0.9245932193644907,0.3396994561574079,-0.05706059153027429,-0.2017729511569242,0.37013721763571344,0.49350793900364054
1774368230.66457,base,664438182,1774368230,-0.16269691144201814,0.9245953327088617,0.33970229087591775,-0.05705733356783133,-0.20177399357564177,0.3701355273091916,0.4934935883423817
1774368230.6654067,base,665301706,1774368230,-0.16267642243786545,0.924599054146947,0.33970261981928096,-0.057053490176370576,-0.20177380232965836,0.370135865016733,0.4934770268437355
1774368230.6665807,base,666424971,1774368230,-0.1626701464682929,0.9245999270757724,0.3397035152076844,-0.05705190667281037,-0.20177406315795463,0.37013548259615076,0.49347180077083114
1774368230.6674144,base,667336314,1774368230,-0.1626588521524482,0.92460086910918,0.3397071319826538,-0.05704730615126832,-0.20177646052786122,0.37013424462827227,0.4934611271684971
1774368230.6685624,base,668424326,1774368230,-0.1626393859878111,0.9246033908919498,0.3397107807258582,-0.05704020630436151,-0.2017796939261671,0.37013404487372425,0.49344444365571977
1774368230.6694002,base,669333610,1774368230,-0.16262332351892012,0.9246067531914468,0.33971011306449994,-0.05703547739903775,-0.20177839384755636,0.37013491410094207,0.4934297371073738
1774368230.6705637,base,670351320,1774368230,-0.16260012196797688,0.9246102972825676,0.3397123295789648,-0.05703097077092251,-0.2017799165094359,0.3701340534975538,0.49340972123630117
1774368230.6713972,base,671312482,1774368230,-0.16259285559790201,0.9246113867407006,0.33971310512198916,-0.05702940492705955,-0.20178032899555187,0.3701337470641097,0.4934036452625134
1774368230.6724713,base,672328509,1774368230,-0.1625809106921248,0.9246134144943586,0.3397142064432857,-0.05702402262390221,-0.2017836312526735,0.370133735695339,0.49339455185326103
1774368230.673378,base,673298951,1774368230,-0.1625649562545595,0.9246163826989515,0.3397146047960177,-0.05701900675164932,-0.2017828977541207,0.370134463223352,0.4933805389194703
1774368230.6744602,base,674311294,1774368230,-0.16254545094500358,0.9246197830676233,0.3397153374809209,-0.05701510867560122,-0.20178360215572128,0.3701337858446558,0.4933630914810239
1774368230.6754005,base,675297418,1774368230,-0.16252684987746824,0.924623383441798,0.3397154571660174,-0.057009034582534375,-0.20178333694447442,0.37013548349133096,0.49334699748327593
1774368230.6764505,base,676316780,1774368230,-0.16252076642183017,0.9246242761671153,0.33971628030348683,-0.05700699343819036,-0.20178383941183956,0.37013550705799486,0.49334160859884474
1774368230.6773777,base,677294761,1774368230,-0.16250489640027854,0.9246263150030344,0.3397189976242671,-0.05700297275587874,-0.20178629656314506,0.37013388392924046,0.49332776467691986
1774368230.6784542,base,678323596,1774368230,-0.16248488614417692,0.9246291017919103,0.3397220590219326,-0.05699656575704811,-0.20178782821423485,0.3701345779989427,0.49331075498899235
1774368230.6793923,base,679300713,1774368230,-0.1624703976060787,0.924631034766654,0.33972447992512833,-0.0569920800433761,-0.201789066027466,0.37013379485095177,0.49329878641960234
1774368230.6804838,base,680357007,1774368230,-0.16245183271914632,0.9246339945451532,0.33972619451922914,-0.05698676105155552,-0.20179161972310297,0.37013386465061043,0.4932828193668439
1774368230.6814137,base,681335132,1774368230,-0.16244625240193866,0.924634786144436,0.3397269888170932,-0.05698508929070446,-0.2017924860228899,0.3701341158291149,0.4932781355302218
1774368230.6825068,base,682365790,1774368230,-0.16242808378032716,0.9246383275338148,0.3397269705869407,-0.05697952536429856,-0.20179330435790632,0.3701335641676222,0.4932630217369831
1774368230.6833525,base,683279271,1774368230,-0.16240910222751337,0.9246420294022354,0.3397264143315622,-0.05697687585317772,-0.20179404509972818,0.37013561224068875,0.4932477961847287
1774368230.6845481,base,684418106,1774368230,-0.16239194360977358,0.9246437452793895,0.339731000478463,-0.05697059136296679,-0.2017974181124304,0.3701335289186007,0.49323281787365164
1774368230.6853638,base,685283726,1774368230,-0.16237290190619044,0.9246462526165857,0.33973402340073544,-0.05696614426671589,-0.2017999253975376,0.3701333325686224,0.49321785114201144
1774368230.6864095,base,686259101,1774368230,-0.16236648509540863,0.9246473162789672,0.339734503795259,-0.05696430414615043,-0.20180043733004488,0.37013358269357977,0.4932126576188209
1774368230.6874127,base,687336013,1774368230,-0.162349877315379,0.9246501612576492,0.3397355323100668,-0.056959325030063096,-0.20180296664670677,0.37013370583096555,0.4931985199413472
1774368230.6884885,base,688363340,1774368230,-0.16232993392939113,0.9246526597829622,0.33973944359570324,-0.05695227626754837,-0.20180489824880704,0.3701342567513652,0.49318189772582705
1774368230.6894062,base,689334416,1774368230,-0.1623134880728206,0.9246548229124699,0.33974249514084853,-0.056945825569692306,-0.2018061515476261,0.3701349099367768,0.49316957737191075
1774368230.690454,base,690311216,1774368230,-0.16229027831179083,0.9246589113350276,0.33974348726699516,-0.056939670826797344,-0.20180795703405652,0.3701353804046964,0.49314859191987087
1774368230.691356,base,691281001,1774368230,-0.1622840555408968,0.924659885801595,0.33974412360069023,-0.05693778521666689,-0.2018084096243221,0.3701355369581776,0.4931432978659091
1774368230.6924405,base,692301789,1774368230,-0.1622679529360177,0.9246629577931964,0.3397440295680428,-0.0569343508609754,-0.20180938257933484,0.3701363700148022,0.49313032240869603
1774368230.693367,base,693286920,1774368230,-0.16224751839301724,0.9246643247633477,0.3397512868937346,-0.05692707913902733,-0.20181630280903087,0.3701346703898978,0.4931151071832215
1774368230.6944814,base,694350016,1774368230,-0.1622285989976673,0.9246689187424828,0.3397485959892927,-0.05692243759859721,-0.20181522724459736,0.3701364171803096,0.4930979835030653
1774368230.6953812,base,695302339,1774368230,-0.16220969755037418,0.9246703123580569,0.3397549994771416,-0.05691544425335838,-0.2018194055104916,0.3701365262497431,0.49308229579698853
1774368230.6965122,base,696379404,1774368230,-0.16220280870702494,0.924671280941976,0.33975598977148136,-0.05691342954943517,-0.20181989909603126,0.37013647017969126,0.4930764866799139
1774368230.697362,base,697293864,1774368230,-0.16219001670280145,0.9246736209719693,0.33975631766302267,-0.05690990923024949,-0.20182146035421067,0.370137133899081,0.4930656069608192
1774368230.6984017,base,698337233,1774368230,-0.16217203708666997,0.9246758042135576,0.3397600539733418,-0.05690336732744466,-0.20182561558316806,0.3701386694759454,0.4930495147093199
1774368230.6993685,base,699292590,1774368230,-0.16215490732569834,0.9246777776337286,0.3397639264401048,-0.056896993510606945,-0.20182905719145616,0.37013899872130845,0.49303471526291276
1774368230.700555,base,700391141,1774368230,-0.16213495244248644,0.9246824999177523,0.33976112004611686,-0.056893873548360833,-0.201829221275331,0.37014070467640414,0.49301720943155736
1774368230.7014596,base,701299488,1774368230,-0.1621284732095771,0.9246837118880844,0.3397611412904049,-0.05689251279954958,-0.2018297711774022,0.3701412717661744,0.4930117376995493
1774368230.7025409,base,702340502,1774368230,-0.16211462818963257,0.9246859784922202,0.3397625567637819,-0.05688667267612284,-0.2018305403006263,0.3701427494768164,0.49299833731470644
1774368230.7035205,base,703337968,1774368230,-0.1620968822478534,0.9246877414504339,0.3397671378202784,-0.05688122391648267,-0.20183526362120588,0.3701434619621947,0.49298368061636105
1774368230.7045403,base,704335315,1774368230,-0.16207676367664994,0.9246901196998798,0.3397712755569276,-0.05687517483000645,-0.2018390265423795,0.3701418483566527,0.4929657005161686
1774368230.7054462,base,705300825,1774368230,-0.16206101402257928,0.9246920400287161,0.3397746765574874,-0.05686851511829159,-0.2018406384848277,0.37014453153970717,0.4929514579406363
1774368230.7065353,base,706330369,1774368230,-0.16205557431735357,0.9246928991875613,0.3397752409444046,-0.0568666744758941,-0.20184139956157698,0.37014502106337205,0.49294637936758123
1774368230.7074754,base,707316050,1774368230,-0.1620390449466558,0.9246960133200335,0.3397752728003827,-0.05686294800867791,-0.20184462966506783,0.37014569552113863,0.49293171046896805
1774368230.7085834,base,708379180,1774368230,-0.16202055458487483,0.9246990740665081,0.3397766515726964,-0.056857623575018584,-0.20184621160759192,0.3701477088892063,0.49291596129849746
1774368230.7094579,base,709288327,1774368230,-0.16200320057718834,0.9247026226988942,0.3397760213547095,-0.05685312558600208,-0.2018483989050218,0.3701487911805207,0.4929003275520903
1774368230.71055,base,710373768,1774368230,-0.16198362421502807,0.9247055963387122,0.3397782391591372,-0.05684728471921505,-0.2018522514635844,0.3701499141678229,0.49288326998422105
1774368230.7114727,base,711317599,1774368230,-0.16197768378416194,0.9247066007217352,0.3397786322778597,-0.05684552387794907,-0.20185305063200598,0.37015054935165737,0.49287813892960114
1774368230.7125769,base,712359526,1774368230,-0.1619616502177127,0.9247088826064229,0.33978103573929264,-0.0568397223732613,-0.20185290632617708,0.37015150918578515,0.4928638044733897
1774368230.713454,base,713313166,1774368230,-0.16194144804171637,0.9247101928871017,0.3397881741357633,-0.05683329388954777,-0.2018588917918986,0.370152224742743,0.4928459890594531
1774368230.7145338,base,714327798,1774368230,-0.1619253557651552,0.9247149290864112,0.33978399752130806,-0.0568270544149635,-0.20185807762944102,0.3701549806473591,0.4928306292729992
1774368230.71545,base,715313156,1774368230,-0.16190982341983956,0.9247170023767562,0.33978633288469506,-0.05682360935626845,-0.2018624282197341,0.3701565982149594,0.4928162785956357
1774368230.7165601,base,716362718,1774368230,-0.1619038191432378,0.9247179950021261,0.33978674579802576,-0.05682209469976631,-0.2018633738509529,0.37015712541367984,0.4928107569209237
1774368230.7175,base,717348479,1774368230,-0.16188832676400475,0.9247219432664088,0.33978431692006655,-0.05681650529829685,-0.20186270341441434,0.3701605470827662,0.4927971768554493
1774368230.7184896,base,718333365,1774368230,-0.1618668402012754,0.9247235836694928,0.33979129351822446,-0.056809301156739024,-0.20186755532119158,0.3701597320839633,0.49277832734894733
1774368230.719467,base,719320027,1774368230,-0.16184532727834622,0.9247284148973307,0.33978905899599005,-0.056805317587835136,-0.20186809782453718,0.3701620056374595,0.4927587299503199
1774368230.7205696,base,720386646,1774368230,-0.16183146876734697,0.9247302288433136,0.33979177376667813,-0.05679903221438559,-0.20187113806025997,0.3701636424723686,0.492746334930394
1774368230.7214491,base,721312951,1774368230,-0.16182554530713084,0.9247310223909548,0.3397928172649152,-0.05679674681705812,-0.20187195737646207,0.37016427406898356,0.49274072314418405
1774368230.7225585,base,722380261,1774368230,-0.1618141250971708,0.9247331629421606,0.33979321467018647,-0.05679205523773006,-0.2018726683941952,0.37016722410226116,0.49272822424977647
1774368230.7234368,base,723289030,1774368230,-0.16179295633796062,0.9247368603098359,0.3397943100148645,-0.05678560861038483,-0.20187605572446596,0.3701699000229322,0.49270881959122137
1774368230.7246017,base,724406248,1774368230,-0.16177528264057334,0.9247408476319112,0.3397924201114346,-0.056782337767929326,-0.20187681170987962,0.3701726358293397,0.4926942842850341
1774368230.7253814,base,725267152,1774368230,-0.1617560531060991,0.9247437685047976,0.33979487871705755,-0.05677483855320481,-0.20187986962660454,0.37017508603063587,0.49267626583076407
1774368230.726504,base,726355555,1774368230,-0.16174975558919596,0.9247448933025949,0.3397952069350251,-0.056772495291216966,-0.2018808168257057,0.37017581023611196,0.49267046232512157
1774368230.727486,base,727300848,1774368230,-0.1617367927413097,0.9247468589373165,0.33979670648370436,-0.056768433324770835,-0.20188491236005515,0.37017603636970636,0.49265822743111226
1774368230.728665,base,728351368,1774368230,-0.16171582748942767,0.9247510688980494,0.33979640698077657,-0.05676137343545584,-0.20188601186863403,0.37018014227657403,0.4926388602028908
1774368230.7294295,base,729268147,1774368230,-0.1616988113965144,0.9247534517888126,0.33979890761657305,-0.05675605853311555,-0.2018901321447216,0.3701821355797931,0.49262384353039834
1774368230.7305467,base,730351835,1774368230,-0.16167912978204432,0.9247566579163254,0.3398004192562832,-0.056750838809689994,-0.20189215168700853,0.37018545910091827,0.492605354965707
1774368230.7314744,base,731299587,1774368230,-0.16167276320337468,0.9247576923614237,0.33980092051373445,-0.0567491187119116,-0.20189296509568133,0.3701863254315655,0.4925994571323106
1774368230.7324457,base,732281529,1774368230,-0.16165726258202598,0.9247606149770048,0.3398011460868854,-0.05674429980074528,-0.2018927628039308,0.3701886330750536,0.49258429458147834
1774368230.7334008,base,733242330,1774368230,-0.16163787606438348,0.9247631819869974,0.33980465558242906,-0.05673667515095712,-0.20189859160266077,0.370189984857665,0.49256764287677485
1774368230.7344725,base,734318966,1774368230,-0.16161901870952336,0.9247670782865101,0.3398037411490808,-0.05673236474791931,-0.20189850823054167,0.3701931221326697,0.49255009626050816
1774368230.7354753,base,735288515,1774368230,-0.16160361200043336,0.9247691792823026,0.33980663831177504,-0.05672465246434141,-0.20190006865520385,0.37019640893937555,0.49253484310724277
1774368230.7365172,base,736357238,1774368230,-0.16159750291282007,0.924770164328357,0.33980725902121645,-0.056722279017443346,-0.20190092208901367,0.37019724159288464,0.4925290941190376
1774368230.7374766,base,737315703,1774368230,-0.16158063963050792,0.924773890662722,0.33980585991113194,-0.05671794791055132,-0.20190387355224976,0.37019932050415516,0.492513722403712
1774368230.7384953,base,738354794,1774368230,-0.16156172704698862,0.9247774408081616,0.33980631791837973,-0.05671119491471235,-0.20190738651338436,0.37020250905694846,0.49249630654891474
1774368230.7394505,base,739304829,1774368230,-0.16154269052820044,0.9247803987838047,0.3398081583814036,-0.05670616068485147,-0.20190920503424736,0.37020485327451114,0.4924792731616954
1774368230.740522,base,740355870,1774368230,-0.16152605108747284,0.9247829817500554,0.3398101127440147,-0.05669972453604838,-0.2019119814359137,0.3702074128977799,0.4924637118099408
1774368230.741447,base,741309812,1774368230,-0.16151944175109234,0.9247842068253396,0.33981026078173115,-0.05669768434684764,-0.20191271131043784,0.37020851085488443,0.49245756643831906
1774368230.742531,base,742353412,1774368230,-0.16150186177032716,0.9247876048375621,0.33981019760789244,-0.056692717214896673,-0.20191413928605034,0.37021206406842994,0.49244105452123754
1774368230.743475,base,743314702,1774368230,-0.16148266111859533,0.9247911988950422,0.3398103103729646,-0.05668810782304167,-0.20191725226561913,0.3702141377080439,0.4924234074735117
1774368230.7444465,base,744352720,1774368230,-0.16146481616593109,0.9247930760578723,0.33981480152290894,-0.056681392730477856,-0.20191978727949228,0.3702167154300839,0.4924064884390433
1774368230.7454402,base,745295160,1774368230,-0.16144650128820517,0.9247970625921842,0.3398136321816686,-0.056675529341745925,-0.2019245625223389,0.370219596898562,0.49238978739963407
1774368230.746497,base,746390989,1774368230,-0.16144007933660812,0.9247983713858765,0.3398133793391509,-0.0566739824604415,-0.20192540903490627,0.37022054241361185,0.49238391012239685
1774368230.7474542,base,747350658,1774368230,-0.16142630332207064,0.9247994854370695,0.3398178722682962,-0.056668104063488114,-0.20192793398218542,0.3702222643734029,0.49237129466611723
1774368230.7485254,base,748437574,1774368230,-0.16140234147878801,0.9248054749262682,0.33981393621204176,-0.05666221375522484,-0.20192977957678415,0.37022743395171753,0.49234871219313925
1774368230.7493832,base,749289915,1774368230,-0.16138402159257725,0.9248075027258047,0.33981842984100097,-0.05665434861565278,-0.20193228806462454,0.3702288705139711,0.4923325949999585
1774368230.7505403,base,750429328,1774368230,-0.16136129927597326,0.9248111896803493,0.33982005077028554,-0.056649162681080334,-0.20193572113063152,0.3702307909818981,0.49231254988873074
1774368230.7516277,base,751502975,1774368230,-0.16135438251876683,0.9248123408477466,0.33982051844270533,-0.05664726562712382,-0.201936695348912,0.3702319315190711,0.49230633533094337
1774368230.7524905,base,752349088,1774368230,-0.1613391387539552,0.9248153544877344,0.33982059457770525,-0.05664102674486906,-0.2019393553336723,0.3702348757608281,0.49229190509232956
1774368230.75352,base,753369304,1774368230,-0.16132062982666504,0.9248197160824085,0.3398183387015723,-0.05663606465570245,-0.20193942065298032,0.37023853091001285,0.49227348729946674
1774368230.7544813,base,754365410,1774368230,-0.16130595880705054,0.9248205638500252,0.33982434944617956,-0.05662794236894415,-0.20194519865767716,0.37024088290120166,0.4922598155831271
1774368230.755411,base,755296533,1774368230,-0.1612870359949097,0.9248238836886576,0.3398251021871998,-0.05662310572958991,-0.20194908229173825,0.37024429932055597,0.4922427463390722
1774368230.756498,base,756337161,1774368230,-0.16128048463271177,0.9248248496146098,0.33982589770023525,-0.05662121567205492,-0.2019502410445667,0.3702451712016238,0.4922366635607603
1774368230.7575383,base,757350456,1774368230,-0.16126406982167965,0.9248269436166814,0.33982899968942476,-0.05661514916752325,-0.20195263546812003,0.37024708580305105,0.4922216595235885
1774368230.758531,base,758346848,1774368230,-0.161239008650414,0.9248313706928762,0.3398301689288269,-0.05660719174780213,-0.20195921228459798,0.370248891478445,0.4921979602407503
1774368230.75952,base,759343866,1774368230,-0.161225466233105,0.9248337938329907,0.3398309647290614,-0.056601397807038954,-0.20195789704978773,0.370252323693012,0.4921839494471736
1774368230.7604625,base,760342488,1774368230,-0.16120519139481992,0.9248362953429763,0.339835116050338,-0.0565933475126877,-0.2019642596027158,0.37025457919332316,0.49216665726361936
1774368230.761464,base,761345708,1774368230,-0.16119840171878969,0.9248375492636667,0.3398352918144454,-0.05659114058466509,-0.20196530374122987,0.3702555275719884,0.4921607111339986
1774368230.7624056,base,762296906,1774368230,-0.16118180607460011,0.9248413536463348,0.3398336530591688,-0.0565860780104581,-0.2019673622533736,0.37025767726228903,0.4921448322238629
1774368230.7634184,base,763320010,1774368230,-0.1611596450364192,0.9248430548092211,0.33984083612748284,-0.05657825450698109,-0.20197317483248867,0.37025991105230655,0.49212453682828383
1774368230.7644866,base,764350137,1774368230,-0.16114553975208668,0.9248472585824972,0.3398369306310836,-0.056573172879840934,-0.2019744410103465,0.37026525426685203,0.4921115453534334
1774368230.7654617,base,765370609,1774368230,-0.16112335107208364,0.9248491052091937,0.3398437933387931,-0.05656495789935266,-0.20198014058700878,0.37026664061408343,0.4920909442154956
1774368230.7665133,base,766347118,1774368230,-0.16111628801590827,0.9248500509695518,0.33984499064986823,-0.05656241939471203,-0.20198156355092295,0.37026752457599843,0.49208435628454683
1774368230.767411,base,767299600,1774368230,-0.16110182295042955,0.9248525045870113,0.3398458314349263,-0.05655844992115987,-0.2019832123226895,0.3702689977022192,0.49207044496823665
1774368230.7686849,base,768271383,1774368230,-0.16107877528563583,0.9248564653578465,0.33984695694851974,-0.056552563965757356,-0.2019882551183046,0.3702711953965924,0.4920493741035322
1774368230.7693548,base,769267153,1774368230,-0.1610643459004239,0.9248586893278461,0.3398489303507625,-0.05654543123798713,-0.2019914263536704,0.37027366344949125,0.49203546349723176
1774368230.770466,base,770354468,1774368230,-0.16104284798804716,0.9248604440918158,0.3398554716540082,-0.05653864565958096,-0.20199588802527138,0.37027456253922814,0.49201540937117666
1774368230.77141,base,771329844,1774368230,-0.1610361839522593,0.924861292144186,0.33985673678163497,-0.05653614963560282,-0.20199720382710146,0.3702753023551185,0.49200913985810546
1774368230.7725248,base,772400698,1774368230,-0.1610214948149334,0.9248632420645866,0.33985945773071674,-0.056529732675200735,-0.20200130501932445,0.37027691358537324,0.4919954077746771
1774368230.7734208,base,773345013,1774368230,-0.16099983445423086,0.9248675490133244,0.339858958801673,-0.05652396137957065,-0.20200551802983802,0.37028085406130484,0.4919756427334292
1774368230.774495,base,774396879,1774368230,-0.16098641962133045,0.9248706139887511,0.3398575474879413,-0.05652050506724942,-0.2020067979471371,0.3702847250673365,0.4919640360064951
1774368230.775404,base,775334246,1774368230,-0.16096500930771274,0.9248733980661948,0.33986148914470904,-0.05651222455715748,-0.20201204422309843,0.37028596752202186,0.4919434449203671
1774368230.776472,base,776364084,1774368230,-0.16095857963176452,0.9248744583863245,0.3398620679440662,-0.05650970394817825,-0.20201305355371751,0.3702869014057674,0.4919373850943298
1774368230.7773995,base,777332197,1774368230,-0.16093842589640556,0.9248766352344104,0.33986695478979784,-0.05650208588514321,-0.2020174736878875,0.37028820664383816,0.4919182534792434
1774368230.778501,base,778396687,1774368230,-0.16091989931049613,0.9248805102988039,0.339865979517531,-0.05649728880143839,-0.20202215783726915,0.370290439409392,0.491902215769404
1774368230.7794013,base,779334100,1774368230,-0.16090306593287798,0.924882899015105,0.33986806618066806,-0.05649357550578657,-0.20202465541780462,0.37029380969461945,0.49188614663944463
1774368230.7805073,base,780406212,1774368230,-0.16088017811657507,0.9248843502014087,0.3398765572054722,-0.056483917214128085,-0.20203187586497653,0.3702943943776557,0.4918651940865081
1774368230.7813244,base,781263454,1774368230,-0.160873779772566,0.924885501464563,0.3398767787603026,-0.056481956604316194,-0.20203297366362336,0.37029524079767373,0.4918595431843592
1774368230.782456,base,782341075,1774368230,-0.16085812682821934,0.9248882601213346,0.3398776864975868,-0.056475902330951046,-0.20203417016993344,0.3702980653747688,0.4918438705206563
1774368230.7834036,base,783334602,1774368230,-0.16083516354831126,0.9248914355343264,0.3398813956488634,-0.056466977371041234,-0.2020393969633355,0.37030078332816274,0.49182352960861714
1774368230.784446,base,784404789,1774368230,-0.16081823964449057,0.9248937300733479,0.3398839666894561,-0.056462120541980194,-0.20204434451732936,0.37030148215529174,0.4918079300227977
1774368230.7853591,base,785300995,1774368230,-0.1607986629100562,0.9248967997849228,0.3398861537633692,-0.05645442616739447,-0.20204674326928007,0.3703048896011757,0.49179105208240553
1774368230.7864728,base,786394536,1774368230,-0.16079190400172927,0.9248977672963118,0.33988710399310956,-0.05645210533694274,-0.2020478065350468,0.3703058052362191,0.49178515261948685
1774368230.78738,base,787334629,1774368230,-0.16077288782095786,0.92489982424068,0.33989168545524817,-0.05644498046469247,-0.20205399655289566,0.3703071649278447,0.4917665079412646
1774368230.7883937,base,788306010,1774368230,-0.16075266637199745,0.9249044752920639,0.33988913864982145,-0.056441697944762705,-0.20205666759378385,0.3703100083657439,0.49174738632692305
1774368230.7894056,base,789362121,1774368230,-0.16073678984853,0.9249065701498131,0.3398922334982208,-0.0564339480320943,-0.20206129970439418,0.37031352112724936,0.49173219701276893
1774368230.7904365,base,790355466,1774368230,-0.16071555316827302,0.9249091807940826,0.33989624253490036,-0.05642749829020734,-0.20206563569403935,0.3703159838566099,0.4917128004291534
1774368230.7913725,base,791321920,1774368230,-0.16070929405571524,0.9249099196606402,0.3398975877286146,-0.0564251111982103,-0.20206694111679552,0.3703166836578225,0.4917069041964996
1774368230.7923896,base,792337886,1774368230,-0.16069382183871925,0.9249118697361034,0.3399007384951132,-0.05641823122544541,-0.20206926515298806,0.3703184628904096,0.4916925682079009
1774368230.7933967,base,793349266,1774368230,-0.16067206398210873,0.9249156389264467,0.33990203637093275,-0.05641058762240642,-0.20207362638674595,0.3703230706828616,0.4916725450191788
1774368230.7943983,base,794338544,1774368230,-0.16065500040702155,0.924918420655594,0.3399033815928474,-0.05640547099288066,-0.20207884828024494,0.37032526654180625,0.4916575208939918
1774368230.79537,base,795308963,1774368230,-0.16063437190029342,0.9249216934132687,0.3399053628367487,-0.05639861640632632,-0.20208230717535886,0.3703279263337738,0.4916385443043334
1774368230.796443,base,796323537,1774368230,-0.1606273648676564,0.924922837205305,0.33990594295099397,-0.05639631919156912,-0.20208360746373438,0.3703288472663525,0.4916320495720669
1774368230.7974215,base,797299866,1774368230,-0.16061283380390465,0.9249257132142892,0.33990571640981315,-0.05639190194034364,-0.20208640990580595,0.370331566966465,0.49161891369152017
1774368230.7985022,base,798389834,1774368230,-0.16058943712569426,0.9249291619015713,0.33990873273438915,-0.05638378808319991,-0.20209012988772265,0.3703344995657625,0.4915972862165693
1774368230.7993765,base,799293645,1774368230,-0.16057189206397374,0.9249323768460492,0.33990919116707985,-0.05637825379572578,-0.20209333001174876,0.3703388272623992,0.4915810750715183
1774368230.800462,base,800367366,1774368230,-0.16055397204042715,0.9249333520862902,0.33991629970575715,-0.05637043067784961,-0.20209854028742322,0.3703411351705848,0.4915629304710677
1774368230.801454,base,801282011,1774368230,-0.16054730011386417,0.9249343798221747,0.33991701342989433,-0.05636826616119097,-0.2020997669582441,0.3703423025026746,0.49155672557708446
1774368230.8026025,base,802397886,1774368230,-0.16052888696713452,0.9249387196653303,0.339914661077735,-0.0563636806583912,-0.2021011820891571,0.37034524884131015,0.4915397111986824
1774368230.803485,base,803324168,1774368230,-0.1605033558638609,0.9249416318319656,0.3399203004328396,-0.056354590000348224,-0.20210722660712374,0.37034785613544474,0.49151769790651134
1774368230.8045008,base,804363217,1774368230,-0.1604888209087088,0.9249447297461723,0.33991966519073097,-0.05634897066259595,-0.20211038485788502,0.3703523524242552,0.49150464670440175
1774368230.8054352,base,805299222,1774368230,-0.16046617288370615,0.9249491432391683,0.3399194770636918,-0.05634215911669964,-0.20211148899249268,0.37035727952768044,0.49148337765756267
1774368230.8064687,base,806314906,1774368230,-0.16045962519459894,0.9249502224629594,0.33992001984775044,-0.056339815005338204,-0.2021128410385565,0.3703586775331774,0.491477349509275
1774368230.8074064,base,807285418,1774368230,-0.16044213884119596,0.9249523113454129,0.3399234429205586,-0.05633466760241395,-0.20211930579653664,0.3703575436151167,0.49146070960728916
1774368230.8084996,base,808368914,1774368230,-0.16042110843067797,0.9249566856385882,0.3399226964626286,-0.056327241117652416,-0.20212130702265685,0.3703631423627256,0.4914423486166069
1774368230.80937,base,809273404,1774368230,-0.16040166844325485,0.9249600908082048,0.3399234906878802,-0.056321893178978046,-0.20212543275634393,0.3703657968889905,0.49142500049478804
1774368230.8104875,base,810362308,1774368230,-0.1603839072076263,0.9249623539100144,0.3399267442203135,-0.05631567030444003,-0.20212637326494923,0.3703697258271446,0.49140887727323423
1774368230.8115273,base,811386924,1774368230,-0.1603776655884552,0.924963364513156,0.33992732392447583,-0.05631334778225124,-0.20212728814080805,0.3703709742513903,0.49140308877733185
1774368230.8138957,base,813626613,1774368230,-0.16035854758213272,0.9249669643746945,0.33992732702416445,-0.05630864387479341,-0.20213255545891642,0.37037266978113675,0.49138588942925543
1774368230.81395,base,813808689,1774368230,-0.16033752526597111,0.9249704463863119,0.3399293735579809,-0.05629895466142988,-0.2021348799089647,0.3703775969874152,0.49136700131676936
1774368230.814453,base,814279666,1774368230,-0.16031973525450036,0.9249720755126437,0.33993452764530613,-0.05629173051454059,-0.20213939642172862,0.37038046460857527,0.49134913901000954
1774368230.8154025,base,815285876,1774368230,-0.16030028692070017,0.9249763219156303,0.33993323990323326,-0.05628511630497348,-0.20214286431265455,0.37038605316703505,0.4913325155069777
1774368230.8164024,base,816320839,1774368230,-0.1602930760305585,0.9249773984065682,0.33993411273020563,-0.05628269019872938,-0.20214426559937176,0.37038706693898843,0.4913261520577763
1774368230.817392,base,817268922,1774368230,-0.1602796533428707,0.9249805114380436,0.3399324402822573,-0.056279856324035385,-0.20214471785930943,0.37039017502785193,0.4913129231393628
1774368230.818446,base,818307096,1774368230,-0.16025826838048599,0.9249839964655417,0.3399344245550252,-0.05627149101247174,-0.2021497915395102,0.37039378760512953,0.4912938219401133
1774368230.8194041,base,819284189,1774368230,-0.16023653633888152,0.9249869986205218,0.33993778647081024,-0.05626371952193479,-0.20215379524648444,0.3703969352544474,0.4912738508429824
1774368230.8203697,base,820266148,1774368230,-0.16022075659093676,0.924989868811011,0.3399384377953734,-0.05625753517225553,-0.2021570492640174,0.37040134175067696,0.4912595151171011
1774368230.821362,base,821253684,1774368230,-0.16021465691663006,0.9249909987783007,0.3399385861432045,-0.05625543119706246,-0.20215841594036302,0.3704025211063798,0.4912536302074219
1774368230.8224142,base,822266864,1774368230,-0.16019774164567088,0.9249943660267126,0.33993821249968004,-0.05625049397995779,-0.2021599242298252,0.37040597864817293,0.4912385256602317
1774368230.8233452,base,823253290,1774368230,-0.1601735196920087,0.9249987833580924,0.33993858014316497,-0.05624460957079858,-0.20216322954688398,0.3704099050229012,0.4912170931918873
1774368230.8243809,base,824268313,1774368230,-0.160157657608072,0.9250020603804837,0.3399379612983523,-0.05623962544038893,-0.20216513649078502,0.3704141725183385,0.491203264452881
1774368230.8253467,base,825266185,1774368230,-0.1601383697122187,0.9250052107186056,0.3399398661355994,-0.056231219985444926,-0.2021671741982998,0.37041705487142096,0.49118481059043484
1774368230.826508,base,826374882,1774368230,-0.1601316325162532,0.9250062597953391,0.33994066104581244,-0.05622834316297568,-0.20216811504808713,0.3704184467295739,0.4911785118238584
1774368230.8274329,base,827358144,1774368230,-0.16011750803583027,0.9250090637182163,0.3399402065551333,-0.05622518676534637,-0.2021719350289711,0.37042267688625874,0.4911647976699226
1774368230.8284786,base,828318369,1774368230,-0.1600933154329323,0.9250131518781552,0.3399418989402708,-0.056216586084672476,-0.2021760203781817,0.3704265516593306,0.49114283097986255
1774368230.829402,base,829331525,1774368230,-0.16007860186397824,0.9250166239576987,0.33994020707896916,-0.056211584555882065,-0.20217645736322257,0.37043110106833343,0.4911293989020405
1774368230.8304384,base,830321000,1774368230,-0.16005607125682256,0.9250200303367521,0.33994261543057974,-0.0562051220427676,-0.20218041400349426,0.37043467618431597,0.49110889647403577
1774368230.8313634,base,831294773,1774368230,-0.16004951341745097,0.9250208270256742,0.3399439105899441,-0.05620285114112038,-0.2021820235815237,0.3704355871541057,0.49110290636076986
1774368230.832393,base,832322337,1774368230,-0.1600393170399387,0.9250232310704454,0.3399429459337575,-0.05619815380652594,-0.20218468952398186,0.37043924835442626,0.4910937130880057
1774368230.8334439,base,833294599,1774368230,-0.16001075840616097,0.9250288656463362,0.33994241549588217,-0.056189937374610636,-0.20218520979243226,0.37044374929965695,0.4910675292133209
1774368230.8344102,base,834298010,1774368230,-0.15999629991981076,0.9250305065406262,0.33994578947569176,-0.05618368267487567,-0.20218960800912503,0.3704465159952507,0.49105413701832235
1774368230.8354409,base,835326380,1774368230,-0.15997690220476873,0.9250348941706815,0.3399440148275269,-0.056177416374767405,-0.20219063664847345,0.37045108770732305,0.4910370876969206
1774368230.8364997,base,836384086,1774368230,-0.1599705674225672,0.9250359977128748,0.33994432632601757,-0.05617539935415012,-0.2021919584976521,0.3704520265379577,0.4910312898413316
1774368230.8373935,base,837283409,1774368230,-0.1599538415239822,0.9250391027377656,0.3399444419542993,-0.05617119699819922,-0.2021945411141806,0.370455207058916,0.4910153367610464
1774368230.8383553,base,838267710,1774368230,-0.15993368256575494,0.925043132336479,0.3399441177801731,-0.0561641993153246,-0.2021985528287043,0.37045884424807063,0.49099749959753064
1774368230.8394792,base,839329409,1774368230,-0.15991804906561324,0.9250444143799621,0.33994903899785,-0.05615781238545017,-0.20220037941131125,0.37046199982288547,0.49098272668418114
1774368230.8404908,base,840357546,1774368230,-0.15989821813358268,0.9250487501721192,0.33994753113073595,-0.05615198768363279,-0.2022034161428666,0.3704675570704855,0.4909649176600491
1774368230.8414633,base,841332457,1774368230,-0.1598919427227816,0.925049912359012,0.33994759152419723,-0.056150345625084204,-0.20220439128522516,0.3704689735418693,0.4909593036886932
1774368230.8425388,base,842397502,1774368230,-0.15987269639905413,0.9250534724490576,0.3399478487311532,-0.05614493921180633,-0.20220650592573822,0.3704707435234833,0.49094202323482733
1774368230.8434346,base,843243099,1774368230,-0.15984912674351465,0.9250580550643692,0.33994771447718974,-0.056137357094873816,-0.20220942265486,0.3704743316397377,0.49092156667207704
1774368230.8445055,base,844378865,1774368230,-0.15983193865931408,0.9250616742953499,0.33994698903562487,-0.05613105005166037,-0.20221144668835106,0.3704791000687499,0.490905157379562
1774368230.8454158,base,845296192,1774368230,-0.15980840524790874,0.9250651531653963,0.3399500555421012,-0.0561221502450185,-0.2022147120111913,0.3704818826648478,0.49088491384857624
1774368230.8464985,base,846372355,1774368230,-0.15980156198500634,0.9250662686491122,0.33995063330824593,-0.05611974971508082,-0.20221548001686845,0.3704829047307325,0.49087878140297747
1774368230.847466,base,847333948,1774368230,-0.159791086710223,0.9250693332850777,0.33994784605448464,-0.0561159441369769,-0.2022162945229373,0.37048800466496623,0.4908684122109783
1774368230.848507,base,848357284,1774368230,-0.15977055566425644,0.9250726629023037,0.3399495994625198,-0.056108891620205256,-0.20222027829615657,0.37049192492270366,0.49084963637813206
1774368230.8495047,base,849344286,1774368230,-0.15975234956475126,0.9250755148587775,0.33995148982075596,-0.056102256513955166,-0.20222251649039788,0.37049537201744354,0.4908326371170133
1774368230.8505316,base,850393013,1774368230,-0.1597296782065494,0.9250807158431593,0.33994899307047977,-0.05609617799375442,-0.2022234414728553,0.3704995821850013,0.4908119570248986
1774368230.8514996,base,851334836,1774368230,-0.1597235285505857,0.9250819383171474,0.3399488851102808,-0.05609418275558544,-0.20222448996176035,0.37050080486661086,0.49080639388780706
1774368230.8525438,base,852405284,1774368230,-0.15970835967095523,0.9250835478757442,0.3399525618105571,-0.05608854623965392,-0.2022288331411738,0.370503030400807,0.4907934826405747
1774368230.853399,base,853284668,1774368230,-0.1596878648643135,0.9250884062263742,0.33995015604490764,-0.05608135060487164,-0.2022304115817485,0.3705076211505274,0.4907737526452308
1774368230.8545268,base,854394703,1774368230,-0.15966644880301617,0.9250918313765788,0.33995162926267347,-0.05607689728056501,-0.20223501313779058,0.3705109242978371,0.49075558341602704
1774368230.8554826,base,855355874,1774368230,-0.1596498111773794,0.9250943489178793,0.339953742140496,-0.05606992594881186,-0.20223872445125057,0.3705136141177123,0.49073952823667294
1774368230.8565757,base,856350950,1774368230,-0.15964377472547026,0.925095361583623,0.3399542172672423,-0.05606752473656762,-0.20223987703188115,0.37051481624269356,0.4907336706193486
1774368230.8573754,base,857283711,1774368230,-0.15962659504362794,0.9250981527652901,0.33995592948032777,-0.05606000282012051,-0.20224245028180662,0.3705194537458657,0.49071893734139715
1774368230.8585372,base,858423462,1774368230,-0.1596057104169825,0.9251007881607458,0.3399596402615966,-0.0560534739321581,-0.20224745447210224,0.3705223157428209,0.49070024764622044
1774368230.8594515,base,859340886,1774368230,-0.15958609668897708,0.925103566371692,0.33996240868387056,-0.0560466761888147,-0.20225012106714726,0.3705254753362209,0.49068203166240304
1774368230.8605652,base,860420059,1774368230,-0.15956828663923164,0.9251071207095558,0.33996175473538504,-0.056042683989377555,-0.2022544361642622,0.37052892139188753,0.4906673822540294
1774368230.8614419,base,861337087,1774368230,-0.15956168532660853,0.9251082628944909,0.3399620318436647,-0.056040944003443255,-0.20225559184180594,0.3705299677562749,0.4906617995917264
1774368230.8625708,base,862370080,1774368230,-0.15954529801424386,0.9251115886029166,0.3399619223743569,-0.05603336371900069,-0.20225813765409642,0.370533874618097,0.49064582158024445
1774368230.8633714,base,863292310,1774368230,-0.15952762829473158,0.9251144578421837,0.3399632751913125,-0.056028093160631294,-0.20226247691850255,0.3705377999042339,0.4906298069984816
1774368230.864532,base,864396298,1774368230,-0.15950623022864419,0.925118140096257,0.339964605798427,-0.05602014090850611,-0.2022657684860818,0.37054112717405263,0.49060942100005583
1774368230.8654459,base,865339869,1774368230,-0.1594850101888657,0.9251215170538994,0.33996667845683676,-0.05601221070422778,-0.2022691843179104,0.37054431168795343,0.49059071436297014
1774368230.8664753,base,866320473,1774368230,-0.15947765835739144,0.9251224342811484,0.33996806874741253,-0.056009555494754594,-0.2022706064753559,0.370545317290131,0.4905842436159901
1774368230.8674383,base,867344343,1774368230,-0.1594593455858691,0.9251249461482759,0.3399708981581552,-0.05600303139128431,-0.2022742684138809,0.3705474316946461,0.49056755410303815
1774368230.868534,base,868417108,1774368230,-0.15944025736475273,0.9251281396630265,0.3399722737455554,-0.055996273263193244,-0.20227736883508438,0.37055232951458655,0.4905503308578443
1774368230.8694212,base,869338495,1774368230,-0.15942191151805005,0.925130758628022,0.3399748753592949,-0.05598944268970349,-0.20228199106011777,0.3705550553151588,0.4905332236384769
1774368230.8704753,base,870354814,1774368230,-0.15940156569833736,0.9251347686126496,0.3399745258095294,-0.05598323461111649,-0.2022850254096616,0.37055885583240494,0.49051466342919164
1774368230.8714094,base,871332989,1774368230,-0.15939520781797306,0.9251357989140415,0.3399750891423959,-0.05598089008727124,-0.20228603476810253,0.37056024856821357,0.4905088338800292
1774368230.8725379,base,872402304,1774368230,-0.1593786598112392,0.9251382169124089,0.33997720859896036,-0.05597517340893846,-0.20229012307742816,0.3705623446231555,0.49049391471757653
1774368230.8733208,base,873249131,1774368230,-0.15935486642350757,0.9251418531974783,0.3399799372881286,-0.055966242066460045,-0.20229489335004622,0.37056646283936373,0.4904732009619306
1774368230.8744082,base,874293478,1774368230,-0.15933272081970906,0.925145376914615,0.33998182317651476,-0.055959588626763056,-0.20229866906942168,0.37057001678516777,0.49045363691634025
1774368230.8754148,base,875341694,1774368230,-0.15931207039893355,0.9251489759916495,0.33998265480995565,-0.05595382806548789,-0.20230169760862862,0.37057278794717846,0.4904344105865748
1774368230.8764913,base,876361847,1774368230,-0.1593050575485856,0.9251505474107404,0.3399819539044949,-0.055952071314035755,-0.20230247972160853,0.3705742470262282,0.49042812568871236
1774368230.8774624,base,877345486,1774368230,-0.15928855515840049,0.9251523462489842,0.33998581176848425,-0.055945868673867104,-0.20230676328010566,0.3705762037269102,0.49041310966678264
1774368230.8785155,base,878337483,1774368230,-0.15926680265776036,0.9251554162363755,0.3399889516438636,-0.055937949012985336,-0.20231137160253407,0.3705805299699104,0.49039481882654784
1774368230.8794506,base,879348751,1774368230,-0.15924817145539336,0.925157955874097,0.3399918661822211,-0.055931274801373124,-0.20231519958658004,0.3705829968203281,0.4903763510688938
1774368230.8804965,base,880338306,1774368230,-0.1592290807988097,0.9251611298972655,0.3399934865237452,-0.05592327490954897,-0.20231971092627318,0.37058688997078654,0.49035984305956437
1774368230.881355,base,881246025,1774368230,-0.15922173059261258,0.9251622532337481,0.3399942959454607,-0.055920697627070005,-0.20232111352929888,0.3705879218929811,0.4903533357226497
1774368230.882365,base,882276400,1774368230,-0.1592013962070854,0.9251663569059309,0.339993618977186,-0.055914815120131765,-0.20232437016043442,0.37059050812113153,0.49033468599108454
1774368230.8834536,base,883348906,1774368230,-0.15918312362855844,0.9251697522018182,0.33999391445394755,-0.055908862418790464,-0.20232764811231968,0.3705954378584646,0.49031818434835556
1774368230.8844583,base,884357092,1774368230,-0.1591627871700141,0.9251727959402052,0.33999629410604837,-0.05590192149300106,-0.20233132873245704,0.3705982128931792,0.49029929431725144
1774368230.8854012,base,885314606,1774368230,-0.1591432743128353,0.9251750601052632,0.34000029234350626,-0.05589568504404027,-0.20233690398188203,0.37060021595777426,0.49028174788262346
1774368230.886447,base,886372249,1774368230,-0.15913647064977285,0.9251759332438749,0.3400013958630692,-0.05589389113868966,-0.20233855323328295,0.3706009144381748,0.49027554706931725
1774368230.8873765,base,887276948,1774368230,-0.159118126953838,0.9251793977058981,0.3400013907161177,-0.05588880072393626,-0.20234100523815524,0.37060410325299836,0.49026030151067657
1774368230.8884494,base,888373839,1774368230,-0.15909315767906923,0.9251819157290732,0.34000809932834797,-0.055877387006814556,-0.2023461051041291,0.3706071526885218,0.49023536118742334
1774368230.889425,base,889344861,1774368230,-0.1590773778311412,0.9251852753315694,0.3400073921177092,-0.055870989586107415,-0.20234884741822814,0.3706118461530598,0.49022061968341124
1774368230.8904605,base,890371925,1774368230,-0.15905262256666367,0.9251892684080562,0.3400092220357015,-0.05586420864837485,-0.20235399134502097,0.37061419528309536,0.4901995637872737
1774368230.8913932,base,891309627,1774368230,-0.1590452765173751,0.9251905194930022,0.3400096631239179,-0.05586171891501434,-0.20235517537956277,0.3706153540870892,0.49019312842088025
1774368230.8924503,base,892380719,1774368230,-0.1590283421263362,0.9251945590197264,0.3400075719488291,-0.0558557551045984,-0.20235658096534428,0.3706186187365161,0.49017716262622424
1774368230.8933494,base,893275001,1774368230,-0.15900504966215598,0.9251979918521905,0.340010476902363,-0.05584752144220084,-0.20235999688235615,0.3706248871741108,0.4901567065268176
1774368230.8944213,base,894310698,1774368230,-0.15898146098043808,0.9252022010861126,0.3400112560998976,-0.05584019963527761,-0.20236445617098148,0.3706263096274305,0.49013607467518805
1774368230.895391,base,895274877,1774368230,-0.1589590698095581,0.9252051532945905,0.34001496779033225,-0.05583242893653045,-0.2023678043596677,0.37062910865383786,0.4901144813127772
1774368230.8964064,base,896290686,1774368230,-0.15895178336202942,0.9252061747916382,0.3400160192977735,-0.055829842506953345,-0.20236914239601178,0.37063038166427675,0.4901074996559348
1774368230.8973684,base,897267388,1774368230,-0.15893400118408685,0.9252085176931509,0.3400187571614481,-0.055824966046055455,-0.20237305986896645,0.3706329684251629,0.4900922213067826
1774368230.8984075,base,898322461,1774368230,-0.15890621027073376,0.925212645356019,0.34002199462579646,-0.05581595095853553,-0.20237673198324696,0.3706370700020668,0.4900666460064719
1774368230.8993695,base,899266846,1774368230,-0.15888712537528513,0.9252166194018782,0.340021152778337,-0.05580953534862493,-0.2023806629505689,0.37064154314635445,0.4900496784359897
1774368230.9004157,base,900325489,1774368230,-0.15886543109683307,0.9252207821608671,0.34002126799298643,-0.05580158037629769,-0.20238385289904984,0.37064584527850475,0.49003151151892627
1774368230.9013636,base,901264363,1774368230,-0.15885761493778142,0.9252219818401881,0.34002202789401964,-0.05579931041538627,-0.2023850491465466,0.3706468376715657,0.49002467870688854
1774368230.9024932,base,902376973,1774368230,-0.15883851192205783,0.9252249009879581,0.34002416680943676,-0.05579225490834466,-0.20238729302967104,0.37064980110858775,0.49000650501074144
1774368230.9033895,base,903292439,1774368230,-0.15881089787807856,0.9252291314821052,0.3400272267788851,-0.05578205823639297,-0.20239276403658352,0.37065261477416117,0.4899818003115667
1774368230.904496,base,904411207,1774368230,-0.15879109857402898,0.9252335140765711,0.3400254793697031,-0.0557763823008999,-0.20239517582021835,0.3706564463317719,0.48996269163393247
1774368230.905409,base,905279435,1774368230,-0.15876729327806524,0.9252368537897894,0.34002885238263597,-0.05576818556916013,-0.20239925931150796,0.37066105066429184,0.48994234458047003
1774368230.9063957,base,906306469,1774368230,-0.1587591949749993,0.9252381117197254,0.34002958730221905,-0.05576588913744444,-0.20240057158428926,0.3706623237329366,0.489935239327528
1774368230.9074001,base,907263336,1774368230,-0.1587406048241059,0.9252408453524748,0.3400320479453354,-0.05575845085380317,-0.2024053182889965,0.3706652266342396,0.4899176677252569
1774368230.9084377,base,908278716,1774368230,-0.15871272043270707,0.9252453905386003,0.34003435982766067,-0.05574830756637694,-0.20240624664292783,0.3706711098048553,0.489892843682471
1774368230.9093513,base,909262941,1774368230,-0.15868682876090198,0.9252510809824507,0.3400318825718976,-0.055742679817405834,-0.20241006847089973,0.3706726150326272,0.4898705032967401
1774368230.9104273,base,910293818,1774368230,-0.15866629568354743,0.9252539447350878,0.34003496958537605,-0.05573476316709753,-0.20241462711613545,0.3706781377625974,0.4898513806118927
1774368230.9114044,base,911306747,1774368230,-0.15865836214070003,0.9252550957806099,0.34003606021867494,-0.05573158535163419,-0.20241613920262078,0.3706797354107824,0.4898438289189466
1774368230.9124656,base,912363937,1774368230,-0.1586361739053451,0.9252580805545181,0.3400394642869123,-0.05572442395136752,-0.20241920309692793,0.3706807172146182,0.48982400950899346
1774368230.9133832,base,913299284,1774368230,-0.1586091986180908,0.9252642121074185,0.3400366601444782,-0.055716511598929284,-0.2024201461965588,0.3706866418705493,0.48979980746082474
1774368230.9145253,base,914376246,1774368230,-0.15858958472776064,0.9252677551435753,0.3400371730706804,-0.05571037459526979,-0.202424270865046,0.37069114416661086,0.4897833427591826
1774368230.9154315,base,915343535,1774368230,-0.15856318549940865,0.925271306362809,0.3400411786936737,-0.05570208809872427,-0.2024304343476681,0.3706939698583381,0.4897591851001381
1774368230.9164855,base,916355062,1774368230,-0.15855427534656813,0.9252727166332845,0.3400419776743615,-0.055699147593974783,-0.20243214095774908,0.37069529324833206,0.48975113159125194
1774368230.9174168,base,917338499,1774368230,-0.15853264040688012,0.9252775083468321,0.34004002613066975,-0.055693043570578284,-0.20243291194264518,0.3707000280135813,0.4897314893388131
1774368230.9184825,base,918370337,1774368230,-0.158505347946191,0.9252805863918109,0.34004618363387223,-0.05568199093892379,-0.20243816538701948,0.3707043990439687,0.48970658995444405
1774368230.919419,base,919336192,1774368230,-0.15848094154802936,0.925286384995225,0.3400427697099672,-0.05567595240759368,-0.20244059094133865,0.3707086720590173,0.4896847129103329
1774368230.920497,base,920365427,1774368230,-0.15846016559891843,0.9252894620093747,0.34004576155354777,-0.05566567579966225,-0.20244498023690372,0.37071281790570176,0.4896654279815163
1774368230.9214394,base,921339517,1774368230,-0.15845155421843402,0.9252908633256479,0.3400465107714861,-0.0556623187082373,-0.2024461979193394,0.3707140135279232,0.48965733885165463
1774368230.922423,base,922290886,1774368230,-0.1584278190390133,0.9252950439078937,0.3400470517169751,-0.05565707944748419,-0.20244922312206348,0.37071726417009004,0.48963534849626045
1774368230.9234788,base,923337482,1774368230,-0.15839919500727728,0.9253004069901477,0.3400472492841732,-0.05564818145439123,-0.20245189231845953,0.37072289853889434,0.4896104060802587
1774368230.9245512,base,924368418,1774368230,-0.15837561786523152,0.9253039749916988,0.3400501820033569,-0.05563803779656149,-0.2024566655378943,0.37072624800990744,0.4895871912628389
1774368230.925478,base,925334743,1774368230,-0.15835008212615467,0.9253083218510824,0.3400515776321188,-0.05562989801968874,-0.20246012016504306,0.3707310310465138,0.48956516676486356
1774368230.9263883,base,926262697,1774368230,-0.15834184920423006,0.9253097451597126,0.34005199261212277,-0.05562712129507882,-0.2024611957257428,0.37073251004236296,0.48955784710881173
1774368230.9274273,base,927339799,1774368230,-0.15831803774565686,0.925313705182629,0.34005337285604514,-0.05562058553078269,-0.20246473966049758,0.3707351578435695,0.48953620692206123
1774368230.928471,base,928338400,1774368230,-0.15829105879248198,0.9253191889395778,0.3400523803300756,-0.055612210155743656,-0.20246957111308206,0.3707397272625866,0.4895126424695135
1774368230.9294105,base,929279187,1774368230,-0.15826695851878636,0.9253232071781996,0.3400540840859073,-0.05560352502457016,-0.20247138585230207,0.37074378435049393,0.4894902370184831
1774368230.9303951,base,930264498,1774368230,-0.15823916063553564,0.9253281864721139,0.34005471312643115,-0.05559593008566855,-0.20247630103494949,0.37074833104254107,0.4894650719224286
1774368230.9313798,base,931299435,1774368230,-0.1582310397354349,0.9253296623650109,0.34005485800087215,-0.05559359281162596,-0.20247767198339672,0.37074957952294,0.48945766573367044
1774368230.9323785,base,932294773,1774368230,-0.1582062875135967,0.9253331628036499,0.340058265542626,-0.055584929999956074,-0.20248039353903094,0.3707512282402194,0.4894349735765113
1774368230.93339,base,933299195,1774368230,-0.15817859584299662,0.9253378433027535,0.34006010379787244,-0.055574574887504925,-0.2024832115947643,0.37075696610732006,0.48941008752277027
1774368230.934409,base,934315838,1774368230,-0.1581529024904765,0.9253408438949786,0.34006548795844577,-0.05556479058856423,-0.20248882044953254,0.3707591538035524,0.48938742451292055
1774368230.9354029,base,935288744,1774368230,-0.15812259365806847,0.9253466368825298,0.34006515761354367,-0.05555659782881379,-0.2024937256390292,0.3707633736218604,0.4893602468151535
1774368230.9364371,base,936312032,1774368230,-0.1581133984857976,0.9253483244494967,0.34006525776651503,-0.05555404681905761,-0.20249525671663993,0.3707647585237626,0.4893520284688288
1774368230.9373963,base,937295690,1774368230,-0.15809361485003434,0.9253512636585529,0.3400674555780987,-0.055547938267825385,-0.20249797699020308,0.37076819773896463,0.4893335594524003
1774368230.938506,base,938372095,1774368230,-0.15806383969260368,0.9253575392402839,0.34006587155759893,-0.05553782633996303,-0.20250176650428356,0.37077416456089324,0.48930587302030987
1774368230.9394312,base,939335750,1774368230,-0.15803658081231417,0.9253608164805281,0.3400713210330401,-0.05552742618279943,-0.20250655231195377,0.37077753780147354,0.48928138522603093
1774368230.9404685,base,940359297,1774368230,-0.15800868203104335,0.9253642708661136,0.3400764830428713,-0.05551763943495909,-0.2025114397117479,0.37078125851657034,0.4892560418884319
1774368230.9414234,base,941340724,1774368230,-0.15799902272790503,0.925365654599693,0.34007782395197605,-0.05551385196865233,-0.20251310415527085,0.37078251548199626,0.4892470744808816
1774368230.9424238,base,942353055,1774368230,-0.1579746672762054,0.9253713138494369,0.34007473553030504,-0.05550774952682009,-0.2025144429955538,0.37078626775471674,0.4892257408727456
1774368230.9433296,base,943251970,1774368230,-0.15794295127638883,0.9253754108862254,0.34008013069318604,-0.055496646537959965,-0.20252227331152098,0.3707894828257257,0.4891964281892333
1774368230.9444964,base,944350556,1774368230,-0.15791636786410906,0.9253795551547563,0.3400829999324381,-0.05548560911755381,-0.20252522031787967,0.3707946022844156,0.48917269950210873
1774368230.9453857,base,945314952,1774368230,-0.15788858888273904,0.9253844336784778,0.3400838183954502,-0.055478282883944297,-0.20252965529561065,0.3707988467121137,0.4891475160634328
1774368230.946558,base,946425801,1774368230,-0.1578792925273772,0.9253859445506322,0.3400844947424645,-0.05547539143577057,-0.20253099131343585,0.3708001073098214,0.4891390152951084
1774368230.9474165,base,947339372,1774368230,-0.1578525465811033,0.9253900687134791,0.3400872324471962,-0.05546592278805088,-0.2025344292404699,0.3708027262647099,0.489114524335665
1774368230.9484725,base,948340466,1774368230,-0.15782077201267217,0.9253960139233974,0.3400874902838994,-0.05545557040018595,-0.20253876473668284,0.37080747745186726,0.4890857141941474
1774368230.9494376,base,949337276,1774368230,-0.15779144680384088,0.9254002931700843,0.3400908448749771,-0.05544703732839924,-0.2025435137270452,0.3708113478972601,0.4890587865790211
1774368230.950436,base,950345486,1774368230,-0.1577649279408582,0.9254042910567716,0.3400936593313436,-0.05543851087597622,-0.20254855294425866,0.37081569132820613,0.48903609323345154
1774368230.9514232,base,951336266,1774368230,-0.15775548015336419,0.9254057706614076,0.3400945722305836,-0.0554350976137329,-0.20254997149673423,0.370816935404493,0.4890273644342378
1774368230.952478,base,952348603,1774368230,-0.1577287055590605,0.9254104065757908,0.34009584689209593,-0.05542607482621207,-0.20255390125678105,0.37081980356464406,0.4890022813307373
1774368230.9533794,base,953252334,1774368230,-0.15769788342438057,0.9254167088453307,0.3400946659589306,-0.05541579864650933,-0.20255748779805902,0.37082632602236587,0.48897489295399943
1774368230.9544911,base,954357745,1774368230,-0.15766585744411615,0.9254208061305971,0.34010001903843395,-0.05540564977567224,-0.2025626838513026,0.37082761442867557,0.4889462816037259
1774368230.9553735,base,955282139,1774368230,-0.15763780124721968,0.9254249884604369,0.3401031113977481,-0.055396642213343894,-0.20256762928969546,0.3708307722955304,0.4889206766910596
1774368230.9565036,base,956354341,1774368230,-0.15762802631849948,0.925426806655755,0.34010312193667114,-0.05539401854709531,-0.20256914974939036,0.3708320056863802,0.48891186886697763
1774368230.9574213,base,957326863,1774368230,-0.1576004956083438,0.925430036185521,0.34010873644264367,-0.055383926414240614,-0.20257477739717486,0.3708329866764588,0.48888653487192124
1774368230.9585576,base,958443943,1774368230,-0.15756715562652587,0.9254350578934827,0.3401124222611392,-0.055372243164903724,-0.202579515264771,0.37083810732546685,0.48885677207362244
1774368230.9594314,base,959337882,1774368230,-0.157540988437336,0.9254403681782329,0.34011134737929144,-0.055364549055932584,-0.20258326204765825,0.3708426182106589,0.48883398324200344
1774368230.960483,base,960399507,1774368230,-0.157506227840817,0.9254454367231867,0.3401153801127218,-0.05535395243671056,-0.20258902251390065,0.37084458373786716,0.4888019434935635
1774368230.9613752,base,961286870,1774368230,-0.15749576614045496,0.9254469469180624,0.3401167326381395,-0.05535016050043886,-0.20259052383399942,0.3708458701583501,0.48879252715967864
1774368230.9623847,base,962267560,1774368230,-0.15746874308366038,0.9254522519579783,0.340115990502826,-0.055342906517822324,-0.2025932821201348,0.37085029511881734,0.48876809726455167
1774368230.9634924,base,963356713,1774368230,-0.15743586404999774,0.9254571016613028,0.34011995579380633,-0.05533098016763248,-0.2025996244999616,0.3708528888029859,0.488739773640432
1774368230.9643967,base,964281657,1774368230,-0.1574052299660684,0.9254608728991441,0.3401257282301535,-0.0553195743655993,-0.20260300117191532,0.37085562474371986,0.48871082672355026
1774368230.9653907,base,965278934,1774368230,-0.1573725886853761,0.9254649693250367,0.3401313507814638,-0.055309340063402934,-0.2026095320390099,0.3708583121872021,0.48868356811258223
1774368230.966454,base,966341738,1774368230,-0.15736158616527232,0.9254666537687875,0.3401324000174987,-0.055306007086835925,-0.20261085719422037,0.3708592066976586,0.4886740306366588
1774368230.967438,base,967293020,1774368230,-0.15733545852648137,0.9254711542948764,0.3401336229172501,-0.05529751006652026,-0.20261645094690003,0.37086144655504444,0.48864978797861186
1774368230.9684541,base,968315595,1774368230,-0.1572953226408255,0.9254783052257582,0.3401346960749439,-0.055285409990181215,-0.202618382450298,0.37086572375989574,0.4886139975444451
1774368230.9693868,base,969269765,1774368230,-0.15726774023336113,0.9254822462014313,0.34013826749709364,-0.05527593356896837,-0.20262407247228345,0.3708679635352975,0.48858867540805967
1774368230.9704127,base,970283615,1774368230,-0.1572353301685104,0.9254875218766776,0.3401403398255929,-0.05526705185457061,-0.20262835035118587,0.37087182221060583,0.4885598425340221
1774368230.971408,base,971286969,1774368230,-0.15722382035531038,0.9254891655547298,0.3401417344345717,-0.05526368834535227,-0.20263026415552823,0.37087278987582406,0.4885495965361237
1774368230.972362,base,972269641,1774368230,-0.15719611322514368,0.9254933824518718,0.3401446291899175,-0.05525407005782047,-0.20263404296953777,0.3708739287051266,0.48852549999042394
1774368230.9733915,base,973293739,1774368230,-0.15715860322500672,0.9254996219552317,0.3401469137460918,-0.05524219639095479,-0.20263878610610425,0.37087767012853423,0.48849188065896537
1774368230.97442,base,974294980,1774368230,-0.1571281690465397,0.9255036203958059,0.34015153437652346,-0.055233330405062106,-0.20264304880056183,0.3708792744331277,0.4884651566476189
1774368230.975379,base,975280026,1774368230,-0.1570923723147847,0.9255095129894595,0.34015412120527283,-0.0552204830981684,-0.20264737219975876,0.370883264091865,0.48843391349238063
1774368230.9764905,base,976391966,1774368230,-0.15708039746266897,0.9255116199908053,0.34015450211359727,-0.05521688769584681,-0.20264871141683027,0.370884287747251,0.4884235945968939
1774368230.9774525,base,977313459,1774368230,-0.15705057735454306,0.9255167936117268,0.34015560335900813,-0.05520820952306086,-0.20265116275345438,0.3708858332713315,0.48839534609006063
1774368230.9785078,base,978359573,1774368230,-0.15701165188521743,0.9255226873975291,0.34015926474940233,-0.05519756235448359,-0.20265748195984196,0.370887895839256,0.4883619435971434
1774368230.9794512,base,979319617,1774368230,-0.15697833614626866,0.9255270787442901,0.34016427223488066,-0.055187828247937096,-0.20266166450758355,0.3708901949055906,0.4883323995168918
1774368230.9805572,base,980394338,1774368230,-0.15694049999056758,0.9255341451289015,0.3401642736460907,-0.05517692088230138,-0.2026658788778768,0.37089325154183744,0.4883012372466755
1774368230.9813356,base,981241629,1774368230,-0.1569276679029536,0.9255361854765906,0.3401652381110048,-0.055173247148105294,-0.2026674393633412,0.370893884689059,0.4882904537450584
1774368230.9823241,base,982246095,1774368230,-0.1568994734890392,0.9255389029884978,0.34017260563542334,-0.05516242062235123,-0.20267339492234615,0.3708937357230777,0.4882642626123585
1774368230.983437,base,983335982,1774368230,-0.1568604463354062,0.925545033904645,0.34017586319417714,-0.055150455029883395,-0.20267733966195625,0.3708969096584697,0.4882307388985002
1774368230.9845483,base,984432779,1774368230,-0.15682332778017868,0.9255513692763879,0.3401776216291488,-0.055138846898441354,-0.2026809715233804,0.37089841797646184,0.4881983859246339
1774368230.9855251,base,985412701,1774368230,-0.15678637682743118,0.9255564302482155,0.34018272531821725,-0.055127487359549844,-0.20268461993763653,0.37090132562953926,0.4881673042827288
1774368230.9864497,base,986328663,1774368230,-0.15677314589983837,0.9255585053853885,0.3401837696498381,-0.055123830602196694,-0.20268568631457376,0.3709018600152308,0.4881561829104698
1774368230.9875093,base,987402495,1774368230,-0.15674154914712068,0.92556392746298,0.34018498242527534,-0.05511515837389417,-0.20268955734985078,0.37090288375098635,0.48812904550979885
1774368230.9886277,base,988509042,1774368230,-0.15670048817897458,0.9255704881446981,0.3401885269081412,-0.05509986061801898,-0.20269380552325053,0.37090702940203973,0.4880918681878812
1774368230.989382,base,989285295,1774368230,-0.15666737570097625,0.9255742384203799,0.34019526097739977,-0.05508944519616773,-0.2026997873275311,0.37090861423112914,0.48806389568604164
1774368230.9905467,base,990418123,1774368230,-0.15662665547968618,0.925581394364821,0.34019625680895127,-0.055078853039069044,-0.20270252339261582,0.3709108895286329,0.4880278930458251
1774368230.9915164,base,991408058,1774368230,-0.15661350416910252,0.9255834993246901,0.34019715009798907,-0.0550753588725686,-0.20270392907450005,0.3709115234072297,0.4880165478165718
1774368230.992553,base,992400425,1774368230,-0.1565795524372374,0.9255890649064339,0.34019938547458284,-0.05506455127306484,-0.20270745235127585,0.3709132405609957,0.4879873162370213
1774368230.9934077,base,993314697,1774368230,-0.15653679708696366,0.925596008284042,0.340202024189279,-0.05505309567971253,-0.20271113615889005,0.3709154680300347,0.48795049514716526
1774368230.9944828,base,994324906,1774368230,-0.15650426333463927,0.925600718982927,0.340206108720526,-0.05504114974823995,-0.2027186015289892,0.3709179930228266,0.48792111235224056
1774368230.995398,base,995301848,1774368230,-0.15646435738244852,0.9256067728882703,0.34020955412373616,-0.05503150129869286,-0.20272110807435054,0.37092036999818695,0.4878856132806571
1774368230.9964802,base,996369884,1774368230,-0.15645108342491587,0.9256087400633101,0.3402109098153031,-0.055027771681446645,-0.20272272246202938,0.3709211319681939,0.48787395338646855
1774368230.9973838,base,997296598,1774368230,-0.15641932511269735,0.9256140885977271,0.340212843157593,-0.05501613464534139,-0.20272530195675253,0.37092318075122477,0.4878434665703835
1774368230.9984944,base,998370107,1774368230,-0.15637843476481336,0.9256206931984613,0.3402155009155901,-0.05500482160739362,-0.2027316228433797,0.3709256351976047,0.48780758735150936
1774368230.9993823,base,999297466,1774368230,-0.15634397293997257,0.925625716572895,0.3402193236928656,-0.054994606373978946,-0.2027354546556856,0.37092921310077004,0.48777655209147075
1774368231.000468,base,366783,1774368231,-0.15630554835214858,0.925631724502221,0.34022272590751645,-0.05498165990071173,-0.20274116374338347,0.3709303075647316,0.48774084035617155
1774368231.0015259,base,1345695,1774368231,-0.15629318199751918,0.9256337238177216,0.3402236410558287,-0.054977492295873176,-0.20274260159713714,0.37093114941736777,0.487729503964099
1774368231.0025334,base,2343018,1774368231,-0.15626390880769148,0.9256392531629142,0.3402236169601826,-0.05496775664582672,-0.20274450339200228,0.3709351583164292,0.4877013900063921
1774368231.0034225,base,3309411,1774368231,-0.15622364015782553,0.9256459609122724,0.3402257642687177,-0.054955969925033335,-0.20274887011593454,0.370938166541837,0.48766454476314824
1774368231.0045154,base,4345292,1774368231,-0.15618513218363575,0.9256519168852558,0.3402290704521671,-0.054944634594162926,-0.20275441494634852,0.37094012871285753,0.4876285706393749
1774368231.0053852,base,5288910,1774368231,-0.15614507459829735,0.9256556155081161,0.3402397191539612,-0.05493023454361264,-0.20276054528893744,0.3709421215130149,0.48759259814697237
1774368231.0065098,base,6358465,1774368231,-0.15613124421691035,0.9256574451194777,0.340241773424364,-0.05492599103525056,-0.20276210768832345,0.37094296290249423,0.48758024265339084
1774368231.0074315,base,7314151,1774368231,-0.15610077220115673,0.9256641814230884,0.3402387233666781,-0.05491796855619633,-0.20276436383044022,0.3709460371655932,0.48755038947621965
1774368231.0084753,base,8310651,1774368231,-0.15605632909823236,0.9256700848178191,0.34024518301911566,-0.054904750742028836,-0.2027690425913325,0.370948518744794,0.48750968691319246
1774368231.0093892,base,9294052,1774368231,-0.156021698639056,0.9256763939913208,0.34024556060045497,-0.054894459216670355,-0.20277394426877163,0.3709512406554004,0.48747602316181365
1774368231.0104816,base,10329816,1774368231,-0.15598192814747627,0.9256823667445103,0.34024948042893577,-0.05488246584763457,-0.20278002996979125,0.37095278186765784,0.4874391652094936
1774368231.011474,base,11352741,1774368231,-0.15596867099758902,0.9256844304868487,0.3402505889261656,-0.05487846168472474,-0.2027815873368745,0.3709535637634715,0.4874268519067583
1774368231.0124445,base,12318254,1774368231,-0.15593839807887044,0.9256899777324785,0.3402510643086779,-0.05486797214269074,-0.20278431262452043,0.3709576606786126,0.4873980595115575
1774368231.0134234,base,13322586,1774368231,-0.15589353664735575,0.9256967897664906,0.34025511002263853,-0.054855435018559634,-0.20278864259968385,0.37096224930830907,0.48735588676040104
1774368231.014465,base,14320248,1774368231,-0.15585555733958262,0.9257030340431295,0.34025770625176727,-0.05484187584317961,-0.20279377355014336,0.3709653905974852,0.4873200681469189
1774368231.015439,base,15314722,1774368231,-0.15581374155306355,0.9257100709101066,0.3402598626171488,-0.054828536827090504,-0.2027983446188298,0.3709695049132162,0.48727993117201857
1774368231.016492,base,16346461,1774368231,-0.15579901600948448,0.9257123719610243,0.3402611221883582,-0.05482371508653602,-0.20280027856608085,0.3709703321034619,0.48726588170771745
1774368231.017396,base,17297901,1774368231,-0.15575938803627482,0.9257186759670532,0.3402636554082902,-0.05481414792332122,-0.20280406351189542,0.37097093289313693,0.4872292629920151
1774368231.0184412,base,18297634,1774368231,-0.1557200388416806,0.9257247652521775,0.3402673899233441,-0.05479992569977776,-0.20280907319684705,0.3709761115524915,0.4871911045893348
1774368231.0194166,base,19297797,1774368231,-0.15568079755590838,0.9257320351935925,0.3402671322641874,-0.05479020888253241,-0.20281377683908947,0.37097915421944516,0.487155674100647
1774368231.0204828,base,20335362,1774368231,-0.15563908038171526,0.9257388321900335,0.34027004898440844,-0.05477577016816231,-0.2028186838791639,0.3709830270473754,0.4871151595960543
1774368231.0214164,base,21311228,1774368231,-0.1556244073786102,0.9257412639091627,0.3402708467168865,-0.05477140676023628,-0.20282041956079655,0.3709844962367227,0.487101085569166
1774368231.022499,base,22329539,1774368231,-0.15558475287506474,0.925746717860647,0.3402761811426657,-0.054758739850441045,-0.20282448552519147,0.37098646629899146,0.48706433511079766
1774368231.023547,base,23372537,1774368231,-0.1555389494450352,0.9257532319022909,0.3402819149261639,-0.05474310186846351,-0.20283217617926236,0.3709910976448174,0.4870217271649058
1774368231.0244942,base,24341067,1774368231,-0.15549324069052872,0.9257597332894163,0.3402872112571405,-0.054730084727727946,-0.2028376345365026,0.37099213104519263,0.48697836319365456
1774368231.0254524,base,25340621,1774368231,-0.15544501325117063,0.9257683058241689,0.34028831213912486,-0.05471523013107958,-0.20284142154113383,0.37099597529858114,0.4869327104780494
1774368231.0264685,base,26339162,1774368231,-0.15542996306257417,0.9257709015885859,0.34028888001291246,-0.054710533663831565,-0.2028432138480361,0.3709973258309591,0.4869185243326092
1774368231.0274005,base,27302075,1774368231,-0.15539431916497748,0.9257764063523002,0.34029197735983674,-0.05469937072038722,-0.20284720213372973,0.3709991044023497,0.4868841570265384
1774368231.0284631,base,28325071,1774368231,-0.1553409647356015,0.9257856375776784,0.34029353041955557,-0.05468501700190887,-0.20285293196037796,0.3710043234352966,0.48683572469719194
1774368231.0293968,base,29305130,1774368231,-0.15530017140406518,0.925792830089519,0.3402947412518578,-0.05467157939037609,-0.20285761703396585,0.3710086559376185,0.4867979636209304
1774368231.030455,base,30327904,1774368231,-0.15525168159421154,0.9257993422842292,0.3403015271594232,-0.05465678184107192,-0.20286595757121725,0.37101276651749565,0.4867527712613995
1774368231.03144,base,31331466,1774368231,-0.15523642236870933,0.9258015513129151,0.34030325355840785,-0.05465195672915507,-0.20286795952776807,0.37101404322686254,0.4867383953434112
1774368231.0324624,base,32332107,1774368231,-0.15519919114968503,0.9258070123315657,0.34030733970748267,-0.05463974309419633,-0.20287231702631758,0.3710152067855893,0.4867025344483041
1774368231.0334013,base,33291258,1774368231,-0.1551501984882032,0.9258139157633978,0.3403138686622915,-0.05462124205856147,-0.2028780901943975,0.37102220041510786,0.4866562346637645
1774368231.0344348,base,34308832,1774368231,-0.15510804372217055,0.9258212930189141,0.34031478125959147,-0.05461023550309636,-0.20288435492762297,0.3710248326188623,0.48661684440678254
1774368231.035426,base,35314732,1774368231,-0.15505838633410818,0.9258290738165279,0.340318740811049,-0.05459466600570742,-0.20288971293411856,0.37102850486367495,0.4865696372147052
1774368231.0364797,base,36334062,1774368231,-0.1550421215759466,0.9258315718439831,0.3403201574334846,-0.05458966530926146,-0.20289151233882377,0.3710298578983385,0.4865542318623069
1774368231.037396,base,37294919,1774368231,-0.1550001880167895,0.9258385832387543,0.3403220000611225,-0.05457834529933399,-0.20289789228071795,0.371032990206987,0.48651481317161555
1774368231.038508,base,38334428,1774368231,-0.1549471540964438,0.9258476531943095,0.3403239862713873,-0.05456268762034192,-0.20290340704490686,0.3710374065728146,0.48646414599695986
1774368231.039408,base,39297004,1774368231,-0.15490405736026142,0.9258530185093636,0.34033156569953604,-0.05454673701452001,-0.20291045978532246,0.3710392500485133,0.4864224914485487
1774368231.0404832,base,40312698,1774368231,-0.15485071514639256,0.9258622421732674,0.3403331099974455,-0.05453199772617419,-0.20291376291808272,0.3710445945724547,0.48637329635589666
1774368231.041384,base,41269703,1774368231,-0.15483322891549028,0.925865075508075,0.3403341472194535,-0.05452707047364049,-0.20291566286770255,0.3710458283625362,0.48635717111479043
1774368231.0424585,base,42327452,1774368231,-0.15479539123482494,0.925870382337676,0.3403392092443029,-0.05451279311598182,-0.20292314881004717,0.37104735556438345,0.4863202866414636
1774368231.0433962,base,43295218,1774368231,-0.15473576079048987,0.9258792699083751,0.34034506033721784,-0.05449460331609072,-0.20292898044869073,0.3710540107144185,0.4862644093967253
1774368231.0444722,base,44316712,1774368231,-0.15469259562423313,0.9258857418178861,0.34034934738720213,-0.05448041565999411,-0.20293759733593292,0.3710562339092654,0.48622239955730573
1774368231.0454295,base,45324665,1774368231,-0.15463990719040163,0.9258948280175003,0.3403511876838042,-0.05446407620451567,-0.20294205325200337,0.37106273213801205,0.4861738756669627
1774368231.0464668,base,46308645,1774368231,-0.15462259279366877,0.9258972038926253,0.3403535390312658,-0.054458149899480404,-0.20294450841661796,0.37106391815554324,0.48615766594970106
1774368231.0474277,base,47307591,1774368231,-0.15457839545593371,0.925903150366707,0.34035933799719426,-0.054446274779711465,-0.20295138990590783,0.3710642017296786,0.4861151902362533
1774368231.0484471,base,48301619,1774368231,-0.15452249774352123,0.925912890788746,0.34036096771563434,-0.05442911002403276,-0.20295812065677143,0.3710702642814627,0.4860633118216828
1774368231.0494318,base,49318752,1774368231,-0.15447149093942983,0.925920457376873,0.3403661609761967,-0.05441269668264666,-0.20296365743932449,0.37107456539052963,0.4860153315351614
1774368231.0504563,base,50285533,1774368231,-0.15441597316427916,0.9259273693373375,0.3403755148989554,-0.054394143076596804,-0.20297239942008835,0.3710772981417516,0.4859628326506099
1774368231.0514264,base,51306474,1774368231,-0.15439829872046934,0.9259300490127825,0.34037715219200887,-0.05438845422577106,-0.2029746362879967,0.37107872216649057,0.4859462182814863
1774368231.0524714,base,52333514,1774368231,-0.1543502306020053,0.9259399109983226,0.34037420027173365,-0.054375466185625214,-0.2029784809524914,0.3710829356778587,0.48590103728481593
1774368231.0534625,base,53320137,1774368231,-0.15429468910282254,0.9259462175422783,0.3403854420200495,-0.054355330875881444,-0.20298877767924517,0.37108768079898274,0.4858477420883201
1774368231.0544088,base,54272647,1774368231,-0.15424200129814922,0.9259545744470036,0.34038906060745283,-0.05433984279500653,-0.20299480942352485,0.37109001369230427,0.4857983533937112
1774368231.0554435,base,55327628,1774368231,-0.15418143469471407,0.9259649508510109,0.3403911616165446,-0.05432174596148348,-0.20300037659487827,0.37109310331041995,0.4857422478974369
1774368231.0563884,base,56237837,1774368231,-0.1541620297376531,0.9259680319137678,0.34039252632164013,-0.05431574804126576,-0.2030027288276738,0.37109411518219493,0.48572426962028714
1774368231.057438,base,57329931,1774368231,-0.15411597542430633,0.9259741231837215,0.3403987512511296,-0.05430358606781171,-0.20300935225485878,0.3710955642755387,0.48568004222966
1774368231.058409,base,58275259,1774368231,-0.15405589183608012,0.9259840968698969,0.3404019997261388,-0.054283635812987216,-0.20301568524094654,0.3711033625546997,0.4856235243254593
1774368231.0593488,base,59257965,1774368231,-0.1540034411197696,0.9259908871945931,0.3404098339277042,-0.05426750336207634,-0.20302318832696495,0.37110553412788166,0.4855726346507431
1774368231.060374,base,60252998,1774368231,-0.15394420544979168,0.9260002485957652,0.3404140549528311,-0.054249353909371974,-0.20302963150541667,0.37110856640608375,0.48551789232103415
1774368231.0614078,base,61316311,1774368231,-0.15392446168271162,0.9260033416844785,0.3404155769336053,-0.05424302965199234,-0.20303184825256462,0.37110971885782595,0.48549943750504154
1774368231.0625067,base,62383268,1774368231,-0.1538811140133445,0.9260103835415257,0.34041835908483586,-0.054228342416824796,-0.20303761753242325,0.37111511943333503,0.4854580645148683
1774368231.0635104,base,63351399,1774368231,-0.1538159318831932,0.9260197901583073,0.3404254575694213,-0.054208072947851696,-0.20304732125515076,0.3711185857535399,0.48539635548161497
1774368231.0644977,base,64357891,1774368231,-0.15376286617164123,0.9260282862465209,0.34042888706207897,-0.054191945081235884,-0.2030538694336748,0.3711222517385215,0.48534641518032623
1774368231.0655055,base,65366977,1774368231,-0.15370389895699338,0.9260374969234936,0.3404332409592367,-0.05417447911220878,-0.20306160263370582,0.3711270161499795,0.4852910721976541
1774368231.0665042,base,66364050,1774368231,-0.15368357532818666,0.9260405231991243,0.3404351144758194,-0.05416863390628719,-0.20306424445300875,0.3711285508521664,0.4852719926589908
1774368231.0674386,base,67318333,1774368231,-0.15363382051672522,0.9260480974415639,0.34043931729137217,-0.054153870226227106,-0.2030699209540189,0.3711314419969986,0.485224782874506
1774368231.068422,base,68306125,1774368231,-0.1535721331322636,0.9260565151086642,0.3404476287237141,-0.05413264122877042,-0.20308042947865002,0.3711344952275702,0.48516620902971136
1774368231.0694394,base,69284569,1774368231,-0.15351077952617917,0.926066463800862,0.34045114518775454,-0.054114350527175795,-0.20308693671047026,0.37113810757182125,0.48510881046358983
1774368231.070461,base,70305454,1774368231,-0.15345412463965474,0.9260750347253859,0.3404565047157131,-0.05409464008764787,-0.20309359415333347,0.3711456532815821,0.48505416823959513
1774368231.0714371,base,71302321,1774368231,-0.15343441404442532,0.9260779583178271,0.34045844646569146,-0.05408827908980499,-0.2030961544224684,0.37114746934071063,0.4850349290598638
1774368231.072422,base,72298506,1774368231,-0.1533784405792791,0.9260871871632818,0.3404610443767032,-0.05407266406784425,-0.2031023586629438,0.3711488540163704,0.4849831243455364
1774368231.0734222,base,73295619,1774368231,-0.15330902714527403,0.9260972667628488,0.3404682623488604,-0.054051429428813864,-0.20311250871586878,0.3711528092394647,0.4849188011108146
1774368231.0744154,base,74296450,1774368231,-0.15325530484594946,0.9261054576731966,0.3404728304846277,-0.054034660231004415,-0.20311829075147758,0.371159391425696,0.48486804197902034
1774368231.0754366,base,75313815,1774368231,-0.1531941632293624,0.9261139265024881,0.340480445011471,-0.054014905863012636,-0.20312911280883558,0.3711632818460664,0.4848102903091084
1774368231.0765388,base,76404008,1774368231,-0.1531732680968051,0.9261168831335594,0.34048292938660835,-0.05400780973006791,-0.20313174890538366,0.371164884026034,0.4847903479073162
1774368231.0774608,base,77343437,1774368231,-0.15311740770984614,0.9261253120638205,0.34048824545738693,-0.05398815162846411,-0.20313707619436813,0.3711693047080209,0.4847380195501774
1774368231.0784853,base,78339679,1774368231,-0.15304310625789522,0.9261370386295964,0.3404929682806709,-0.053967878008628595,-0.20314621548921424,0.3711728840431891,0.48466759536542886
1774368231.0794435,base,79301577,1774368231,-0.15298351557395207,0.9261467698141027,0.34049627821111367,-0.05394895040608002,-0.2031531684142689,0.3711775825787241,0.48461138341688736
1774368231.080487,base,80378936,1774368231,-0.1529198127400532,0.9261564329072667,0.3405015992177779,-0.05393008053183822,-0.2031616209078304,0.3711815468257064,0.48455100861731926
1774368231.0814688,base,81339650,1774368231,-0.15289746106127258,0.9261595570202638,0.3405042949223842,-0.05392278257337397,-0.20316459847094692,0.37118295013446784,0.48452978650783135
1774368231.0825164,base,82389685,1774368231,-0.15284071916466188,0.9261668369934668,0.3405129784902773,-0.05390376701517255,-0.20317265252358405,0.37118534656732793,0.4844755919446265
1774368231.083472,base,83347723,1774368231,-0.15276971766887415,0.9261788089874567,0.34051551742000713,-0.053883295576026724,-0.20318037139338724,0.37119233689532705,0.4844090585020376
1774368231.084498,base,84387371,1774368231,-0.15271053058492595,0.9261876365897529,0.34052108518142804,-0.05386414599360891,-0.20318744067973069,0.37119795385357124,0.4843526720051225
1774368231.085469,base,85342531,1774368231,-0.1526405158814696,0.9261990438855067,0.34052469114040324,-0.05384365088610829,-0.20319626361272275,0.3712028114230435,0.4842885310906415
1774368231.0864816,base,86343005,1774368231,-0.15261676346080746,0.926202611737434,0.3405268657565861,-0.053835854404847866,-0.2031989495877976,0.3712044806442393,0.48426634049378536
1774368231.0874667,base,87347044,1774368231,-0.15255939869349433,0.9262114157406832,0.3405315951586912,-0.053817059754281395,-0.20320402096802065,0.3712088194832158,0.48421140551513103
1774368231.0885055,base,88390724,1774368231,-0.1524872759014624,0.9262230591550757,0.34053565820738235,-0.0537953610158845,-0.20321481798658664,0.3712151263285309,0.48414315358231075
1774368231.0893576,base,89246465,1774368231,-0.1524224552478703,0.9262312809459793,0.34054594568728747,-0.05377237403474451,-0.20322338232247097,0.37121843203312077,0.48408032066694945
1774368231.0904338,base,90324883,1774368231,-0.15234975016753918,0.9262431839456191,0.34054943377519725,-0.05375128811073188,-0.20323157338900266,0.37122440317892397,0.48401331665147307
1774368231.0914614,base,91349566,1774368231,-0.15232606187962752,0.926247043637808,0.34055068392180554,-0.05374399226755604,-0.20323423775500296,0.3712263350407341,0.48399132058837485
1774368231.0924942,base,92383007,1774368231,-0.15226600575050794,0.9262565734527632,0.34055431718655593,-0.05372690828561475,-0.20324046190104972,0.37122978545214447,0.4839336046639542
1774368231.093358,base,93257521,1774368231,-0.15219217371737015,0.9262675254442742,0.3405614047721373,-0.05370235698878737,-0.20325147871274116,0.3712370749384328,0.4838655325022531
1774368231.0944676,base,94328346,1774368231,-0.15212289945678406,0.9262782900897666,0.34056660809231776,-0.05367996108170225,-0.20325753851433603,0.37124332333454857,0.4838002911853598
1774368231.0954132,base,95310174,1774368231,-0.15204991573223176,0.9262891000341933,0.34057316742599214,-0.05365858657374986,-0.20326955849483902,0.3712483922806181,0.48373220131908046
1774368231.0964508,base,96338493,1774368231,-0.15202555589665726,0.9262928636991518,0.34057492546184487,-0.05365147864687427,-0.20327241822956474,0.37125006415502076,0.4837092578828754
1774368231.0973935,base,97295868,1774368231,-0.15196283000617689,0.9263019101450805,0.3405814494644691,-0.053631575016684196,-0.20327766313625917,0.37125193212910246,0.483649314707614
1774368231.0984325,base,98335443,1774368231,-0.15188055018022809,0.9263154830893043,0.34058502445524946,-0.05360751237277187,-0.2032890585060717,0.37125799021654876,0.4835732044507694
1774368231.0993958,base,99301660,1774368231,-0.1518171000255951,0.9263250123412335,0.340590496874592,-0.05358780728440496,-0.20329613640070604,0.3712634300596084,0.48351197232508714
1774368231.100449,base,100342300,1774368231,-0.15174572817515114,0.9263350925705389,0.340598863174477,-0.053562530347043974,-0.20330407562494968,0.3712678247811766,0.4834443933469783
1774368231.1014054,base,101306067,1774368231,-0.15172183906374087,0.9263384408675983,0.34060166515566037,-0.05355447894709419,-0.2033070377638608,0.3712693639461531,0.483421922133639
1774368231.1024458,base,102354640,1774368231,-0.15165726525796808,0.9263489383123877,0.3406047586522077,-0.05353612579798445,-0.2033152383800958,0.3712726911068207,0.4833607560731591
1774368231.1034284,base,103345115,1774368231,-0.15158273761152374,0.9263594387736814,0.34061315293119554,-0.053512091188589364,-0.2033270736763323,0.3712796766446073,0.4832908043084664
1774368231.1044075,base,104304842,1774368231,-0.15151079433304507,0.9263714720532678,0.3406156866336385,-0.05349139169554794,-0.20333303591747684,0.37128476972810337,0.4832232354712821
1774368231.1053402,base,105256387,1774368231,-0.15143793313568113,0.9263822778891269,0.3406223281129879,-0.05346828229365196,-0.20334215791057675,0.37128857110141716,0.483153408737212
1774368231.1064155,base,106321665,1774368231,-0.15141347018946705,0.9263858975911159,0.3406246088752522,-0.053460318162794424,-0.2033452022220715,0.3712900065175623,0.4831301552246275
1774368231.1074576,base,107334277,1774368231,-0.1513450417879641,0.9263965797072307,0.3406290985508411,-0.05344036539344908,-0.2033513626796513,0.37129471574441764,0.4830655016502322
1774368231.1084006,base,108295598,1774368231,-0.15126312057301344,0.926409736722803,0.34063389231251495,-0.053413663680062416,-0.20336067556277787,0.3713015230442358,0.4829901118662654
1774368231.1093965,base,109301186,1774368231,-0.15119415849181875,0.9264186439427238,0.3406438123252938,-0.053391157673961694,-0.203369251223521,0.37130588396399505,0.48292319734028955
1774368231.1104107,base,110256397,1774368231,-0.15111789951741342,0.9264306085370992,0.34064844037484393,-0.053369917380593435,-0.20337912285688972,0.37131161558777487,0.48285096542081407
1774368231.1113725,base,111267849,1774368231,-0.1510922400316578,0.9264345048739728,0.340650393715006,-0.053362462864303184,-0.2033822074912176,0.37131312901417435,0.48282665532103863
1774368231.1124418,base,112295686,1774368231,-0.15102476024201011,0.9264454728638755,0.3406538612382466,-0.053340926382534556,-0.2033891255662093,0.371315682898618,0.4827629008189377
1774368231.1134198,base,113300074,1774368231,-0.15093798680714898,0.926458501733225,0.340660943416702,-0.053315010412411226,-0.20339996724541634,0.3713219692419519,0.4826820685529794
1774368231.1144254,base,114311158,1774368231,-0.15086676692852896,0.926469831033463,0.34066530644710863,-0.053291836191457324,-0.20340775407776288,0.37132849051390837,0.48261520424157495
1774368231.115433,base,115315016,1774368231,-0.15079226376100105,0.9264805765459159,0.3406726742474446,-0.05326878536323743,-0.20341562162464186,0.3713331127744076,0.4825445127241613
1774368231.116564,base,116289896,1774368231,-0.1507662362095053,0.9264844060376968,0.3406750444410845,-0.05326069360476765,-0.20341842233874982,0.3713347287607572,0.48251983095168893
1774368231.1175647,base,117321436,1774368231,-0.15069364296166382,0.9264958113114687,0.3406793055279548,-0.05324047687837058,-0.2034237268891097,0.37133643046912795,0.4824517056406409
1774368231.1183472,base,118240123,1774368231,-0.1506157954410659,0.9265074010981563,0.34068618438668385,-0.0532150508976331,-0.2034356373082999,0.37134352100903617,0.4823785710966579
1774368231.1194003,base,119297136,1774368231,-0.1505448414454172,0.9265173023040907,0.34069376746000357,-0.05319488752909675,-0.2034448000124308,0.3713470671241629,0.482310011647309
1774368231.1204226,base,120326357,1774368231,-0.1504674668299572,0.926528365848782,0.3407020764918661,-0.05316788295100588,-0.2034558533121347,0.37135234212008356,0.48223747438893916
1774368231.1213336,base,121246042,1774368231,-0.15044087932710912,0.9265323732739565,0.3407042644416624,-0.05315926348136823,-0.20345917068528516,0.3713538357568233,0.4822124994687411
1774368231.1224327,base,122313066,1774368231,-0.15037070862683657,0.926543870016151,0.3407068168689295,-0.053141056271009214,-0.20346333973083292,0.37135685192025936,0.48214660807257875
1774368231.1234245,base,123319269,1774368231,-0.15028385035961642,0.9265570933522173,0.3407133615923478,-0.05311423831912909,-0.20347497746854246,0.37136236671268363,0.4820647256383401
1774368231.1244156,base,124318780,1774368231,-0.15020747876175145,0.9265679820762516,0.34072121233727926,-0.05308995553394077,-0.20348331848437826,0.3713665010585405,0.48199196006063444
1774368231.1254134,base,125323734,1774368231,-0.15012658676434754,0.9265798610186328,0.3407284929145221,-0.053064707832762265,-0.20349259728111893,0.37136979902389444,0.4819160455133256
1774368231.1264133,base,126312884,1774368231,-0.1500984572353318,0.92658408462822,0.34073074999666253,-0.05305603882659378,-0.20349561547822634,0.3713711353149027,0.48188965877982526
1774368231.127408,base,127318466,1774368231,-0.1500300066511613,0.9265930495060655,0.34073986826317765,-0.05303451599944082,-0.20350488827662347,0.37137338751400445,0.4818249370797104
1774368231.1283333,base,128235602,1774368231,-0.14994233923736552,0.9266076930206708,0.34074268288290055,-0.053008510644048594,-0.20351449294178733,0.37138024873969755,0.4817422237654906
1774368231.129383,base,129289567,1774368231,-0.14985912862582812,0.9266194896178088,0.3407512255250794,-0.052982688975698446,-0.20352223297062613,0.37138440016324814,0.4816630086359786
1774368231.1303637,base,130274122,1774368231,-0.1497722478413551,0.9266319893410752,0.3407598966333865,-0.05295397013211636,-0.20353285999711035,0.37138950729377235,0.48158069195484454
1774368231.131403,base,131310866,1774368231,-0.149743557692599,0.9266362498713868,0.3407623190176364,-0.05294496474244461,-0.20353617348092326,0.37139127488774454,0.48155349713218804
1774368231.1323605,base,132267018,1774368231,-0.14967824492419743,0.9266476954240923,0.34076253416440144,-0.05292794036693622,-0.20354205688982133,0.3713947532006383,0.48149221267840914
1774368231.1333523,base,133272455,1774368231,-0.14958698530815417,0.9266608420069644,0.3407711475165607,-0.05290030942828589,-0.2035536904452627,0.37140004237247914,0.48140525736838774
1774368231.1343868,base,134266193,1774368231,-0.14951075676155492,0.9266704531857375,0.34078230714233826,-0.05287555147582092,-0.20356441590040972,0.37140379671784757,0.48133379585180275
1774368231.1353898,base,135270770,1774368231,-0.14942357689644864,0.9266840096205087,0.3407880422346763,-0.052847433721843716,-0.2035731033450462,0.37140798391563545,0.48125084151710756
1774368231.136397,base,136268293,1774368231,-0.14939498212061075,0.9266883830957809,0.3407900446757812,-0.05283867335946943,-0.20357618247479906,0.3714092875894752,0.4812237418681638
1774368231.137325,base,137241179,1774368231,-0.1493258181498514,0.9266982191232712,0.34079698733060854,-0.05281689250624536,-0.20358324724148327,0.37141338523084083,0.481159168781845
1774368231.1384377,base,138288963,1774368231,-0.14923139061955876,0.926712798373609,0.3408031721083111,-0.05278805987361471,-0.20359506976257294,0.3714182221864518,0.4810694008436061
1774368231.1394105,base,139262143,1774368231,-0.14914678398581183,0.9267239363201766,0.3408137559583775,-0.052763305691270905,-0.20360657312111705,0.371420073205042,0.48099026514859006
1774368231.1404734,base,140292355,1774368231,-0.14905599936890684,0.9267388269081305,0.34081689794189957,-0.05273801124747937,-0.2036122159112517,0.3714249545124293,0.4809035051044264
1774368231.1414845,base,141318364,1774368231,-0.14902567857344592,0.9267431885881715,0.34081969154812913,-0.05272899946131035,-0.20361532327287185,0.3714259990936884,0.4808747009620316
1774368231.142555,base,142388528,1774368231,-0.14895456869950668,0.9267531762849189,0.34082716051987755,-0.052706103643844045,-0.20362487922728317,0.3714290558970453,0.48080664246293364
1774368231.1434917,base,143347059,1774368231,-0.14885662082404263,0.9267675599960359,0.3408354197233863,-0.05267649226955289,-0.20363659852678787,0.37143424136770264,0.48071486917527345
1774368231.1445606,base,144392754,1774368231,-0.14877876003081392,0.9267779472538129,0.3408450930990358,-0.05265111165029572,-0.20364601032822197,0.3714377431766166,0.48063896739808115
1774368231.1454957,base,145339566,1774368231,-0.14868684440029428,0.9267915785413672,0.3408526649529527,-0.052621792458578044,-0.203656153864007,0.37144231070459266,0.4805527225494257
1774368231.1464367,base,146244633,1774368231,-0.14865638975089074,0.9267960960017234,0.3408550350629632,-0.05261291946301579,-0.20365932461777017,0.3714434368447471,0.48052407832968647
1774368231.1474664,base,147318567,1774368231,-0.14857881055150277,0.9268072349277399,0.3408622582516658,-0.05258904106629536,-0.2036664175911992,0.3714440134447083,0.48044943466593715
1774368231.1484766,base,148287592,1774368231,-0.14848621496255499,0.9268214804994537,0.34086820290777115,-0.05256096933391912,-0.2036768150971386,0.3714486296557922,0.4803620121053375
1774368231.149472,base,149341935,1774368231,-0.14840215288130898,0.9268325545777525,0.3408785834654112,-0.052535779519150644,-0.20368626500518455,0.3714514851349828,0.48028198024560625
1774368231.1505268,base,150339757,1774368231,-0.14831547234161205,0.9268450082110771,0.34088669289969725,-0.052508228138077484,-0.2036965777634546,0.3714560424278826,0.4801999799295332
1774368231.151478,base,151341385,1774368231,-0.1482854879183703,0.926849324863966,0.3408894191824068,-0.0524990186718063,-0.20369993613015888,0.37145714649089007,0.48017143557930597
1774368231.1526573,base,152337540,1774368231,-0.14820354728250867,0.9268632398509195,0.3408904087162231,-0.052478304385950206,-0.20370585780566933,0.37145854266908357,0.4800946311611416
1774368231.1534796,base,153343280,1774368231,-0.1481108678572552,0.9268752542761103,0.34090279029867343,-0.0524473202341668,-0.20371983014924835,0.37146296500858766,0.48000774509785366
1774368231.1545253,base,154378522,1774368231,-0.14802323827082306,0.9268886014745703,0.3409085441497505,-0.052421426096892924,-0.2037266988322093,0.3714663220415114,0.4799241661820021
1774368231.1554852,base,155344069,1774368231,-0.14793039990167958,0.9269010908143283,0.3409191456300979,-0.05239370930733623,-0.20373779696242325,0.371467402182548,0.4798352524026982
1774368231.1565223,base,156355429,1774368231,-0.147899338725104,0.9269057646776523,0.3409213461467541,-0.05238439417898002,-0.20374089891176786,0.3714682729858478,0.4798056235409844
1774368231.1574364,base,157297223,1774368231,-0.1478272739339586,0.9269168996014796,0.34092561952486033,-0.05236296655103732,-0.20374714274396985,0.37147043344260405,0.4797367553994626
1774368231.1584926,base,158296373,1774368231,-0.14772015835301122,0.9269325069858699,0.34093442835919935,-0.0523316144260553,-0.20375783974387715,0.37147228998499554,0.47963611457193306
1774368231.1594505,base,159308549,1774368231,-0.1476328613016735,0.9269425592290278,0.34094905261202463,-0.05230462385663318,-0.20376935018628084,0.3714722091691598,0.4795534425671556
1774368231.1604898,base,160338411,1774368231,-0.14753354035072624,0.9269569775316063,0.34095769079703997,-0.05227302711150181,-0.20377965312964244,0.3714758307707422,0.4794582286345345
1774368231.1614053,base,161267570,1774368231,-0.1475016292197773,0.9269615287740169,0.3409605937757748,-0.052263438870015985,-0.2037828407935498,0.371476693070994,0.47942793343405277
1774368231.1624286,base,162235886,1774368231,-0.147419780370555,0.9269732451987357,0.34096759551285427,-0.05224088295008486,-0.20378888879342769,0.37147689432252357,0.47935019566071424
1774368231.1634357,base,163296582,1774368231,-0.14732240528174131,0.9269888907580748,0.3409718652873146,-0.05221007944454561,-0.20379896501537506,0.37148254867470076,0.47925879502412017
1774368231.1644957,base,164296998,1774368231,-0.14723428214162806,0.9270016346876064,0.34097910211981874,-0.05218512591061801,-0.20380482634230962,0.3714837988937922,0.4791745113226432
1774368231.1654756,base,165345823,1774368231,-0.14712986490598678,0.9270168561291641,0.34098703741139147,-0.05215737361628833,-0.2038149982878319,0.371484506585187,0.4790763091331774
1774368231.166521,base,166335578,1774368231,-0.1470966607020043,0.9270217849915393,0.340989379651184,-0.05214811143771548,-0.20381841344030233,0.37148508197485497,0.47904514797825004
1774368231.16747,base,167338335,1774368231,-0.14702085373293303,0.9270325474949284,0.34099671722070507,-0.0521225795352216,-0.20382656112112849,0.37148684615263505,0.4789712964652731
1774368231.1685207,base,168353133,1774368231,-0.14691453717521416,0.9270487384825616,0.3410032957302514,-0.05209133848914087,-0.20383657296549884,0.37149180160006157,0.47887268015762946
1774368231.169521,base,169328514,1774368231,-0.1468183946312362,0.9270603808117233,0.34101777132066213,-0.052060435751325324,-0.2038479685311907,0.3714925775364203,0.47878102748006685
1774368231.1705225,base,170339637,1774368231,-0.14671383738247207,0.927076034591008,0.3410245543484719,-0.05203200302648228,-0.20385521029278092,0.3714932793071047,0.47868305155421115
1774368231.1715486,base,171349951,1774368231,-0.14667952420820113,0.9270809791964563,0.3410273647632187,-0.05202222287494096,-0.20385850335097977,0.3714940105944691,0.4786508193799997
1774368231.1725,base,172342886,1774368231,-0.14659164610205822,0.9270929625804953,0.34103661786313005,-0.05199570466189289,-0.20386690513165348,0.37149365284242086,0.4785660776244827
1774368231.1734498,base,173336428,1774368231,-0.14648726534680306,0.927109243405504,0.3410420591789896,-0.05196388894457286,-0.20387726583373603,0.37149974997556207,0.47846936875507573
1774368231.1744773,base,174379186,1774368231,-0.14638729261068342,0.9271235461966241,0.3410504857664206,-0.05193512114551127,-0.20388604609636063,0.37150258646276624,0.47837664520856865
1774368231.175458,base,175342298,1774368231,-0.1462783588672079,0.9271388838856691,0.34106070226355906,-0.0519011472497479,-0.2038951423660348,0.3715054670209498,0.4782742599096562
1774368231.176574,base,176391729,1774368231,-0.14624250411115441,0.9271440920383253,0.34106357299320816,-0.05189028586195123,-0.2038980661755679,0.37150631328110356,0.4782409012764705
1774368231.1775007,base,177337399,1774368231,-0.1461589204997253,0.9271562465189183,0.3410702722502324,-0.05186457255640115,-0.20390639770399893,0.3715070136097372,0.4781631936830283
1774368231.1783412,base,178249705,1774368231,-0.1460429203706983,0.9271741375298064,0.3410762115110839,-0.05183244202913683,-0.20391655248347199,0.3715084990410655,0.47805701803494405
1774368231.1794686,base,179340806,1774368231,-0.14594057606857494,0.9271879845979984,0.34108732860311775,-0.05179984305249338,-0.2039246282501925,0.3715120950493189,0.4779632763173922
1774368231.1804485,base,180342129,1774368231,-0.14583841249658672,0.9272038055793773,0.3410925207395852,-0.05177019079655152,-0.2039338010821497,0.37151511175218993,0.47787131769978897
1774368231.1814294,base,181342349,1774368231,-0.14580104517531922,0.9272092130001364,0.34109548641491594,-0.051759054288348816,-0.20393709416560427,0.3715154996995207,0.47783764511664295
1774368231.1823726,base,182278746,1774368231,-0.1457027208981525,0.9272233210708053,0.3411030377081546,-0.05173342876294431,-0.20394338472972276,0.3715157398646408,0.47774771384125
1774368231.1834474,base,183341094,1774368231,-0.1455875563671451,0.9272397380906587,0.3411130808319935,-0.05169717228162329,-0.20395616915276404,0.3715194485454864,0.47764701163880147
1774368231.184397,base,184307803,1774368231,-0.14547648738044294,0.9272554402353845,0.34112270520921045,-0.05166468972210299,-0.20396454937202657,0.3715193066322397,0.4775486728612913
1774368231.1853814,base,185279022,1774368231,-0.14536050235226405,0.927272045517046,0.34113228371049686,-0.051629865087870444,-0.20397169141304733,0.37152117366067594,0.4774458095791101
1774368231.1864603,base,186334621,1774368231,-0.14532197755562287,0.9272775761044836,0.3411353383068648,-0.05161880133611827,-0.20397453392803905,0.37152157386657936,0.4774113012984674
1774368231.1875114,base,187329057,1774368231,-0.14522218304870335,0.9272917914551816,0.34114331767470313,-0.05159154830304666,-0.20398170220564102,0.3715199234176516,0.47732301407570416
1774368231.1884007,base,188245604,1774368231,-0.14509830308265123,0.92730919140158,0.3411545981542531,-0.0515527510700747,-0.2039940860715422,0.3715239305462531,0.47721295300330596
1774368231.1894255,base,189289901,1774368231,-0.1449971895969167,0.9273225371097231,0.34116613904206505,-0.051520799183556565,-0.20400365747379365,0.3715258205043635,0.47712134207964557
1774368231.1904922,base,190378594,1774368231,-0.14488280311751503,0.9273405051098151,0.34117064197723,-0.05148935808814253,-0.20401107436984478,0.3715279351016672,0.4770175674431357
1774368231.191408,base,191268834,1774368231,-0.14484642766428482,0.9273456873735058,0.3411736382171844,-0.051478510937136956,-0.20401423703538576,0.37152863257259083,0.47698462305266054
1774368231.1925266,base,192350489,1774368231,-0.144750155862216,0.9273581786352666,0.34118492564973646,-0.05144946457961552,-0.2040234510865858,0.37152867998453876,0.47689724972068825
1774368231.193394,base,193300441,1774368231,-0.14463303573741051,0.9273764106441873,0.3411899858967112,-0.05141664592217823,-0.2040344556085323,0.3715328721090169,0.4767926183211829
1774368231.1944666,base,194351437,1774368231,-0.14452423786040258,0.9273937456258965,0.3411936350451824,-0.05138568525858923,-0.20403969157758928,0.371536133135264,0.47669423560003804
1774368231.1953952,base,195306454,1774368231,-0.14440722373275636,0.9274086555708557,0.3412078774766624,-0.051350984936284004,-0.204051530595268,0.3715369233639164,0.4765886572282835
1774368231.1964352,base,196296694,1774368231,-0.14436862095012307,0.9274141276009652,0.34121106494778364,-0.05133952053048006,-0.2040544844908211,0.371537614245219,0.4765535059503947
1774368231.1974046,base,197301762,1774368231,-0.1442793011015661,0.9274273725881219,0.3412169996319479,-0.051311899303258586,-0.20406074833503166,0.37153958214766053,0.47647165774234884
1774368231.1984308,base,198294176,1774368231,-0.1441500754485497,0.9274457526061415,0.3412274585509667,-0.05127331910314999,-0.20407376835275862,0.37154130207390285,0.4763535969434187
1774368231.1994247,base,199304358,1774368231,-0.14404225321715244,0.9274609150092503,0.34123687277354786,-0.05123940942340692,-0.20408164315067145,0.3715455759985771,0.47625575107305995
1774368231.2004576,base,200337108,1774368231,-0.14392766331012002,0.9274778350541734,0.3412440834046746,-0.05120711628880969,-0.20409388750123286,0.3715479828928461,0.4761518755277681
1774368231.2013679,base,201247675,1774368231,-0.14388902232092118,0.9274834221077922,0.341246849323971,-0.051196081854097,-0.20409763327815159,0.37154880561344594,0.47611682712594094
1774368231.202415,base,202302762,1774368231,-0.1437870399687988,0.9274953378491206,0.34126228441538736,-0.051163841145363105,-0.20410787675390024,0.3715483186427094,0.47602268832421196
1774368231.2034197,base,203318320,1774368231,-0.14366956019050878,0.927514022739395,0.3412661816586909,-0.05112913408760548,-0.20411770906746232,0.3715552130146133,0.475916288769213
1774368231.2044604,base,204313724,1774368231,-0.14356211856977696,0.9275292687467899,0.34127496687182324,-0.05109570154561592,-0.20412580655110352,0.37155933624304605,0.47581888046406334
1774368231.205363,base,205270606,1774368231,-0.14344080562562933,0.9275456089817765,0.34128681673357214,-0.05106062341923565,-0.20413840424991095,0.3715605505170764,0.47570898152163277
1774368231.2065053,base,206306031,1774368231,-0.14340058630995195,0.9275511857703246,0.3412903053455284,-0.05104896766030577,-0.2041422400394352,0.371561077730093,0.47567280223807173
1774368231.2074397,base,207336556,1774368231,-0.1433034643994048,0.927565975359554,0.3412950152396922,-0.05102147605612882,-0.2041498498331747,0.37156321332189113,0.4755840068970716
1774368231.2084544,base,208277650,1774368231,-0.14317942353703125,0.9275836564957755,0.3413047428237251,-0.050983187459804215,-0.20416363020903014,0.3715704689283539,0.47547324145657194
1774368231.2094028,base,209281879,1774368231,-0.143061112315788,0.9275990069142311,0.34131805769142454,-0.05094687437375279,-0.20417442348446493,0.3715699885604099,0.47536515307316884
1774368231.210424,base,210268204,1774368231,-0.14293578636707155,0.9276174437041471,0.3413260526780529,-0.05090937904384159,-0.20418479201623188,0.37157447725102655,0.4752501574922169
1774368231.2113748,base,211270207,1774368231,-0.1428947663459535,0.9276232323223169,0.3413293924921859,-0.05089666421041331,-0.20418841020183967,0.3715758995865655,0.475212482558331
1774368231.2124538,base,212326510,1774368231,-0.14279819288355677,0.9276380386955142,0.34133380215378434,-0.05086826890676938,-0.2041952500500423,0.37158031357733157,0.4751256894886142
1774368231.213343,base,213266914,1774368231,-0.14266220794764495,0.9276577899580167,0.34134301012106266,-0.050827832879271104,-0.2042080311475329,0.37158403127785794,0.4750022069228894
1774368231.214416,base,214316731,1774368231,-0.14255302304443393,0.9276728011309318,0.34135291522007766,-0.05079367021133953,-0.204219408083483,0.37158754359114166,0.47490213331315656
1774368231.2154193,base,215315828,1774368231,-0.1424297145791865,0.9276899401530356,0.3413635439092157,-0.050755120268694685,-0.20422934768944978,0.3715915611599928,0.4747895263432699
1774368231.2164545,base,216318651,1774368231,-0.14238937155950956,0.9276956700739636,0.3413666971338052,-0.05074237559342817,-0.2042329885873513,0.3715929871348997,0.4747527123942258
1774368231.2174041,base,217296803,1774368231,-0.14229194490914626,0.9277087413807177,0.341375749918644,-0.05071578597695886,-0.20424345615256342,0.3715949255658855,0.4746643948323012
1774368231.2184057,base,218322260,1774368231,-0.1421688834947629,0.9277267897793465,0.34138376020294725,-0.05067682272259445,-0.20425597985151608,0.37160121705272237,0.4745525513012112
1774368231.2193723,base,219259813,1774368231,-0.14205292460616062,0.9277428061967241,0.34139365486471196,-0.05064212257773057,-0.2042669044154612,0.3716045391208711,0.47444545002548755
1774368231.2203677,base,220283921,1774368231,-0.14192305495036828,0.9277609664929168,0.34140395153481007,-0.05060412435859956,-0.20427771495044125,0.3716058938061692,0.4743273952715257
1774368231.2213461,base,221248783,1774368231,-0.1418814239392031,0.9277668471904669,0.3414071170975082,-0.05059169092265449,-0.2042809460581737,0.3716070049371159,0.4742896034184556
1774368231.2223728,base,222237659,1774368231,-0.1417861862690685,0.9277810173421206,0.34141227537475666,-0.050564013550391425,-0.2042889078792626,0.37161169855576554,0.4742019895378295
1774368231.2233753,base,223265887,1774368231,-0.14165237465679778,0.9277988465989458,0.3414255773125135,-0.05052207597251748,-0.20430319175142084,0.3716136714973476,0.4740786446862807
1774368231.2243989,base,224311163,1774368231,-0.141541826080311,0.9278154051099204,0.3414316593884957,-0.050486705951007974,-0.2043111210874366,0.37162057489397954,0.47397729873121947
1774368231.2253826,base,225285352,1774368231,-0.1414192147035759,0.9278315415571765,0.34144405213660256,-0.05044993027541679,-0.20432424593806167,0.3716238336520752,0.47386616448022345
1774368231.2263832,base,226287168,1774368231,-0.14137819587475675,0.9278370049491804,0.34144804370941007,-0.050437401054675965,-0.20432820058517098,0.3716248304956799,0.47382873723490615
1774368231.2274597,base,227356419,1774368231,-0.1412763267919477,0.9278520211769237,0.3414536402732584,-0.05040870788080948,-0.20433394371841784,0.3716259466892642,0.47373532947541735
1774368231.2284575,base,228375725,1774368231,-0.14114374218900777,0.927870817712849,0.34146363891967724,-0.050366387338225266,-0.20434901834613703,0.37163086155714353,0.4736144017436564
1774368231.2294383,base,229341871,1774368231,-0.1410358204337382,0.9278850445716853,0.34147436602129744,-0.05033387293997015,-0.2043599011702804,0.37163556834019507,0.4735163477654028
1774368231.2304964,base,230339439,1774368231,-0.1409114690831564,0.9279033935421721,0.34148103477465086,-0.05029863838098709,-0.20437096841089714,0.37163948604371844,0.47340363543154645
1774368231.2315323,base,231341939,1774368231,-0.14087126103963146,0.9279091920813441,0.34148357407898244,-0.05028705298876846,-0.2043745888290955,0.3716408859401555,0.47336723641035955
1774368231.2324111,base,232277801,1774368231,-0.1407732561416008,0.9279222035000699,0.3414934467613942,-0.050254357282615764,-0.20438387093926244,0.3716448080042198,0.4732752284023298
1774368231.2334573,base,233304904,1774368231,-0.14064039318976965,0.9279425785124659,0.34149864017550063,-0.05021483391735043,-0.20439619267066042,0.37165144206633993,0.4731558196484397
1774368231.234471,base,234301959,1774368231,-0.14052658469784016,0.927957637996073,0.3415096237598488,-0.05018045393693131,-0.2044079920229475,0.3716550407622086,0.473050375358982
1774368231.2364292,base,236310698,1774368231,-0.14040135926776057,0.92797332311992,0.3415240875193229,-0.05014247239249089,-0.20442219106687515,0.3716592367590764,0.4729367620143313
1774368231.2371185,base,236583428,1774368231,-0.1403601280278569,0.927978929321442,0.34152765556121606,-0.050129848217337715,-0.2044265674836919,0.37166098641484197,0.4728993127368643
1774368231.2381756,base,238071081,1774368231,-0.14025742750454018,0.927993921052216,0.34153400629163344,-0.05009649754552197,-0.20443477431953105,0.3716650480503287,0.47280396431444566
1774368231.2388365,base,238332578,1774368231,-0.1401205206410012,0.928013820213481,0.34154199332367613,-0.05005652789162911,-0.2044478255979275,0.37167210995855265,0.4726797787102219
1774368231.24028,base,240174912,1774368231,-0.1400082881494813,0.928028905661963,0.34155217525064846,-0.050021406286323365,-0.2044593043434375,0.3716773487142765,0.4725765027072941
1774368231.2407186,base,240435482,1774368231,-0.13987887337235516,0.9280475421279738,0.34156057905989307,-0.04998030778794795,-0.2044710667622047,0.37168351219467227,0.47245829416469426
1774368231.2419224,base,241786270,1774368231,-0.13983751636398037,0.9280532930674722,0.34156383205476987,-0.049967017880149525,-0.2044752007649133,0.37168574516674246,0.47242067022427414
1774368231.242929,base,242770108,1774368231,-0.13973527535538988,0.9280665003337156,0.34157416207760255,-0.04993711626302088,-0.20448609851910685,0.37168787069938286,0.4723269872504955
1774368231.2434692,base,243326324,1774368231,-0.13960062258737993,0.9280873131424713,0.3415788266093108,-0.04989499543451811,-0.20450029198927622,0.3716988962261952,0.4722067701458061
1774368231.2446165,base,244357846,1774368231,-0.13947989378474618,0.9281038997681692,0.3415884192799828,-0.04985842234482449,-0.20451182378103389,0.371704009734474,0.4720966141166619
1774368231.2454884,base,245308659,1774368231,-0.13935273945385152,0.9281205817189354,0.34160072771021854,-0.049819098990860115,-0.20452552761748236,0.3717103616521718,0.4719819755270417
1774368231.2465682,base,246377253,1774368231,-0.13930987574967882,0.9281265653861136,0.3416038901518634,-0.04980581669141531,-0.20452986361388978,0.3717125808663347,0.47194320271747925
1774368231.2476006,base,247410866,1774368231,-0.13920568467132882,0.9281424813315913,0.3416079789542348,-0.04977248655257815,-0.20453677595189615,0.37171789306169234,0.4718468093633802
1774368231.2485485,base,248364294,1774368231,-0.13906951001836793,0.9281602405371276,0.3416212248780078,-0.049731056515642566,-0.2045545123856702,0.37172540774030993,0.4717250091686235
1774368231.249505,base,249321858,1774368231,-0.1389545795168964,0.928177023420149,0.34162785444454413,-0.04969353170999225,-0.20456466589161565,0.37173353766092465,0.4716211124523678
1774368231.2504785,base,250322220,1774368231,-0.1388273637645633,0.9281961705677608,0.34163283777881565,-0.04965718643579369,-0.204577517117969,0.3717413628090501,0.47150636465525253
1774368231.2514954,base,251342483,1774368231,-0.13878552977857958,0.9282023051910315,0.34163492564448383,-0.04964508980777699,-0.2045818103828313,0.37174352972617253,0.47146853843292363
1774368231.2525675,base,252431157,1774368231,-0.1386857272617966,0.9282146251640204,0.3416468031618056,-0.049611899528258056,-0.20459263929330082,0.37174814368563375,0.4713777019206955
1774368231.2534633,base,253333541,1774368231,-0.13854745749930933,0.9282347608402285,0.34165434565645386,-0.04956953583019805,-0.20460748012101912,0.37175712204748956,0.47125322131566927
1774368231.2544515,base,254317589,1774368231,-0.13843109774342802,0.9282508453210574,0.3416635890878841,-0.049529700482410594,-0.20461805965934263,0.3717644479812234,0.47114701564717987
1774368231.255451,base,255320058,1774368231,-0.1383031764449566,0.9282685517393271,0.3416728366264176,-0.04949141287804154,-0.20463095507483123,0.37177261611114887,0.4710326970969049
1774368231.2564228,base,256293204,1774368231,-0.1382603126412614,0.9282745640113493,0.3416757427356329,-0.0494783445957291,-0.20463528829315095,0.37177500938187596,0.47099444851208816
1774368231.25744,base,257308663,1774368231,-0.13815560930284793,0.9282886584011124,0.34168441732593513,-0.049446468616655394,-0.20464737500507837,0.37178015997518454,0.4708991503946287
1774368231.2584357,base,258307930,1774368231,-0.13801766745226626,0.9283077826263187,0.3416947671450248,-0.04940111630469854,-0.20466358544062305,0.37178980467119077,0.4707757803943795
1774368231.2594292,base,259298543,1774368231,-0.13790860738478228,0.9283236592194909,0.34170072547058683,-0.04936612153490811,-0.20467405742156863,0.3718003840276735,0.47067756266677374
1774368231.2604363,base,260295806,1774368231,-0.13778244236495998,0.9283412787421522,0.3417093241922111,-0.049327543213041135,-0.2046890257191872,0.37180779063176256,0.4705638522861169
1774368231.2614172,base,261285012,1774368231,-0.1377413664061415,0.9283470132090205,0.34171217570423973,-0.04931458224434934,-0.20469347068211738,0.3718106728707451,0.47052661494021575
1774368231.262436,base,262303674,1774368231,-0.13763824462993898,0.9283611828727828,0.3417201358691728,-0.04928058940181965,-0.204704550147346,0.37181883247694736,0.4704335710917934
1774368231.2634127,base,263281855,1774368231,-0.13750280119400163,0.9283804399039748,0.34172857019456104,-0.049237412404452674,-0.20471964479487118,0.3718299742729498,0.47031145027522436
1774368231.2644265,base,264295995,1774368231,-0.13737736994846225,0.9283978252648298,0.3417376175321768,-0.049196920970822726,-0.2047339380229514,0.3718380637658427,0.4701975899917673
1774368231.2656188,base,265481862,1774368231,-0.13725166102629505,0.9284152083974276,0.34174656488326693,-0.04915758082301199,-0.20474696924629227,0.37184869989555425,0.4700823199694494
1774368231.2665505,base,266423436,1774368231,-0.13720875736986687,0.9284211340110486,0.3417496139443882,-0.04914423864011949,-0.20475193793047156,0.3718521215002544,0.47004313964353994
1774368231.2674353,base,267297605,1774368231,-0.13710257988137123,0.9284375008196547,0.3417525253901181,-0.049111109243251766,-0.20476152274005527,0.3718620654987234,0.46994640304641117
1774368231.2685473,base,268372167,1774368231,-0.1369595449828708,0.9284571317074453,0.34176322867234427,-0.04906458139150381,-0.2047789966137956,0.37187246347075553,0.46981526324337686
1774368231.2694175,base,269286416,1774368231,-0.13684306002111807,0.9284726649433745,0.34177311079195843,-0.049026810181701186,-0.20479378634649575,0.37188260092724923,0.4697095851665573
1774368231.2704484,base,270318630,1774368231,-0.13671273121811447,0.9284912186434727,0.34178088916517957,-0.04898479178583527,-0.2048106138593257,0.3718923990218604,0.46958907776733483
1774368231.2714906,base,271316406,1774368231,-0.13667057152633155,0.928497205297572,0.34178344094097624,-0.04897115612082831,-0.20481581607308738,0.37189622013438833,0.46955010682889964
1774368231.2725859,base,272306851,1774368231,-0.13656831619879747,0.9285109253296454,0.34179199962823514,-0.04893654610046906,-0.20482577114956646,0.3719065079670628,0.46945746261655996
1774368231.273603,base,273323525,1774368231,-0.13642605366140212,0.9285311851753135,0.3418000806283304,-0.04889248328496571,-0.20484376419260045,0.37191988409350163,0.46932741513100373
1774368231.274598,base,274320829,1774368231,-0.13630660882105647,0.9285472400703468,0.3418097230198621,-0.04885329670073605,-0.20486057918902287,0.3719299792884919,0.46921850154184647
1774368231.2755728,base,275298502,1774368231,-0.1361802198451164,0.9285642542121376,0.3418198208465635,-0.04881171579462888,-0.20487583926530678,0.37194225976511675,0.46910269290875045
1774368231.2765915,base,276319357,1774368231,-0.13613718038017564,0.9285701598497887,0.3418229234482912,-0.048797698305730206,-0.2048809075096418,0.3719461783657753,0.46906319628496673
1774368231.2775934,base,277296165,1774368231,-0.13603403347918028,0.9285845657384758,0.3418298688029517,-0.048762555325048286,-0.20489471893002328,0.3719558343390847,0.46896772190830915
1774368231.2786202,base,278323940,1774368231,-0.13589550070898584,0.9286046168307983,0.3418369463411937,-0.0487173542355088,-0.20490975642969847,0.3719707450786468,0.4688408782267011
1774368231.2796037,base,279306368,1774368231,-0.13577730762772597,0.9286203377655414,0.34184656072960645,-0.04867976929810834,-0.20492601434924843,0.37198130307851957,0.46873249972911835
1774368231.2805908,base,280310418,1774368231,-0.13564588243310158,0.9286388121767646,0.3418544330340627,-0.04863843863481424,-0.20494183430019297,0.37199198742719236,0.46861163987758114
1774368231.281593,base,281315360,1774368231,-0.1356037853872616,0.928644920921681,0.3418564485329001,-0.04862502268876515,-0.20494655587858243,0.37199591060908044,0.46857307167026463
1774368231.282544,base,282270668,1774368231,-0.13549640187133885,0.9286593681098284,0.3418647850116803,-0.04858983299716665,-0.2049599310344673,0.37200589715093757,0.4684739791341904
1774368231.2835932,base,283317342,1774368231,-0.1353604421972407,0.9286776797247552,0.34187555865976826,-0.04854297333583541,-0.20498013974943016,0.3720223896566844,0.46834907054803454
1774368231.2845187,base,284245165,1774368231,-0.13523728675893987,0.9286961657455849,0.3418795657644258,-0.048504334984173836,-0.20499299438415072,0.372034957112759,0.46823490310503785
1774368231.285523,base,285248297,1774368231,-0.13510477273186997,0.92871273338324,0.3418933828121723,-0.04845899324325833,-0.20501305721355984,0.37204546267755034,0.4681133748324473
1774368231.2865357,base,286259472,1774368231,-0.13506155322641034,0.9287186984822287,0.3418962772636805,-0.048444726470291695,-0.20501847422744923,0.3720494792726369,0.46807360428470035
1774368231.2875361,base,287258858,1774368231,-0.13495660468988885,0.9287340447726468,0.3419009348533343,-0.04841011957465662,-0.20502971139568593,0.37206335231851984,0.4679767625725571
1774368231.2885592,base,288282033,1774368231,-0.13481201627216294,0.9287533074065828,0.34191245619741006,-0.04836203621666256,-0.20504859964431071,0.3720787505503768,0.46784346086914425
1774368231.2895575,base,289261246,1774368231,-0.13469533229709446,0.9287688968332346,0.34192151927800074,-0.04832368350173065,-0.20506622768308466,0.37209199183484404,0.4677361834919373
1774368231.2905185,base,290246289,1774368231,-0.13455989312471045,0.9287879228434871,0.34192947400857254,-0.04827902594883264,-0.20508492103878662,0.37210577764714686,0.4676096043448356
1774368231.2916508,base,291310230,1774368231,-0.13451521619166193,0.9287942324163351,0.3419319909038529,-0.048264314349101584,-0.20509093990396643,0.3721107255643192,0.4675680046098818
1774368231.2926428,base,292294821,1774368231,-0.13440709848391483,0.9288076417236375,0.34194328880222374,-0.048227417472110186,-0.20510750573476771,0.37212170891300034,0.46746843514998526
1774368231.2937572,base,293311382,1774368231,-0.13426269761623386,0.9288284654313731,0.34195027006229467,-0.04817906845857604,-0.2051263735299211,0.37214051354776384,0.46733635751038644
1774368231.2946599,base,294303676,1774368231,-0.13413638866725963,0.9288457628270099,0.3419587412708183,-0.04813727642994937,-0.20514335502641162,0.37215442213376876,0.46721976570812207
1774368231.295715,base,295348191,1774368231,-0.13400132467966702,0.9288640474894295,0.3419684854987039,-0.048091383753973205,-0.20516099915319602,0.3721695150273048,0.46709601949266777
1774368231.2966588,base,296306806,1774368231,-0.13395504755350188,0.9288705201451204,0.3419712015072006,-0.04807597508105336,-0.20516676394176772,0.37217477286803374,0.4670536462801285
1774368231.297669,base,297290793,1774368231,-0.13384816905952454,0.928885268893632,0.34197793241721053,-0.04804080152815585,-0.20518192492198425,0.37218473345422787,0.46695457991512407
1774368231.2986019,base,298275186,1774368231,-0.13370300374010047,0.928904578519989,0.34198909574964054,-0.047992178360848625,-0.2052007358065692,0.3722030388095178,0.46682077135706107
1774368231.2996612,base,299302405,1774368231,-0.13358065224378224,0.9289206046802609,0.3419995083906546,-0.04794847033154266,-0.20521951574412536,0.37221715346517986,0.4667065630541518
1774368231.3006237,base,300297549,1774368231,-0.133441209158179,0.928940006953061,0.3420074836549473,-0.04790394873558127,-0.2052376540993003,0.3722313606352154,0.4665776508884875
1774368231.3017988,base,301425087,1774368231,-0.1333944197037674,0.928946206120484,0.34201103375079756,-0.047888701370630636,-0.20524418148694196,0.372235924636256,0.4665346571557938
1774368231.302676,base,302293197,1774368231,-0.13328537324172543,0.9289610596951636,0.3420182421173867,-0.047852700120112494,-0.20525767572932477,0.37224967034113604,0.46643392237124226
1774368231.3036432,base,303302519,1774368231,-0.13314136118204054,0.9289812391223621,0.34202630167036224,-0.0478042285469443,-0.2052776591190042,0.3722660075548754,0.46630097423617956
1774368231.3046155,base,304298140,1774368231,-0.13301374455504972,0.9289990846102041,0.34203335111574173,-0.047762236938638715,-0.2052940890518469,0.37227960603633625,0.4661837847507498
1774368231.3056211,base,305277307,1774368231,-0.13287574397923416,0.9290171416748482,0.3420443775536995,-0.047716149469150995,-0.20531100356302484,0.37229260593390057,0.46605496832497534
1774368231.3066938,base,306345430,1774368231,-0.13283162123160613,0.9290230504193321,0.342047518354887,-0.04770143999718922,-0.20531666895565304,0.37229731023391094,0.46601385882068874
1774368231.3077035,base,307354097,1774368231,-0.13272169621610708,0.9290378707329652,0.34205500205385375,-0.047665099049680686,-0.20533281667733075,0.3723092570832818,0.4659127947658978
1774368231.3086567,base,308310539,1774368231,-0.13257248174420128,0.9290567285772474,0.34206875580741675,-0.04761405748192477,-0.20535627897402273,0.3723266641392876,0.46577500088231627
1774368231.3098037,base,309328293,1774368231,-0.13244239008021527,0.929074258245903,0.3420777006731737,-0.04756976641544327,-0.20537291196370278,0.3723407819354022,0.465654233069293
1774368231.3108501,base,310639247,1774368231,-0.1323041937984399,0.9290941229294029,0.34208358031519875,-0.047524047808698254,-0.20539038719798963,0.3723558447926095,0.4655264503918074
1774368231.3116806,base,311329823,1774368231,-0.1322587305099564,0.9291004379608786,0.3420861046844649,-0.04750896090852418,-0.20539639326146364,0.37236078219125135,0.4654844349132896
1774368231.3126345,base,312297416,1774368231,-0.13214870854680877,0.9291141742635437,0.34209643149048535,-0.047472113640111294,-0.20541142438777435,0.37237302153950586,0.4653836922861402
1774368231.3136263,base,313290677,1774368231,-0.13199775846885448,0.9291348055015032,0.3421056773235704,-0.04742162489690829,-0.2054338422293125,0.3723907393462011,0.4652447954742119
1774368231.3146117,base,314289197,1774368231,-0.13187106115295275,0.9291517597667368,0.3421142933299374,-0.0473797514992218,-0.20544900951547979,0.3724044809763286,0.46512810501299096
1774368231.3156312,base,315304308,1774368231,-0.1317297670111208,0.9291697282451693,0.3421267511635851,-0.04733044194009327,-0.2054699697284551,0.3724208642210767,0.4649966240552475
1774368231.3166049,base,316289267,1774368231,-0.13168264421388617,0.929175967700474,0.3421301400789061,-0.047314580314262694,-0.20547648130757465,0.3724260151778942,0.46495283596143205
1774368231.3176548,base,317327321,1774368231,-0.13156929013687224,0.9291899737403561,0.34214091468604424,-0.04727694037343117,-0.2054936672319088,0.3724357077496389,0.46484873089640394
1774368231.3186407,base,318347116,1774368231,-0.13140903384866956,0.9292130406471591,0.342147260937335,-0.047223328422500176,-0.20551216770345163,0.37245415499497075,0.4647014308968462
1774368231.3196754,base,319345145,1774368231,-0.1312839680915193,0.9292292134651838,0.3421570648809036,-0.047181898193118625,-0.20553008968995432,0.37246881160922646,0.4645853673265109
1774368231.320713,base,320391687,1774368231,-0.1311466306390216,0.9292485560458897,0.3421636169187076,-0.04713535420221959,-0.2055490331157209,0.3724854121453753,0.464457799096436
1774368231.321588,base,321251407,1774368231,-0.131099555854293,0.929255062052884,0.34216615004239403,-0.047119654806288665,-0.20555528403661705,0.3724907294938794,0.46441427574400207
1774368231.3225358,base,322282118,1774368231,-0.1309811118720492,0.9292706261119726,0.34217449410831263,-0.047081497001948094,-0.20556632010784037,0.37250092272526736,0.464305668425066
1774368231.3235974,base,323345609,1774368231,-0.13082877967062875,0.9292909697709324,0.3421846117773522,-0.04702994125955237,-0.20559060913919747,0.3725189253084742,0.4641655210064719
1774368231.3245878,base,324343634,1774368231,-0.1306972390193552,0.9293077626005615,0.34219537858284754,-0.046985497332662635,-0.2056083797377009,0.3725322393252609,0.4640427651777745
1774368231.325493,base,325250967,1774368231,-0.13055420805784654,0.9293263391198865,0.3422061543908995,-0.046937214163286084,-0.2056285553988666,0.3725492543550038,0.4639110713969885
1774368231.326605,base,326341712,1774368231,-0.13050718930619667,0.9293325147594858,0.34220948392928613,-0.04692142004520439,-0.20563479713746688,0.37255457993266994,0.4638675817537926
1774368231.3275964,base,327344337,1774368231,-0.13038222144910974,0.929349285613485,0.3422171246503324,-0.0468809263534708,-0.20564915680415408,0.37256486145469847,0.4637533716112813
1774368231.3285947,base,328343836,1774368231,-0.13023335242003542,0.9293681420072493,0.34222955378692,-0.04683015112337044,-0.2056723375513729,0.3725832076081957,0.46361684555846155
1774368231.3295896,base,329342372,1774368231,-0.1300957999089028,0.9293877769437945,0.342234798916623,-0.046784456008732225,-0.2056879316083566,0.3725979554185593,0.4634890824533479
1774368231.3305876,base,330341265,1774368231,-0.12994997926927793,0.9294065827776974,0.34224565861200745,-0.046736665891253144,-0.20570810711037044,0.37261431561664826,0.4633545587005391
1774368231.3315887,base,331340585,1774368231,-0.12990214361731298,0.9294128248617064,0.3422490772406299,-0.04672047938696105,-0.20571457864385018,0.37261994044613606,0.4633103742506407
1774368231.332587,base,332340348,1774368231,-0.12978062509773267,0.929428735611215,0.3422576442978245,-0.04667889982726613,-0.20573006746949005,0.37263151381537135,0.46319845015036454
1774368231.3334384,base,333250964,1774368231,-0.12962419908477327,0.9294504040368404,0.3422652212748216,-0.04662651341332178,-0.20575122099817839,0.3726523841894596,0.4630539290813293
1774368231.3344488,base,334303665,1774368231,-0.12948924947812082,0.9294677282006151,0.3422755067804303,-0.04658061787246028,-0.2057698265326137,0.3726683432663491,0.4629300319612802
1774368231.33543,base,335312889,1774368231,-0.12934036685161215,0.9294870020310964,0.34228625712037286,-0.04653064306949878,-0.20579003691914224,0.3726857788192797,0.46279315647713454
1774368231.3364382,base,336306237,1774368231,-0.12929030443484316,0.9294937169161843,0.34228921622923136,-0.0465138672404291,-0.20579654901562963,0.3726916923063162,0.4627470220545582
1774368231.3373957,base,337298383,1774368231,-0.12917174385978633,0.9295090031968805,0.3422979780746803,-0.04647330169192753,-0.20581176501184623,0.3727034245820464,0.4626379935915381
1774368231.3384361,base,338296819,1774368231,-0.12901149265190315,0.929531978376369,0.3423032845724889,-0.04641979438049244,-0.20583300217643907,0.37272316586030396,0.46249061978035844
1774368231.3393586,base,339256345,1774368231,-0.12887221019974363,0.929550105588863,0.34231290802834397,-0.0463727035565663,-0.20585003295022322,0.37274001227934966,0.46236201418894296
1774368231.3404021,base,340247384,1774368231,-0.12872128205384525,0.9295704922682183,0.3423210486623971,-0.04632311618742352,-0.20587093418452806,0.37275744822826135,0.46222370369882126
1774368231.3413997,base,341294955,1774368231,-0.12867025962268386,0.9295774190624527,0.34232372800776817,-0.046306063325270486,-0.2058776403182702,0.3727632385592477,0.4621767244924197
1774368231.3424337,base,342307018,1774368231,-0.12855164203840805,0.9295933534177095,0.342330565021872,-0.04626507173508163,-0.20589246286517615,0.37277899586289354,0.46206640206683336
1774368231.343448,base,343357269,1774368231,-0.12839388512370248,0.9296142432795022,0.3423402849523682,-0.04621145154019112,-0.20591547492911882,0.37279778008450287,0.4619222980980335
1774368231.344455,base,344316577,1774368231,-0.12825114576330052,0.9296334103430988,0.34234804750391284,-0.04616470897253781,-0.20593114137695206,0.37281346394937226,0.4617906218510206
1774368231.3454094,base,345321651,1774368231,-0.1281032237486594,0.9296525933826634,0.34235820026230923,-0.04611379831722525,-0.20595138514734967,0.372830995055886,0.4616530807479623
1774368231.346451,base,346320573,1774368231,-0.1280534095160535,0.9296591021328389,0.34236142935736924,-0.0460969610848361,-0.20595801181920123,0.3728367539600648,0.46160684576631167
1774368231.3474014,base,347316932,1774368231,-0.1279262946285999,0.9296755313589901,0.3423701599587254,-0.04605369805795248,-0.20597363590580778,0.37285005293575296,0.461489939762336
1774368231.3484566,base,348320440,1774368231,-0.12776105097692567,0.929696684661469,0.34238198583311386,-0.04599743644723753,-0.205997093319359,0.37287007316661536,0.4613373371933875
1774368231.3494058,base,349321441,1774368231,-0.12762438973599996,0.929715046516225,0.34238953390736476,-0.04594947765257512,-0.20601608547701114,0.3728877368811833,0.46121269497833006
1774368231.3505065,base,350388295,1774368231,-0.12747298688325906,0.9297362538306295,0.3423951831849312,-0.045898523503540636,-0.20603495155470067,0.37290526090869053,0.46107258188362166
1774368231.3514,base,351319285,1774368231,-0.12742449818189933,0.9297427043188077,0.3423979472480163,-0.04588187822426166,-0.20604137252471208,0.37291096347997454,0.46102762128167396
1774368231.3525214,base,352384095,1774368231,-0.12730122295936114,0.9297598728765067,0.3424025442111676,-0.04584184921479882,-0.2060537647241567,0.37292654892355914,0.4609151609493622
1774368231.3533964,base,353310330,1774368231,-0.12713264592407447,0.9297809442016648,0.3424157886086856,-0.045783335956399294,-0.2060805906114251,0.3729469449336636,0.460760398167027
1774368231.354518,base,354383311,1774368231,-0.12699062632348107,0.9297994404658382,0.34242457586642017,-0.04573610366096489,-0.20609758980286094,0.3729645118219816,0.46062870333295247
1774368231.3554096,base,355318346,1774368231,-0.12683361982277683,0.929821117764521,0.34243073482291175,-0.045684939426781784,-0.2061169929700235,0.3729817707896284,0.46048499379376323
1774368231.3565342,base,356399297,1774368231,-0.1267822316360309,0.9298279756020428,0.3424334198328778,-0.04566787175635514,-0.2061235921455547,0.3729873836846859,0.4604379312904928
1774368231.3574271,base,357343518,1774368231,-0.12665943750423944,0.9298431750576661,0.3424432692621358,-0.045625256457892685,-0.20614031254973852,0.37300116834366775,0.4603253437293033
1774368231.3584428,base,358304243,1774368231,-0.12649498836578588,0.9298642177524958,0.3424544272939799,-0.0455688455924774,-0.2061617614089286,0.37302164377673563,0.4601723951595395
1774368231.359364,base,359264518,1774368231,-0.12635190110493974,0.9298825590455734,0.3424640335255823,-0.04551932788840433,-0.2061814039128462,0.3730385227241922,0.4600417625276162
1774368231.3605003,base,360355320,1774368231,-0.12619984030983877,0.9299032271641918,0.34247045115275065,-0.04547063340909165,-0.20620119243397023,0.37305521521841106,0.4599006362086119
1774368231.3613443,base,361253876,1774368231,-0.12614945693302748,0.9299097368284596,0.3424736056844998,-0.0454535507588239,-0.20620797442804698,0.37306116373341663,0.45985401452499997
1774368231.3623977,base,362290956,1774368231,-0.1260280583532312,0.929924448489035,0.3424841068996294,-0.04541018752704971,-0.20622458651987433,0.37307466126955396,0.459742646213955
1774368231.3634462,base,363346522,1774368231,-0.1258573220816299,0.9299479411828177,0.34249057410015776,-0.04535380712601826,-0.20624568317210656,0.37309622045209156,0.4595872349246931
1774368231.3644934,base,364341693,1774368231,-0.1257176778537522,0.9299645607427232,0.34250309305679943,-0.045305766566516054,-0.2062649790166277,0.37311162098874545,0.4594589160453826
1774368231.3654053,base,365316961,1774368231,-0.12556489303473864,0.9299843762656705,0.342512480131269,-0.0452517236495294,-0.2062846408657876,0.37312825721352727,0.459316254193715
1774368231.3665018,base,366330139,1774368231,-0.1255155681669082,0.9299907801977518,0.34251545489312685,-0.04523443438653225,-0.20629096545007083,0.3731342884017327,0.4592704335944632
1774368231.3674488,base,367311466,1774368231,-0.1253922426379279,0.9300061215195787,0.3425242482810885,-0.04519445498970787,-0.20630817436292995,0.37314695783507257,0.4591581824866166
1774368231.3684628,base,368354120,1774368231,-0.12522340252311207,0.9300286724832494,0.34253221190843525,-0.045138139357911694,-0.20632930508325453,0.37316799175986054,0.45900440661638703
1774368231.3694494,base,369339367,1774368231,-0.12508253556250568,0.9300460169636232,0.34254286282960045,-0.04509049513873271,-0.20634873579622132,0.37318271188892227,0.458873569857351
1774368231.370485,base,370311108,1774368231,-0.1249264330203181,0.930067520236817,0.3425482729067075,-0.045038593028533566,-0.206368365647435,0.37320198587218034,0.4587303136571138
1774368231.3714645,base,371342049,1774368231,-0.12487420729293704,0.9300743584689395,0.3425510382279313,-0.04502117591220483,-0.2063749718299446,0.37320749484073124,0.45868245528478435
1774368231.372572,base,372407687,1774368231,-0.12475541765789437,0.9300871158705961,0.34256517482783505,-0.044979369178498416,-0.20639504042922452,0.3732199294185663,0.45857308814508974
1774368231.3733919,base,373276885,1774368231,-0.12458091006915409,0.9301096886680199,0.34257522050218364,-0.044919730521239605,-0.20641675028487957,0.37323804880285033,0.4584110483716687
1774368231.3745031,base,374338227,1774368231,-0.12444438259654754,0.930127465784312,0.34258268645924816,-0.044873109678090266,-0.20643413334611346,0.3732551691484485,0.458285228702459
1774368231.3754554,base,375347816,1774368231,-0.12428719774864322,0.9301476307850639,0.3425918776372406,-0.04482056221994631,-0.20645390244563544,0.3732730399850392,0.45814141325476976
1774368231.3765347,base,376352113,1774368231,-0.12423485385482679,0.9301545449817596,0.34259432436444576,-0.04480348703744465,-0.20646050400849067,0.373278651015462,0.4580936310670701
1774368231.3774824,base,377358659,1774368231,-0.12410874901375657,0.9301691083546424,0.3426060521185285,-0.04476093534239469,-0.20647791569472615,0.3732887498310679,0.45797663040524345
1774368231.3785336,base,378365927,1774368231,-0.12394596019682039,0.930190606820615,0.3426139693789338,-0.04470460736876232,-0.20649918479687193,0.373311211581132,0.45782819683520704
1774368231.3794746,base,379353866,1774368231,-0.12380106057167124,0.9302094650744466,0.3426213768255808,-0.04465692140513804,-0.20651678563802078,0.37332682543097767,0.4576936659964962
1774368231.3805423,base,380383922,1774368231,-0.12364471829299106,0.930229644319484,0.3426297456099913,-0.04460549171039036,-0.20653583195557662,0.3733407590797115,0.45755004682915784
1774368231.3814034,base,381297822,1774368231,-0.12359336488917158,0.9302360175560852,0.34263321685472864,-0.04458823280359248,-0.20654219437138485,0.37334608435309175,0.45750267707401754
1774368231.3824906,base,382337021,1774368231,-0.12347147798686058,0.9302501446774183,0.342644230423856,-0.04454653531562295,-0.20656022076151154,0.37335899983537785,0.45738913391282393
1774368231.383442,base,383338062,1774368231,-0.12329916535711413,0.9302719936855169,0.342654571303599,-0.04448795737454582,-0.20658178472653785,0.3733774422634356,0.45723105262468916
1774368231.3844597,base,384322222,1774368231,-0.1231571355628707,0.9302908181385171,0.3426608106738597,-0.044439649812418616,-0.20659824327191406,0.37339244681386496,0.4571001220194758
1774368231.3854117,base,385319802,1774368231,-0.12300506286222201,0.9303082158260508,0.34267489223151937,-0.04438801990320616,-0.20661860673855661,0.3734074354498015,0.4569602228764234
1774368231.386407,base,386269993,1774368231,-0.1229538646293223,0.930314499130368,0.3426784237990861,-0.04437091100147569,-0.20662528126469185,0.3734126901595014,0.4569131079010567
1774368231.3874335,base,387328024,1774368231,-0.12282861591418269,0.9303297623962868,0.3426872495459542,-0.04432959858721325,-0.20664313034169657,0.3734242806431488,0.4567969941445464
1774368231.3884954,base,388352520,1774368231,-0.12265872472945118,0.930350488789512,0.3426995097223948,-0.044270207734899376,-0.20666477260722907,0.3734434754660168,0.45663969013853134
1774368231.3895123,base,389380820,1774368231,-0.12250837908233682,0.9303704939898455,0.34270531602072346,-0.04422111869735357,-0.20668340341237226,0.3734575310837351,0.4565021431352393
1774368231.3905165,base,390369710,1774368231,-0.12235352818733773,0.9303883535368821,0.3427189179161605,-0.044168643237211806,-0.2067052974732072,0.3734748378727266,0.45635944017014124
1774368231.3914344,base,391337977,1774368231,-0.12230087421489667,0.930394731043102,0.3427227046521456,-0.044150745513795796,-0.20671233548959245,0.3734806912953117,0.45631075500329304
1774368231.3924048,base,392278485,1774368231,-0.12217130759057764,0.9304124475231371,0.3427263424757774,-0.04410785949000855,-0.20672626375315278,0.37349422295135337,0.45619137873063015
1774368231.3934472,base,393274384,1774368231,-0.12199765968966624,0.9304348117530035,0.34273530451500517,-0.044047056058312495,-0.20674824987235482,0.37351380789368444,0.45603087744711135
1774368231.394542,base,394376479,1774368231,-0.12185097132680035,0.9304523382966245,0.34274619073186097,-0.04399813273149047,-0.20676763661469436,0.3735295823812701,0.4558954943680709
1774368231.3954558,base,395307509,1774368231,-0.12169147536068155,0.9304728474529638,0.3427540782542571,-0.04394436047308938,-0.20678642858849366,0.3735479717844257,0.4557500939163575
1774368231.3964252,base,396295468,1774368231,-0.12163548741541155,0.9304800761222869,0.3427567294225177,-0.043925625507866585,-0.20679297355538656,0.37355367099446074,0.4556988099757555
1774368231.3974826,base,397292049,1774368231,-0.12150681362828124,0.9304956859648738,0.3427655644615499,-0.0438821200720317,-0.2068102375165617,0.373566267756211,0.45557955997940064
1774368231.398384,base,398294555,1774368231,-0.12132574869437751,0.9305172537506176,0.3427789961675577,-0.043820805133166635,-0.20683332525871057,0.3735863944312975,0.45541303542499945
1774368231.3993952,base,399303671,1774368231,-0.1211786618530021,0.9305369710599223,0.3427840610860738,-0.04376945130430757,-0.20685068583005495,0.3736028364298315,0.45527679936057586
1774368231.4004385,base,400332931,1774368231,-0.12101320143381031,0.9305561291508186,0.3427975203756331,-0.04371447818403343,-0.20687160498116472,0.37361938143678664,0.4551247424525561
1774368231.4014919,base,401346732,1774368231,-0.12095842244189668,0.9305628213811998,0.34280100710530687,-0.04369628166121612,-0.2068782964702778,0.3736250085236375,0.45507430424083206
1774368231.402479,base,402334453,1774368231,-0.12082252443612826,0.9305797701160549,0.3428086840203267,-0.04365106184142018,-0.20689404183804436,0.3736372726546261,0.4549471963364744
1774368231.403353,base,403293297,1774368231,-0.12065072995964723,0.9306022034095758,0.34281588320251066,-0.04359140504192922,-0.2069177217897343,0.3736605037242736,0.45478980523983376
1774368231.4045274,base,404373390,1774368231,-0.12048988276615352,0.9306229533091119,0.34282284074366215,-0.0435385666928841,-0.20693593076213052,0.3736757338076931,0.45464127630741974
1774368231.405473,base,405327280,1774368231,-0.12032542558216687,0.9306430225361413,0.3428330527871298,-0.04348395658082093,-0.20695531578493326,0.37369364595984295,0.4544907978417362
1774368231.4064827,base,406350346,1774368231,-0.12027089965755786,0.930649643173313,0.34283655242889993,-0.043465511335000546,-0.20696195574254386,0.3736993643894853,0.4544409381257932
1774368231.4073784,base,407301743,1774368231,-0.1201329629385423,0.930666956740559,0.3428438137121348,-0.04341896182766749,-0.20697834802177645,0.37371252431856955,0.45431400878191597
1774368231.4083953,base,408291468,1774368231,-0.11994916164725852,0.9306909480854364,0.34285084165417073,-0.043357330971568186,-0.20700050439020615,0.37373474578782795,0.45414492143261387
1774368231.4093692,base,409316357,1774368231,-0.11979471912406857,0.9307083360954275,0.3428645236812096,-0.043302849713657283,-0.20702120473853614,0.37375248582115267,0.4540018603940162
1774368231.4104176,base,410311454,1774368231,-0.11962223559567466,0.9307293047420866,0.3428751328730357,-0.043244945400627094,-0.20704159911839487,0.3737691612556646,0.45384259181451586
1774368231.4113715,base,411288508,1774368231,-0.11956685998600448,0.9307360662317794,0.34287846646595027,-0.043226129163252594,-0.20704848578813384,0.3737752024444846,0.4537916140797089
1774368231.412415,base,412319631,1774368231,-0.11942887309106073,0.9307530048034048,0.3428864647219322,-0.04317940055312864,-0.2070654298919703,0.37378993287779755,0.4536649314276887
1774368231.4133751,base,413282530,1774368231,-0.11924758144510408,0.9307764908973991,0.3428934095550952,-0.04311899808551882,-0.20709037794722795,0.373811054182087,0.45349880261375464
1774368231.4145043,base,414398847,1774368231,-0.11908250440792874,0.9307979827956636,0.3428993797582554,-0.04306376352413835,-0.20710595876846102,0.37382992050706987,0.4533463052365352
1774368231.415488,base,415387855,1774368231,-0.11890570946671963,0.9308192877880097,0.34291038741528934,-0.04300409213940693,-0.2071268972425398,0.37384627765430445,0.4531850586438423
1774368231.4164472,base,416337949,1774368231,-0.11884715178438647,0.9308262580008277,0.34291423637844604,-0.042984397377451126,-0.20713372682338071,0.3738519006683807,0.45313140564054055
1774368231.4174366,base,417349491,1774368231,-0.11870251235357263,0.9308430174102796,0.3429249007729757,-0.042936032994683744,-0.20714898603689477,0.3738650650085544,0.45299624730547394
1774368231.4184499,base,418331566,1774368231,-0.11851932472747805,0.9308674560410527,0.3429296838365748,-0.04287401186672536,-0.20717002392812994,0.3738869452902963,0.4528273959498619
1774368231.4194367,base,419288565,1774368231,-0.11836095224597783,0.9308856865899668,0.3429415123653982,-0.04282105302167232,-0.20719027086900718,0.3739031597940369,0.4526816781149317
1774368231.4203992,base,420306733,1774368231,-0.11818316851920506,0.9309075448433064,0.3429507442891421,-0.042762935166941775,-0.20721091915432205,0.37391907905861216,0.45251924485252754
1774368231.421418,base,421272460,1774368231,-0.11812523099007984,0.9309145790936941,0.34295398197927973,-0.042743917449225455,-0.20721773600908475,0.37392458158872993,0.45246627085342184
1774368231.4224083,base,422289946,1774368231,-0.11797807472888067,0.930933293485698,0.3429598034664024,-0.04269602053382254,-0.20723329240066563,0.3739389611440452,0.4523290371532499
1774368231.423524,base,423318330,1774368231,-0.1177833756219403,0.9309572734894652,0.3429699258225256,-0.04262934840521511,-0.2072547360344445,0.37395931763811363,0.45214905343732303
1774368231.4245052,base,424377797,1774368231,-0.11762366615319635,0.9309764981305519,0.34297934154861454,-0.04257469154479775,-0.20727367659084825,0.37397514844768925,0.45200223385679483
1774368231.4254377,base,425300336,1774368231,-0.11744885412149547,0.930997823583731,0.3429887449201735,-0.04251517383226724,-0.20729325003922264,0.37399306122918613,0.4518418300762647
1774368231.4264317,base,426311731,1774368231,-0.11739041200974908,0.9310047640027569,0.3429923593515231,-0.042495435035164696,-0.20730001181421787,0.3739988460170872,0.45178832711693817
1774368231.4274974,base,427317833,1774368231,-0.11724517101029175,0.9310228220497361,0.3429990278104357,-0.04244692707851591,-0.20731625948583818,0.3740151565028251,0.45165356831694015
1774368231.4284759,base,428350742,1774368231,-0.11704953762486411,0.9310467497886438,0.34300907959754884,-0.04238073575872069,-0.2073386992830692,0.3740335561761379,0.4514724213427696
1774368231.4294813,base,429341293,1774368231,-0.11688639079717333,0.931066573050338,0.3430174677119635,-0.04232759193696354,-0.2073578376168204,0.37405047253285595,0.45132339643982633
1774368231.430451,base,430332701,1774368231,-0.11670292300949177,0.9310891475508756,0.34302630677073614,-0.04226558809780473,-0.20737627545563128,0.37406875137811746,0.4511539040866936
1774368231.4314492,base,431322870,1774368231,-0.11664293841418306,0.9310963061949208,0.3430297861293224,-0.04224522856312676,-0.20738296886758734,0.3740744452016382,0.4510985106686989
1774368231.432456,base,432335544,1774368231,-0.11649710421785667,0.9311142686368005,0.34303643936626604,-0.042197686153675244,-0.207398355753439,0.3740859486419822,0.4509636549279103
1774368231.4333804,base,433289922,1774368231,-0.11630435860010169,0.9311364066358601,0.3430500433886544,-0.0421302283274094,-0.20742116810733643,0.37410601692638745,0.45078589002172637
1774368231.434418,base,434306737,1774368231,-0.11613590276374182,0.9311588176269748,0.3430528054481167,-0.04207708543805647,-0.2074367995580681,0.37412149601064154,0.4506318333559112
1774368231.4354234,base,435307923,1774368231,-0.11595511050106118,0.9311809664546774,0.3430612750446927,-0.04201644470834386,-0.20745507533211824,0.37413877668127904,0.45046464345150955
1774368231.4364743,base,436336081,1774368231,-0.1158952761430025,0.9311880273269411,0.34306482337200755,-0.041996067618653,-0.2074612608182513,0.3741442173486238,0.45040941872116175
1774368231.437357,base,437264296,1774368231,-0.11574110847070308,0.9312065172321273,0.343072973968214,-0.04194463740443875,-0.20747813877524088,0.37415569696726914,0.4502673406910008
1774368231.438451,base,438339569,1774368231,-0.11554370014448391,0.9312290046372311,0.34308681135747837,-0.041876415221833586,-0.20750095221540346,0.37417477719906667,0.45008513802677175
1774368231.43945,base,439267032,1774368231,-0.11537463824011009,0.9312503029044292,0.34309244730688426,-0.04182270665972521,-0.2075189588648443,0.3741901543197673,0.44992851021516467
1774368231.4404917,base,440284264,1774368231,-0.11519448263364297,0.9312707230498872,0.3431049966618792,-0.04176161906056211,-0.20754036379647386,0.374205868635875,0.44976241187800714
1774368231.4415135,base,441286086,1774368231,-0.11513379745201487,0.931277779915103,0.3431087241488731,-0.04174097188144852,-0.2075470210825909,0.37421120976260014,0.4497061954029655
1774368231.442428,base,442280515,1774368231,-0.11497862906208624,0.9312959673844479,0.3431177237458936,-0.041688891133073815,-0.2075624665367117,0.37422307709296027,0.44956140938326355
1774368231.443494,base,443299427,1774368231,-0.11478104096056602,0.9313197577476072,0.34312723100081355,-0.04162360881352499,-0.20758674998368082,0.3742426034229002,0.4493798049490956
1774368231.4443948,base,444258432,1774368231,-0.11461165569820127,0.9313393287394326,0.34313772726543124,-0.04156589044414096,-0.20760600802488977,0.37425842083459915,0.4492230020117877
1774368231.4453797,base,445267229,1774368231,-0.11442064393870079,0.9313610762142754,0.3431501899143057,-0.04150191700892281,-0.20762621041623444,0.37427506336647576,0.4490468257217375
1774368231.4465303,base,446252979,1774368231,-0.11435517743900993,0.9313685738404901,0.34315433988244026,-0.04147977911067753,-0.20763304077559488,0.3742801535620722,0.4489865654417613
1774368231.4474742,base,447309245,1774368231,-0.114210133748442,0.9313862357636754,0.3431605672084229,-0.04143127191298583,-0.2076483372013188,0.37429252809430935,0.44885044468143015
1774368231.4484785,base,448345017,1774368231,-0.11400754676669449,0.931409574710224,0.3431727585985272,-0.04136352468342738,-0.20767185114581757,0.3743095248071855,0.4486632506182857
1774368231.449392,base,449289562,1774368231,-0.11383015134073132,0.931431249052437,0.3431796685383411,-0.041306658498087546,-0.20768987958689822,0.3743240931306553,0.44849957540536567
1774368231.4505439,base,450332953,1774368231,-0.1136396141578431,0.9314524163093814,0.343193367990887,-0.041240106844468924,-0.20771189075093904,0.37433934590554047,0.4483231053084611
1774368231.4514809,base,451346003,1774368231,-0.1135751750744025,0.9314599064882454,0.3431970106001019,-0.04121812861935184,-0.20771863056794101,0.37434475588594385,0.44826348272604444
1774368231.452547,base,452413406,1774368231,-0.11341973307753411,0.9314772079826482,0.34320759854878435,-0.041166970447772434,-0.2077334777449238,0.37435531421279705,0.4481199238575937
1774368231.45331,base,453242937,1774368231,-0.11322056815973076,0.9315000429293718,0.343219193912339,-0.04110179921038037,-0.20775864675741904,0.3743733882793122,0.4479365554238133
1774368231.454605,base,454405784,1774368231,-0.11304083769795559,0.931520783400201,0.3432292470107465,-0.0410424548785313,-0.2077775302588423,0.3743857828668012,0.44777048130731734
1774368231.4555254,base,455339262,1774368231,-0.11284925022274968,0.9315426414187414,0.3432407568642418,-0.040977271383290416,-0.20779508317905704,0.3744012804652399,0.44759312451451466
1774368231.4566076,base,456408551,1774368231,-0.11278645035975106,0.9315498457790621,0.3432443902959341,-0.04095595163862718,-0.20780203792602664,0.3744062987434235,0.4475350832835429
1774368231.4576373,base,457350606,1774368231,-0.11262979832793135,0.9315672187553606,0.3432547165748423,-0.0409053177244242,-0.20782093145405517,0.37441758588472834,0.44739105457871153
1774368231.458605,base,458405285,1774368231,-0.11242389473906085,0.9315914922083307,0.3432645617124467,-0.040836260959080196,-0.20784383503833342,0.37443684061565946,0.44720182883876247
1774368231.4594421,base,459339640,1774368231,-0.11224413126850756,0.9316100451637618,0.343280183396899,-0.04077615029331567,-0.2078652676542843,0.374447660083815,0.44703597880938295
1774368231.4605062,base,460418831,1774368231,-0.11204735529237542,0.9316320246990403,0.34329254609660365,-0.040711036853197956,-0.20788626483318523,0.37446025746086925,0.4468532153545487
1774368231.461379,base,461238867,1774368231,-0.11198323744598183,0.9316392621410099,0.3432963508833405,-0.04068974365431322,-0.20789300506138414,0.37446494828091614,0.4467939348041322
1774368231.4625525,base,462395648,1774368231,-0.11183381744368727,0.9316553117883174,0.34330760573107577,-0.04063822264545239,-0.20791043430432626,0.3744770538327626,0.44665617061234336
1774368231.4634852,base,463340402,1774368231,-0.11161983984594671,0.9316812912974554,0.3433148477839941,-0.04056966958362057,-0.2079300946033941,0.3744917286808627,0.44645745038163215
1774368231.4645174,base,464358628,1774368231,-0.11144715878993028,0.9317001098753761,0.3433269262856364,-0.04050997090990717,-0.20794863702855002,0.37450648155196054,0.44629669510835335
1774368231.4654834,base,465332207,1774368231,-0.11125284961168205,0.9317197175701573,0.3433445003762201,-0.04044410223593384,-0.20797223225976114,0.37451780220549935,0.4461177522414304
1774368231.4665096,base,466368328,1774368231,-0.11118898228052254,0.9317268456420651,0.34334836071106495,-0.0404227476346351,-0.20797870646551414,0.3745223599004273,0.44605890033426077
1774368231.467502,base,467340996,1774368231,-0.11103622359304915,0.931744749108732,0.3433551749338304,-0.040372062179920856,-0.20799411293423686,0.37453293634913837,0.44591797135462985
1774368231.4685283,base,468419662,1774368231,-0.11082934560368875,0.931768813151,0.34336474543815737,-0.04030367951470773,-0.20801640985792116,0.3745511499620838,0.4457275824906713
1774368231.4693842,base,469296471,1774368231,-0.11065502311826565,0.9317868289715469,0.3433788524267089,-0.0402459304770297,-0.208037095090054,0.3745621949893189,0.445564545556079
1774368231.4705741,base,470358401,1774368231,-0.11046262042635888,0.9318082360299105,0.3433903581537711,-0.04018062570933451,-0.20805595835855117,0.3745744616402009,0.4453873685994265
1774368231.4716194,base,471343239,1774368231,-0.11039870563866461,0.9318153110349691,0.343394233505902,-0.040159087502149575,-0.20806235497216422,0.3745787630581207,0.44532840739651997
1774368231.472497,base,472395474,1774368231,-0.1102384615694728,0.931833233536919,0.34340323115129695,-0.04010644962813585,-0.20807819425546872,0.3745879487602866,0.44517912134269344
1774368231.473405,base,473336301,1774368231,-0.11003325222728959,0.9318554420244868,0.3434167603770428,-0.04003807270300182,-0.20810239658484497,0.3746058913506779,0.4449908302065746
1774368231.4745839,base,474412326,1774368231,-0.10985079206903532,0.9318757011816643,0.3434270372287752,-0.039979383802812705,-0.20811905577281076,0.3746173078696903,0.4448225224967587
1774368231.475483,base,475345691,1774368231,-0.10965448385548393,0.9318964181521588,0.3434413380236736,-0.03991249606417746,-0.20814078961896965,0.37463012168586757,0.44464051220393785
1774368231.4764907,base,476333138,1774368231,-0.10958946403450534,0.9319035562585741,0.34344527542923997,-0.03989052507282993,-0.20814721013482268,0.37463464961985504,0.44458030458767517
1774368231.477487,base,477347140,1774368231,-0.10943307699375679,0.9319209044191973,0.3434539708481879,-0.03983967212209358,-0.2081623406161435,0.37464232233618583,0.44443495631067415
1774368231.478572,base,478421798,1774368231,-0.10921819019633514,0.9319461237074926,0.34346208394994404,-0.03976941444851279,-0.20818197795819887,0.37465763472766916,0.44423631098429517
1774368231.479436,base,479303774,1774368231,-0.10904248186774926,0.9319636924063847,0.3434769919150305,-0.039711071622172744,-0.20820246425621275,0.37466836987738467,0.44407457878990836
1774368231.4806736,base,480416589,1774368231,-0.10885263954375951,0.9319829544712147,0.3434921423988574,-0.03964875218345801,-0.2082237089382543,0.3746798275097591,0.4438983225634197
1774368231.4814243,base,481240344,1774368231,-0.10878898602567405,0.9319898924538373,0.34349592007933843,-0.03962763899400358,-0.20823029839789037,0.3746843349596234,0.4438391616464733
1774368231.4825888,base,482388343,1774368231,-0.10862729840293539,0.9320100403323169,0.34349856046263355,-0.03957440740593759,-0.20824311925427635,0.37469462238849843,0.4436899882553821
1774368231.483486,base,483336389,1774368231,-0.10841941648608516,0.9320299543553415,0.34351828351474556,-0.03950421755053066,-0.20826910216857322,0.3747091715146577,0.4434989767245923
1774368231.4845598,base,484419733,1774368231,-0.10824003888653354,0.9320503304720765,0.3435263027732698,-0.039445592297015136,-0.20828464122445522,0.37472013243586855,0.4433326589444033
1774368231.4854646,base,485337322,1774368231,-0.10804075088732719,0.9320726159821379,0.34353608208908637,-0.039380134418223064,-0.2083026476367215,0.37473095540187396,0.4431484601648597
1774368231.486449,base,486317652,1774368231,-0.10797544390721056,0.9320798422716576,0.3435394740315004,-0.039358619463119096,-0.2083084964995984,0.3747349413140005,0.4430879784567853
1774368231.4874737,base,487333205,1774368231,-0.10781585265601233,0.9320969559168297,0.3435489973319947,-0.03930767251844876,-0.2083217849792765,0.3747430538136649,0.44293968443631293
1774368231.4885678,base,488435583,1774368231,-0.10760592080315548,0.9321204012932442,0.3435591346430316,-0.03923830149684875,-0.20834344483732736,0.3747594689028087,0.44274603021347747
1774368231.4894295,base,489283435,1774368231,-0.10742407694457706,0.9321397225318229,0.3435705639805317,-0.03917745444769461,-0.20836068591963314,0.37477101638078686,0.44257650001212334
1774368231.4904869,base,490365040,1774368231,-0.10722619337266534,0.9321627343223782,0.3435773910459027,-0.03911210244318486,-0.20837831674643567,0.3747841518012909,0.44239457312299973
1774368231.4914834,base,491312038,1774368231,-0.10716058257842082,0.9321701391734774,0.3435802391511564,-0.03909041365331659,-0.20838431924751216,0.374788422901325,0.4423341483823628
1774368231.492521,base,492387981,1774368231,-0.10699673159450974,0.9321864629607254,0.3435932530373626,-0.039035550054628755,-0.20840006971826763,0.37479499897206636,0.4421820689448229
1774368231.4933841,base,493252509,1774368231,-0.10678888759612394,0.9322090698626935,0.3436046180128232,-0.038964728049561616,-0.2084202756423047,0.3748141989569423,0.44199038951365444
1774368231.494538,base,494357561,1774368231,-0.10660440930834597,0.9322284662725787,0.3436159776010662,-0.03890561044833776,-0.20844013182783103,0.37482257351720305,0.4418202132174533
1774368231.4954875,base,495307407,1774368231,-0.10640845833909617,0.9322501111139914,0.3436253980175879,-0.03884013593052935,-0.20845901462182795,0.37483644666528687,0.44163901414810997
1774368231.4965184,base,496388745,1774368231,-0.10634258377794135,0.9322572590679721,0.34362883364448277,-0.038818584191545595,-0.20846501433971237,0.3748405909367811,0.44157811766608035
1774368231.4973977,base,497247887,1774368231,-0.10617405741247336,0.9322750425482222,0.34363889886626303,-0.03876366546478221,-0.20847822638997612,0.3748481366985069,0.44142172832439014
1774368231.4984233,base,498331415,1774368231,-0.1059583286547348,0.9322995473385721,0.34364714894583837,-0.03869138977066459,-0.20849816793084516,0.37486593899712434,0.44122262259218403
1774368231.49949,base,499300076,1774368231,-0.10577349489341165,0.9323201420899284,0.343655074689369,-0.038630429349068164,-0.20851521898742298,0.3748783039670788,0.4410516513726198
1774368231.5005157,base,500339854,1774368231,-0.10557354106077581,0.9323408993163763,0.3436677240346616,-0.038563847664035006,-0.20853326509769474,0.37489059824317106,0.440866835424517
1774368231.501414,base,501298527,1774368231,-0.10550756140791541,0.9323480020577444,0.34367117801813807,-0.03854191152904347,-0.20853916809144998,0.37489506009554474,0.44080585121887406
1774368231.5024722,base,502394510,1774368231,-0.10533869229540177,0.9323664348230313,0.3436793200135971,-0.03848527141487258,-0.20855254915589144,0.37490309566052826,0.44064827962483394
1774368231.5035064,base,503400307,1774368231,-0.10512165788477702,0.9323891009646946,0.3436925073156195,-0.038411741185569837,-0.20857585558628383,0.37492088957888486,0.4404488772847074
1774368231.5045276,base,504400481,1774368231,-0.10493434523507943,0.9324098622171124,0.3437001935248775,-0.03835112777106143,-0.2085928311372355,0.3749335361616796,0.44027522366563254
1774368231.5054784,base,505363010,1774368231,-0.10472704760977208,0.9324317540674404,0.3437117810348206,-0.03828160241589164,-0.20861380127621892,0.3749472030879598,0.44008466434724897
1774368231.506549,base,506361880,1774368231,-0.10465954179106877,0.932438960398297,0.34371525206704073,-0.03825952090548535,-0.20862028470592575,0.3749515859261271,0.4400226561089446
1774368231.5074291,base,507310300,1774368231,-0.10449236882821338,0.9324568561426614,0.34372383918079885,-0.03820312379930468,-0.2086338572980112,0.3749620554159531,0.43986895088084105
1774368231.508541,base,508337395,1774368231,-0.10427287711328861,0.93248020442455,0.3437352940195068,-0.038129819042179776,-0.2086554042853395,0.3749776207952943,0.43966605191536123
1774368231.5094192,base,509310006,1774368231,-0.1040756085312444,0.932501779285152,0.34374381432148654,-0.03806428056055119,-0.2086711919004386,0.37499047201108004,0.43948521512066097
1774368231.510455,base,510320229,1774368231,-0.10387684613496219,0.9325218867050798,0.343756566738088,-0.03799940101493927,-0.20869201226798575,0.3750038775574772,0.4393012525350988
1774368231.5113633,base,511282275,1774368231,-0.10380894606981483,0.9325291485706664,0.3437598248576924,-0.03797726419518438,-0.20869839261304202,0.3750082673885938,0.4392383971184498
1774368231.51247,base,512347447,1774368231,-0.10363577933625813,0.9325488151854466,0.34376515457938633,-0.03791900624484707,-0.20871483326399135,0.3750193988112164,0.4390778414934242
1774368231.513379,base,513292599,1774368231,-0.10341225598905074,0.9325722507393909,0.34377698481742536,-0.03784557004408027,-0.20873428883852957,0.3750341870662394,0.4388717855122986
1774368231.5144415,base,514316670,1774368231,-0.10321875564606577,0.9325924453244953,0.34378738162165007,-0.0377816839789599,-0.20875223321768718,0.3750452052497849,0.4386926452098872
1774368231.515327,base,515257074,1774368231,-0.10301802690689324,0.9326137075759234,0.34379740882998877,-0.03771339623378142,-0.20876971972092592,0.37505968808977125,0.4385074904491215
1774368231.5164313,base,516309663,1774368231,-0.10294968226207811,0.9326208508559648,0.34380099499901723,-0.03769067933215152,-0.2087759891132683,0.3750639639606943,0.43844437596300756
1774368231.5173895,base,517308037,1774368231,-0.10277941045261142,0.9326373708240215,0.3438134491309989,-0.037632957977233567,-0.2087948338670494,0.3750738061639378,0.438287221971812
1774368231.5184631,base,518315305,1774368231,-0.1025504727852802,0.9326621759215046,0.34382274953101943,-0.03755772945493253,-0.20881471161353254,0.37508952595409495,0.4380766552990505
1774368231.5193546,base,519280240,1774368231,-0.10235721798645794,0.9326816152437936,0.3438345997431041,-0.037493633216859217,-0.2088356795173245,0.37510167466104755,0.437898200613586
1774368231.5205026,base,520351563,1774368231,-0.10215325437289234,0.9327010992627548,0.34384994583324674,-0.03742441456521702,-0.20885578224096543,0.37511407193600976,0.4377091502213965
1774368231.5214174,base,521274222,1774368231,-0.10208487054249393,0.932708205389826,0.3438534427663139,-0.03740177405639751,-0.2088620064827647,0.3751183779225442,0.43764604875772894
1774368231.5224264,base,522282989,1774368231,-0.10191153794360776,0.9327272516680737,0.3438593927159959,-0.03734475158140625,-0.2088757280195269,0.3751283518378405,0.4374857570516199
1774368231.5233877,base,523293773,1774368231,-0.10169386293424851,0.9327501598815896,0.34386979026514963,-0.03727015998598742,-0.20889868880149465,0.37514645091725374,0.43728685763815944
1774368231.5244539,base,524307430,1774368231,-0.10149530107779842,0.9327700473575568,0.3438814118320128,-0.03720641353490026,-0.2089175123027118,0.37515632232456514,0.43710261662608574
1774368231.5253277,base,525244071,1774368231,-0.10128290853070981,0.9327906660693631,0.34389600136196374,-0.0371333540188067,-0.2089380952249541,0.3751682354712736,0.4369061075094409
1774368231.5264523,base,526328809,1774368231,-0.10121265557646907,0.9327977632691264,0.3438999952566698,-0.037109627507376515,-0.20894451340412548,0.3751725573235742,0.436841120006405
1774368231.5273972,base,527310768,1774368231,-0.10104391619719932,0.9328158218667899,0.3439063855756038,-0.037056273893132374,-0.20895865925387982,0.3751820762109764,0.43668559678856234
1774368231.5284429,base,528332004,1774368231,-0.10081660666156962,0.9328384322257914,0.3439202551554797,-0.0369774157772512,-0.20897917701429877,0.37519643205857495,0.43647587758363215
1774368231.5294821,base,529354627,1774368231,-0.10061835831328404,0.9328581973116381,0.34393168764229565,-0.03691238158589438,-0.20900019553461913,0.3752091411904919,0.4362930251535607
1774368231.5305622,base,530379095,1774368231,-0.10040520960753231,0.9328805505157313,0.34394083215001037,-0.036842588577514095,-0.20901825374271593,0.37522160682246214,0.4360975033522832
1774368231.5315466,base,531356270,1774368231,-0.10033419629038391,0.9328878122482055,0.34394437325251576,-0.03681911081834851,-0.2090245483624759,0.3752258090365609,0.43603235903503584
1774368231.5325334,base,532370129,1774368231,-0.10015599874204312,0.9329055634057177,0.34395438236690723,-0.03676096480294811,-0.20904022058435706,0.37523400802506374,0.43586803759396064
1774368231.5334983,base,533342227,1774368231,-0.09993030506349726,0.9329265286817772,0.3439716487980061,-0.03668148081616646,-0.20906586631963442,0.3752511334801061,0.43565917635257473
1774368231.5345237,base,534373707,1774368231,-0.09973234088152291,0.9329479045030183,0.34397811079332136,-0.03661593861662339,-0.20908202952930863,0.3752633168084076,0.4354761284425568
1774368231.5353942,base,535287920,1774368231,-0.0995161548037105,0.9329694005289302,0.3439901051792015,-0.03654367453574434,-0.20910144574145226,0.37527696665260885,0.43527608746680363
1774368231.5365252,base,536382438,1774368231,-0.09944241340543589,0.9329767563277097,0.3439940895974922,-0.03651910308756599,-0.20910814202160358,0.3752812100471112,0.43520799856244236
1774368231.5374475,base,537300312,1774368231,-0.09926768806336707,0.9329932884435864,0.34400598156287254,-0.036460039423200426,-0.20912501133542477,0.37528930907206126,0.4350475353657931
1774368231.5385115,base,538375879,1774368231,-0.09903641076067289,0.933018215007495,0.3440130056895348,-0.03638477324820219,-0.20914541506173048,0.375305876163758,0.43483455555785605
1774368231.5395043,base,539289926,1774368231,-0.09883799090067644,0.9330377356548759,0.34402421116651694,-0.03631773024289281,-0.20916476951242594,0.37531756052423215,0.4346510317946722
1774368231.5404825,base,540329899,1774368231,-0.0986199265431225,0.9330587108492333,0.3440376942631187,-0.03624385634990973,-0.2091844124160433,0.3753305513563702,0.4344493615270004
1774368231.5414298,base,541284702,1774368231,-0.09854608970078696,0.9330660114010567,0.3440416129907857,-0.036219540354701346,-0.2091910121405469,0.3753347878543631,0.4343812730900065
1774368231.5426838,base,542354270,1774368231,-0.09837563172399198,0.9330835438881122,0.34404874659096696,-0.03616345084877115,-0.20920753383952687,0.37534435837031593,0.4342246094704828
1774368231.5434577,base,543305633,1774368231,-0.09813500543829345,0.933105857898382,0.34406571527310514,-0.03607994230811848,-0.20923073674300702,0.37535897132817336,0.43400240530509726
1774368231.5444977,base,544357455,1774368231,-0.09793293749529079,0.9331268098297015,0.3440732139561476,-0.03601555175857376,-0.2092481449256839,0.37537025559201076,0.43381760990285184
1774368231.5454345,base,545294082,1774368231,-0.09771952203470287,0.933146618268908,0.34408797229446436,-0.03594093973304044,-0.20926872179560513,0.37538493899613223,0.4336196970561326
1774368231.5465324,base,546375056,1774368231,-0.09764746366260396,0.9331535265052893,0.3440922444379621,-0.03591651609842573,-0.20927532617692962,0.3753891256075132,0.4335529476740429
1774368231.5474815,base,547338238,1774368231,-0.0974693445680006,0.9331710187977702,0.34410143433099777,-0.03585776675653472,-0.20929100378468862,0.37539785834291217,0.4333890403258883
1774368231.5485406,base,548392599,1774368231,-0.09722741332749364,0.9331956677954276,0.3441114207919566,-0.035777168502153414,-0.2093109471336311,0.3754146963484783,0.4331658082990704
1774368231.5494797,base,549332286,1774368231,-0.097029386467604,0.9332150044666705,0.34412187802778677,-0.03570975584656859,-0.20932817453032782,0.3754265082951863,0.4329822315951958
1774368231.5505598,base,550407998,1774368231,-0.09680978447722245,0.9332373579331469,0.3441304614038997,-0.035638812008429964,-0.20934912539889183,0.37543855915010654,0.4327803077905969
1774368231.5513606,base,551286320,1774368231,-0.09673723496721333,0.9332445793708174,0.3441337402913726,-0.035615042312965445,-0.20935547068869287,0.375442779318189,0.43271349352634686
1774368231.5523522,base,552303807,1774368231,-0.09656209386902369,0.9332610615316386,0.3441442725526146,-0.035556612967220826,-0.20936977608765503,0.37544986286842363,0.4325513652944557
1774368231.55343,base,553371337,1774368231,-0.09632987015907242,0.9332838223499178,0.3441557908845534,-0.035477523246287467,-0.20939073698714644,0.37546735640697565,0.4323378042075987
1774368231.5544922,base,554388632,1774368231,-0.0961306920856783,0.9333034384447951,0.34416518566676796,-0.03541054646867429,-0.2094074077857045,0.3754781873316297,0.432154221343228
1774368231.5553937,base,555335554,1774368231,-0.09591244005694483,0.9333244397269733,0.3441765918793672,-0.03533790674273053,-0.2094269737751691,0.3754898120915565,0.4319525157954324
1774368231.5564835,base,556399986,1774368231,-0.09584110524767812,0.9333312991247819,0.3441802569732066,-0.035314576718514824,-0.2094332930829967,0.3754935487870748,0.43188682298198233
1774368231.5574477,base,557282426,1774368231,-0.09566360320786078,0.9333472269983903,0.3441925788603822,-0.035254751922880516,-0.2094469615780553,0.3754995082289321,0.43172271366734616
1774368231.5585747,base,558405167,1774368231,-0.09542907946317099,0.9333709238928382,0.3442014839328628,-0.035175953187607946,-0.20946867005465403,0.3755149320548972,0.43150709123822206
1774368231.5594537,base,559274619,1774368231,-0.09522979627629354,0.9333899226386829,0.3442118405040415,-0.035110498067522075,-0.20948565766202548,0.3755267634341931,0.431324000416335
1774368231.560512,base,560332543,1774368231,-0.09501293009450812,0.9334103027743448,0.34422407228839536,-0.03503623619562406,-0.20950468580103646,0.37553860710464154,0.4311246837900979
1774368231.5614898,base,561318175,1774368231,-0.0949413531375493,0.9334172258668715,0.34422751731719947,-0.03501197282419445,-0.20951045830246323,0.37554260977560683,0.4310589965866326
1774368231.562569,base,562402121,1774368231,-0.09476349312125185,0.9334349949434494,0.34423423947163684,-0.03495395488016997,-0.20952426395749374,0.37554934874958484,0.4308922433919048
1774368231.5634892,base,563340980,1774368231,-0.09452662920710274,0.9334575710821543,0.3442463248080486,-0.03487330234289714,-0.2095449283597966,0.37556567879671454,0.4306755878020561
1774368231.5645714,base,564398427,1774368231,-0.09432273683445633,0.9334793471300508,0.3442497911440503,-0.03480820442065069,-0.20956138568088165,0.37557658656018206,0.43048872227474794
1774368231.5654752,base,565329202,1774368231,-0.0941103438375291,0.9334988970621815,0.34426201909991994,-0.03473779745060417,-0.20957701336433585,0.3755878380238036,0.430293132359204
1774368231.566582,base,566403001,1774368231,-0.09403844730835906,0.9335057227873149,0.34426554058996434,-0.03471416877105721,-0.20958252900374402,0.375591442572933,0.4302268839973136
1774368231.5674713,base,567309186,1774368231,-0.09385673549181413,0.9335222687343709,0.34427624955853225,-0.034654739499291175,-0.20959690235423867,0.37559802504595224,0.4300578668648126
1774368231.5684457,base,568306385,1774368231,-0.09362679955225067,0.9335448783946652,0.3442854166460174,-0.034576499440672516,-0.2096160378715575,0.37561180273271877,0.42984533568186284
1774368231.5694704,base,569311980,1774368231,-0.09342602370836864,0.9335637747019842,0.3442954354273548,-0.03450956102465515,-0.20963340122943713,0.37562270417606153,0.42966029955616053
1774368231.5705009,base,570339293,1774368231,-0.09321478968303866,0.9335832738567371,0.34430688146675803,-0.03443900599493658,-0.20965382080011358,0.37563453125472585,0.42946639966894234
1774368231.57149,base,571334883,1774368231,-0.09314383178262259,0.933590015827472,0.3443101456699078,-0.03441558566809326,-0.20965995248702307,0.37563832059381,0.42940110191844477
1774368231.5725155,base,572376532,1774368231,-0.09295912546918784,0.9336074399761491,0.3443187819912118,-0.034355863855727614,-0.20967200670171177,0.375643952189205,0.42923130132126985
1774368231.5734198,base,573275194,1774368231,-0.09273515788478155,0.9336288952776673,0.3443287036432355,-0.034278568261469015,-0.20969091434619638,0.3756604856949712,0.42902457122172666
1774368231.5744693,base,574334422,1774368231,-0.09253079467962148,0.9336485291953761,0.34433721024595465,-0.03421054818768512,-0.20970550559065682,0.37567121268060155,0.42883550955364563
1774368231.5755353,base,575328723,1774368231,-0.09230899449848204,0.9336704688958477,0.34434436812286806,-0.03413885159974918,-0.20972086250563465,0.3756814729963645,0.42863125429668103
1774368231.5764832,base,576302450,1774368231,-0.09223557970170466,0.9336774386719299,0.3443475163326899,-0.03411489920288227,-0.20972659056918141,0.3756849520347651,0.4285636122515234
1774368231.577502,base,577335348,1774368231,-0.0920517121810791,0.9336938753216618,0.3443583222631425,-0.034052538223492315,-0.20974046906247573,0.37569091768498275,0.4283933020173365
1774368231.5785847,base,578403377,1774368231,-0.09181341022639547,0.9337159884837887,0.34436987894310905,-0.03397259232159862,-0.2097593213399602,0.3757054907322889,0.42817428391302526
1774368231.5794265,base,579276205,1774368231,-0.09160671074295562,0.9337375462693159,0.34437288136100347,-0.03390757757395415,-0.2097743808706647,0.3757179562008106,0.4279850532838717
1774368231.5805264,base,580343141,1774368231,-0.09138653247750374,0.9337568270478107,0.3443865072958738,-0.033832280678254834,-0.2097920975597246,0.37572944763772675,0.4277813846517223
1774368231.581488,base,581334546,1774368231,-0.09131224514166583,0.9337635888299821,0.3443903466059191,-0.03380714757555213,-0.20979829575917752,0.37573315014081443,0.42771291613104434
1774368231.5825918,base,582383521,1774368231,-0.09112857353130598,0.9337818940170293,0.34439516341091125,-0.033748020849978425,-0.20981182871355925,0.3757400171627991,0.42754390324063224
1774368231.5834749,base,583334794,1774368231,-0.09089033230140552,0.9338035824630043,0.34440735465995553,-0.033665871881340716,-0.20983217912313704,0.37575585571932696,0.427325034992096
1774368231.5845916,base,584403862,1774368231,-0.09068173526592499,0.9338249216943754,0.3444112349193404,-0.03359672265250526,-0.20984474595667998,0.37576947351763285,0.42713277278636846
1774368231.5854506,base,585310327,1774368231,-0.09045812838886423,0.9338456099984301,0.3444214935680483,-0.03351922528040547,-0.2098620581494416,0.37578068580160984,0.42692577761821193
1774368231.5865726,base,586382469,1774368231,-0.09038378856522364,0.9338524397107483,0.34442492595499796,-0.033494208331804554,-0.20986782088857786,0.3757844562954024,0.4268572754195834
1774368231.5874727,base,587334724,1774368231,-0.09019442021343652,0.9338693654327488,0.34443468207825867,-0.033432389239269666,-0.20988364072286766,0.375790546948419,0.4266835664905364
1774368231.5884702,base,588307777,1774368231,-0.0899440352886823,0.9338918347548106,0.3444473237846285,-0.03334895248563497,-0.20990206365279698,0.3758052849004103,0.4264529859869185
1774368231.589464,base,589308399,1774368231,-0.08973220225666897,0.9339129374496171,0.3444521320153817,-0.03327891062600964,-0.20991727712513378,0.3758165635483155,0.4262584297388766
1774368231.5905356,base,590373145,1774368231,-0.08950721108793504,0.933932486876252,0.34446511779893635,-0.03320168279115005,-0.20993499567715987,0.37582991218034484,0.4260503720041112
1774368231.5914981,base,591313007,1774368231,-0.0894333354332251,0.9339390244179716,0.3444690096322844,-0.03317647638687299,-0.20994088680785464,0.37583386492035414,0.4259820355779404
1774368231.592583,base,592389905,1774368231,-0.08924670801872042,0.9339577068654987,0.34447253777890274,-0.03311642508669802,-0.20995367499390305,0.3758428462016682,0.4258120468540813
1774368231.5934343,base,593273540,1774368231,-0.08899517722067021,0.9339804922308435,0.34448404105741565,-0.033030955487930336,-0.20997190230457893,0.3758565666351981,0.42558060836182277
1774368231.5945706,base,594367195,1774368231,-0.08878438413162364,0.933999390135069,0.3444940008653095,-0.032959910944957205,-0.2099901422332832,0.375867707846562,0.4253858052010184
1774368231.59552,base,595276363,1774368231,-0.08855246780232981,0.9340217254527522,0.34450038367787345,-0.032884076301135844,-0.2100070074511144,0.37588042385048587,0.42517270362746323
1774368231.5965626,base,596371149,1774368231,-0.088477428399643,0.9340287056100547,0.3445031047236256,-0.032859284775758904,-0.21001267208119423,0.37588444116722375,0.4251036260306211
1774368231.5974307,base,597265907,1774368231,-0.0882922011839145,0.9340455079330384,0.34451115261680315,-0.03279545765579702,-0.21002662005452044,0.37589500393847886,0.4249327083394929
1774368231.5985584,base,598358604,1774368231,-0.08803772016910122,0.9340675522032367,0.34452450479771396,-0.03271136411663075,-0.21004602775228498,0.37590725908605804,0.42469970906418864
1774368231.5994785,base,599273739,1774368231,-0.08781982162362077,0.9340882490125568,0.34453091708067995,-0.03263846139444375,-0.21006159405047561,0.3759170793109281,0.42449935659665894
1774368231.6005378,base,600351920,1774368231,-0.0875857522974377,0.934108177799756,0.34454395722522574,-0.0325593258789738,-0.21007922292653916,0.37592790316517977,0.4242837846545151
1774368231.6013906,base,601274934,1774368231,-0.08750879222908588,0.9341150222115349,0.34454738787041644,-0.032533583771594266,-0.2100850500039095,0.3759314809970878,0.42421298264098606
1774368231.6024795,base,602371837,1774368231,-0.08731624242382485,0.9341324089098063,0.34455525778537455,-0.032468304017922126,-0.2100985897185098,0.3759404971349453,0.42403433703757565
1774368231.6033893,base,603300462,1774368231,-0.08706329641366807,0.9341532642219232,0.34457079517402533,-0.032382533474872965,-0.21012139588014447,0.3759524055381164,0.42380282459750407
1774368231.604473,base,604372567,1774368231,-0.0868507543128312,0.9341727217181359,0.34457828935698287,-0.032312149059413625,-0.21013743271657534,0.3759645221153619,0.4236076889524204
1774368231.6054518,base,605299213,1774368231,-0.08661212821241804,0.9341952591404719,0.34458455872813804,-0.03223412682417003,-0.21015528845748527,0.37597666687590825,0.42338926179613273
1774368231.6064682,base,606316773,1774368231,-0.08653324061779044,0.9342022132107053,0.34458799146109675,-0.03220775125976266,-0.21016144031978906,0.3759805856074076,0.4233167745378102
1774368231.6074567,base,607280517,1774368231,-0.08634774416664646,0.9342177839962393,0.34459816075547417,-0.032145088993991836,-0.21017717986705461,0.3759890398020712,0.4231459186392518
1774368231.6085622,base,608335182,1774368231,-0.08608531435715469,0.9342409868489567,0.34460902073223326,-0.03205807189286957,-0.210195372596584,0.37600230955518926,0.42290545059133366
1774368231.6094353,base,609259789,1774368231,-0.08587149038096062,0.9342600222071206,0.3446173693452375,-0.031986978457980667,-0.2102122742851016,0.3760120974773149,0.4227069369700889
1774368231.6104922,base,610305663,1774368231,-0.08563231307781972,0.9342810270454993,0.3446274509281891,-0.03190594813648301,-0.2102302349411654,0.3760225082796479,0.42248634784918476
1774368231.611491,base,611249662,1774368231,-0.08555274199592275,0.9342879155987834,0.3446310055047793,-0.03187929026538122,-0.2102361441224487,0.3760259531450891,0.422412991270126
1774368231.6125069,base,612321616,1774368231,-0.0853572234670923,0.934304313350952,0.3446409348226051,-0.031815412937691426,-0.21024840060728406,0.37603130224281234,0.42223310301293865
1774368231.6133792,base,613238281,1774368231,-0.085089993539842,0.934326786388461,0.344654450958152,-0.03172473279849217,-0.21026925561251045,0.37604632368892693,0.42198799921562935
1774368231.614497,base,614309095,1774368231,-0.08486964742313778,0.9343453833896161,0.34466518022423914,-0.031650608616205445,-0.21028839213763426,0.37605429342123253,0.42178599477972173
1774368231.6153777,base,615248309,1774368231,-0.08463152650736351,0.9343667441706353,0.34467299119256833,-0.031572476167823244,-0.21030489291760124,0.3760662658922387,0.4215671182283191
1774368231.6165621,base,616369306,1774368231,-0.08455013991161167,0.9343738434882445,0.34467621234450074,-0.031545254631736006,-0.2103107079776488,0.376070181811963,0.4214923104746716
1774368231.6174715,base,617313544,1774368231,-0.08435821611898063,0.9343901650785059,0.34468495935094123,-0.031479986896849735,-0.21032481610773124,0.3760790273244907,0.42131569112235995
1774368231.6185145,base,618358512,1774368231,-0.08410200257389704,0.9344129527073758,0.3446938182045328,-0.031392015980566255,-0.21034456973750407,0.37609564525453865,0.4210806431674165
1774368231.6194663,base,619289197,1774368231,-0.08387542178527588,0.9344329276227799,0.34470180913718845,-0.031315813452824005,-0.21036072589508434,0.3761070577420115,0.42087127665876595
1774368231.620542,base,620361214,1774368231,-0.0836355630763148,0.9344520736436848,0.34471544318515107,-0.031235842898666256,-0.2103795819139076,0.3761169205662727,0.42065018653721786
1774368231.6214795,base,621321358,1774368231,-0.08355348156545767,0.9344590166651652,0.3447190230812356,-0.0312082844350974,-0.21038552273309657,0.37612054951229634,0.4205745812315907
1774368231.6224697,base,622311594,1774368231,-0.08336034279597111,0.9344766159312152,0.3447239566244981,-0.031143237722391182,-0.21039862375786347,0.37613070491912093,0.4203968142686511
1774368231.6234946,base,623299919,1774368231,-0.08309526193976245,0.9344990039139869,0.3447353480191286,-0.03105364637299416,-0.2104194703280802,0.3761442940914327,0.42015428698611373
1774368231.6245186,base,624364552,1774368231,-0.08286549038737609,0.9345182375223887,0.3447453851599375,-0.030977308660280162,-0.21043451924400577,0.3761518811538604,0.41994358913046126
1774368231.6254761,base,625332786,1774368231,-0.08261837019064414,0.9345392501264977,0.3447552011639962,-0.030894111905303934,-0.2104516007576076,0.37616305467167965,0.41971508444947037
1774368231.6265025,base,626329548,1774368231,-0.08253556375882819,0.934546070806154,0.34475903282208636,-0.030866349693003656,-0.2104576392273172,0.376166359347071,0.41963859905178386
1774368231.6275053,base,627332999,1774368231,-0.08233382872978094,0.934562308047784,0.34476938109511096,-0.0307978389239928,-0.21047150219853863,0.37617232655929866,0.41945298481114396
1774368231.6285622,base,628406933,1774368231,-0.08207495859327955,0.9345845049080604,0.34477872979946994,-0.030710451568333613,-0.21049188756109966,0.3761869364799018,0.4192146586018902
1774368231.6294746,base,629337831,1774368231,-0.08185040666928046,0.9346043623110546,0.3447850355476306,-0.030634557931189157,-0.21050553155188573,0.37619755350974005,0.4190092380459464
1774368231.6305215,base,630370881,1774368231,-0.08160622454605233,0.9346247034111268,0.34479511610812463,-0.030551854231571425,-0.21052259643464055,0.37621016433126003,0.4187844023041812
1774368231.6314697,base,631333517,1774368231,-0.08152638165898071,0.9346313828690948,0.34479828920600103,-0.030524858892593508,-0.21052838223988016,0.3762140199195634,0.41871079754465956
1774368231.6326094,base,632401914,1774368231,-0.08132452717083122,0.9346480029790054,0.3448067731364869,-0.030458512882296937,-0.21054167820838657,0.3762190220195911,0.41852482265470015
1774368231.6335158,base,633329260,1774368231,-0.08107138032080323,0.9346672373523846,0.3448219427977449,-0.030371277189633644,-0.21056303924071126,0.37623467361097546,0.4182940041721398
1774368231.6346047,base,634388095,1774368231,-0.08084525207396474,0.9346877367374783,0.344826119246079,-0.030295667930521932,-0.21057496509609888,0.37624344686214994,0.41808586348986637
1774368231.6355438,base,635310565,1774368231,-0.08059937822588727,0.934708788910116,0.34483386625089163,-0.03021299141506617,-0.21059066739875523,0.37625334508130026,0.4178598563284902
1774368231.636663,base,636401401,1774368231,-0.08051948632889792,0.9347155247306634,0.3448366281448563,-0.030186090149221564,-0.2105959244064393,0.3762568769018525,0.4177864821747892
1774368231.6374722,base,637298839,1774368231,-0.08031972785404366,0.9347309849783745,0.3448471880296315,-0.03011883043655921,-0.21061065063311796,0.3762635362546184,0.41760304646306046
1774368231.6386333,base,638364869,1774368231,-0.08005077230659177,0.9347535138806363,0.34485652960843277,-0.030028588500784718,-0.21062955071644207,0.37627504073825574,0.4173561031158363
1774368231.6394947,base,639291917,1774368231,-0.0798339978743031,0.9347717897479483,0.34486358680366863,-0.029955640065468685,-0.21064472789831049,0.3762865359889375,0.4171578941893985
1774368231.6405666,base,640347128,1774368231,-0.0795933703356701,0.9347914656470265,0.34487297032124875,-0.02987382623454804,-0.21066187153834645,0.3762972306998574,0.41693632653103313
1774368231.6415353,base,641297691,1774368231,-0.07951315511375688,0.934797863992444,0.3448764865912773,-0.029846618493162735,-0.21066766288329347,0.37630107157629306,0.4168627085439899
1774368231.642593,base,642349300,1774368231,-0.07931944053423894,0.9348123442506576,0.34488757056638286,-0.029780380433157443,-0.21068129229849028,0.3763079095478441,0.41668329234363066
1774368231.643446,base,643299640,1774368231,-0.0790553925034791,0.9348342600720716,0.3448964274971136,-0.029691840821201937,-0.21069989680372295,0.3763216049956183,0.4164409168826276
1774368231.6445987,base,644352815,1774368231,-0.07882917523061178,0.9348527174699421,0.3449047729117151,-0.029615121040512348,-0.21071479682321875,0.376331712046945,0.41623443339177796
1774368231.6454008,base,645260476,1774368231,-0.07859287513067345,0.9348718081961601,0.34491365974091254,-0.029536918303478474,-0.21073294598779124,0.37634161453422355,0.4160183202685954
1774368231.646597,base,646362292,1774368231,-0.07851293861336794,0.9348783928979132,0.344916294862161,-0.029510311781942206,-0.2107383025019383,0.37634530308290837,0.4159451429995492
1774368231.6474586,base,647333365,1774368231,-0.07831418482459612,0.9348939938979853,0.34492485339408985,-0.029444084971323097,-0.21075122571873597,0.37635203665713707,0.41576164647472247
1774368231.6485407,base,648372900,1774368231,-0.0780521769995515,0.9349144855071455,0.3449363456052611,-0.0293543852776395,-0.21076921301690948,0.37636287490832915,0.4155211241327333
1774368231.6495678,base,649327984,1774368231,-0.0778293053037961,0.9349332264939324,0.34494221761615523,-0.02928015948765893,-0.2107832104621265,0.3763749877358808,0.41531725843212236
1774368231.6506355,base,650376080,1774368231,-0.07758716251074804,0.9349509254524885,0.34495571436749395,-0.02919853308435128,-0.21080351170516842,0.37638196660427015,0.4150947284952723
1774368231.6514778,base,651310345,1774368231,-0.07750660072923272,0.9349572353530528,0.34495902421762104,-0.029171330363944484,-0.2108092132008265,0.37638525640646237,0.4150207999340212
1774368231.6526284,base,652369367,1774368231,-0.07730591919159525,0.9349724775020417,0.3449684851428865,-0.0291033577076376,-0.2108206165965524,0.37639130158625517,0.41483507434636696
1774368231.6535447,base,653312089,1774368231,-0.07704411265888451,0.9349941582137408,0.34497586821450166,-0.029013430690530542,-0.21083997481125658,0.37640729217355356,0.41459593708813214
1774368231.6546931,base,654443333,1774368231,-0.07681222304917452,0.9350111181662072,0.3449882720900074,-0.028934122004544035,-0.2108556326623541,0.3764150192319376,0.4143831932902868
1774368231.6555614,base,655331334,1774368231,-0.07657221238865111,0.9350301643100399,0.344996709558284,-0.028854090077562053,-0.2108723003552746,0.37642594296774373,0.414162878600767
1774368231.6566925,base,656433923,1774368231,-0.0764911021273285,0.9350365603937769,0.3449996503009692,-0.028826781203078307,-0.21087747338317991,0.37642940430069666,0.4140884788858333
1774368231.6574316,base,657276157,1774368231,-0.07628705437881211,0.9350525356103458,0.3450072679265178,-0.028758060796009715,-0.21088988151129093,0.3764357549719693,0.4139011191448319
1774368231.6586673,base,658419099,1774368231,-0.07601328364386066,0.9350747300962693,0.34501515779451974,-0.028666543863706987,-0.2109093372088641,0.3764483903901156,0.41365074516213063
1774368231.6595235,base,659331931,1774368231,-0.07578769606478272,0.9350906102573674,0.3450281990251104,-0.028588767220452598,-0.21092732719534796,0.37645815350393513,0.41344334497557056
1774368231.660506,base,660314518,1774368231,-0.0755414438511634,0.9351086741746703,0.34504012195368905,-0.0285056483237143,-0.21094583183329718,0.37646611106138106,0.41321794461965344
1774368231.6614468,base,661240375,1774368231,-0.0754600433977396,0.9351148419497124,0.3450434551573311,-0.02847855805455139,-0.21095159207902922,0.37646915667261344,0.4131433519757642
1774368231.6626642,base,662428083,1774368231,-0.07525502343485417,0.9351304153244919,0.34505177485003447,-0.02840880947353988,-0.21096413468197625,0.37647729539858094,0.4129547727132814
1774368231.6635077,base,663334948,1774368231,-0.07497964260702775,0.9351517093708362,0.345061807763573,-0.028313997920821215,-0.21098557470206056,0.37649163777672695,0.4127029918945159
1774368231.6645985,base,664425597,1774368231,-0.07474442371361484,0.935169053885607,0.34507233832789996,-0.02823460818452456,-0.21100041307702902,0.3764995488691327,0.41248670484316224
1774368231.6655362,base,665332559,1774368231,-0.07449407539549471,0.9351890327229582,0.345079185871465,-0.0281506888717662,-0.2110149850411907,0.37650900450727937,0.41225611037401083
1774368231.6665354,base,666385142,1774368231,-0.07441116258173625,0.9351954139356923,0.3450820701330903,-0.02812261562416552,-0.21102024261164687,0.3765123426748627,0.41217967759973867
1774368231.6674066,base,667318462,1774368231,-0.07420570783146416,0.9352103925773977,0.34509149634647035,-0.028051625439808204,-0.21103468422178873,0.3765196135408464,0.4119919648893764
1774368231.6684842,base,668398598,1774368231,-0.0739313096339059,0.9352294483158977,0.345106466137457,-0.02795652855189992,-0.21105566716385854,0.37653154095266994,0.4117401676619738
1774368231.669358,base,669296871,1774368231,-0.07369738972398897,0.9352478996213496,0.345112854896393,-0.02787791934463046,-0.2110700099458543,0.3765422839573425,0.4115268424520516
1774368231.6704087,base,670353254,1774368231,-0.07344834749961142,0.935265986622918,0.3451237815685381,-0.027792983137260974,-0.21108931022800898,0.3765514210533262,0.41129812406027483
1774368231.671372,base,671313217,1774368231,-0.07336521534023452,0.9352723833222478,0.3451263743761146,-0.02776508387888286,-0.21109476656618872,0.37655486742585365,0.41122200332895326
1774368231.6724682,base,672385244,1774368231,-0.07315404147417492,0.9352880855550842,0.3451343144662863,-0.02769455203802402,-0.21110573967446655,0.37656102810840797,0.4110279978153982
1774368231.6733215,base,673267633,1774368231,-0.07287744376376978,0.9353089244120701,0.34514406211679893,-0.02759837841450874,-0.21112614994292417,0.3765753737695263,0.41077418999554544
1774368231.674471,base,674356358,1774368231,-0.07264130853122748,0.9353249173244977,0.3451568767156438,-0.027518535257064086,-0.2111440571627087,0.3765819969141106,0.4105579401856614
1774368231.6753712,base,675308087,1774368231,-0.07238806106210702,0.9353444666987402,0.3451641175573469,-0.027430442624498154,-0.2111588130238213,0.3765925075147643,0.410325626277973
1774368231.6764839,base,676389315,1774368231,-0.07230308110471578,0.9353507336002777,0.34516726352244986,-0.02740127385015092,-0.21116381080797525,0.3765960855997403,0.41024765232454863
1774368231.6773942,base,677340262,1774368231,-0.07209673412072173,0.9353650576393581,0.3451770128628156,-0.027333123999098364,-0.2111798273194241,0.3766022925597501,0.4100588933809999
1774368231.6784785,base,678379727,1774368231,-0.07181742901656266,0.9353844454207104,0.345190337026743,-0.02723650817936231,-0.2112001180587475,0.37661346362109616,0.40980200431700364
1774368231.6793168,base,679260277,1774368231,-0.07158274204543721,0.9354008088817517,0.34520110232614115,-0.027155786444843105,-0.21121613471948103,0.3766232730968466,0.4095874986454911
1774368231.680452,base,680345411,1774368231,-0.07132798551806496,0.9354191542360132,0.3452109088765601,-0.027069406401616192,-0.21123366719955325,0.3766320980326048,0.4093549134511034
1774368231.6814137,base,681346092,1774368231,-0.07124348542772721,0.9354250739665062,0.3452145776592733,-0.027040564905250395,-0.2112395330425402,0.3766351122089775,0.4092774709489654
1774368231.6824112,base,682308321,1774368231,-0.07103160885951551,0.9354403208697945,0.34522239419232503,-0.026970635549867724,-0.21125151351589797,0.37664199090391604,0.40908304667805095
1774368231.6833704,base,683308428,1774368231,-0.07075159204744076,0.9354618100673652,0.3452291519950252,-0.02687464866816152,-0.21127141015363715,0.37665633629036344,0.40882680972493834
1774368231.6844342,base,684314214,1774368231,-0.07051324147531776,0.9354762600231583,0.3452452098467243,-0.02679169251128298,-0.2112903504602736,0.3766647188893617,0.40860857628304154
1774368231.6852896,base,685232905,1774368231,-0.07025116872528235,0.9354949833825489,0.3452548414111565,-0.02670213176833847,-0.21130746631942687,0.37667583001066457,0.408368046564331
1774368231.6864412,base,686314565,1774368231,-0.07016299461255501,0.9355011660784366,0.3452583505644988,-0.02667196690095585,-0.21131331397464037,0.3766792295566878,0.4082872676303741
1774368231.6873882,base,687326678,1774368231,-0.06995713795103671,0.935515903355624,0.3452656101672683,-0.026601726527323538,-0.21132685275255395,0.3766867269414469,0.40809866133777445
1774368231.6885157,base,688411499,1774368231,-0.06967745731418354,0.9355348762155893,0.3452780670694129,-0.026506673260185694,-0.21134858310989815,0.3766978270933155,0.407842714238194
1774368231.689294,base,689238671,1774368231,-0.0694332025967379,0.9355531088957971,0.3452841191874232,-0.0264251366985013,-0.21136309671351178,0.37670897223804806,0.4076196954185546
1774368231.6903644,base,690309475,1774368231,-0.06916828588018649,0.9355705422327651,0.3452971566991427,-0.026332153542282244,-0.21138306833134543,0.37671711329814944,0.4073769410974454
1774368231.6913848,base,691333659,1774368231,-0.0690791382349273,0.9355766996233611,0.34530067557126765,-0.026301240134355537,-0.2113888783463932,0.3767204679902549,0.40729521794074874
1774368231.6925166,base,692399637,1774368231,-0.06886689851464366,0.9355909553394313,0.34530974597833414,-0.026231544148266644,-0.2114020734533051,0.37672769203388257,0.4071003379688297
1774368231.693399,base,693324361,1774368231,-0.06859208990127218,0.9356108618811723,0.34531774596787984,-0.02613607951871424,-0.21142215551682986,0.3767419578945463,0.4068497707759604
1774368231.6944416,base,694351424,1774368231,-0.0683508745432951,0.9356280748829986,0.34532510498289115,-0.026054468109251543,-0.21143631706131846,0.3767534087710599,0.4066289382137839
1774368231.6953676,base,695303249,1774368231,-0.06808411935025595,0.9356438331293245,0.34534206706092374,-0.025962028762274734,-0.21145771605312033,0.3767615880403056,0.40638428338490956
1774368231.6964211,base,696325952,1774368231,-0.06799571986151995,0.935649705712311,0.34534588777968267,-0.02593121814805977,-0.21146378541856425,0.3767652029130984,0.40630331846779666
1774368231.6973712,base,697301459,1774368231,-0.06778814358326087,0.9356657686552714,0.3453484439233921,-0.025860959687666777,-0.21147505986780812,0.37677491837760085,0.40611382547160924
1774368231.6983883,base,698284142,1774368231,-0.06751270008687293,0.935685947496082,0.34535483616653134,-0.025765871258845597,-0.21149012873449424,0.37679128034767967,0.4058620466944435
1774368231.6993766,base,699313939,1774368231,-0.06727541936305677,0.9357014617438356,0.3453651375308867,-0.025684902535261348,-0.21150809001716028,0.3768017188308434,0.40564514612391295
1774368231.7004547,base,700340158,1774368231,-0.06702116066271109,0.9357196402529702,0.34537187710043094,-0.02559658915559077,-0.21152511301229288,0.37681683912048547,0.4054124998436878
1774368231.7013671,base,701292750,1774368231,-0.06693532063405691,0.935725515016772,0.34537479530170434,-0.025567052401844165,-0.21153095380863418,0.3768209574954714,0.40533397874492566
1774368231.7024674,base,702370293,1774368231,-0.06672896607234564,0.9357403466846568,0.34537974938018,-0.025496615294547668,-0.211542842664265,0.3768292476797042,0.4051456408761269
1774368231.7033436,base,703284678,1774368231,-0.0664558529121191,0.9357595609354578,0.34538737827316285,-0.02540123345810491,-0.2115608070203346,0.3768434706147457,0.40489515168031387
1774368231.7044444,base,704348508,1774368231,-0.06621628507989884,0.9357756358315164,0.3453959596605989,-0.025317859792500685,-0.21157591996602068,0.3768545429104687,0.4046773040917183
1774368231.7053983,base,705329192,1774368231,-0.06595833156313977,0.9357927480608605,0.34540559482048155,-0.02522709338823801,-0.211592478029404,0.3768668942043421,0.4044409597410854
1774368231.7065077,base,706394948,1774368231,-0.06587476055925273,0.9357984229680657,0.3454083029893556,-0.025197851451185055,-0.21159802281836557,0.37687118347911774,0.404364565409393
1774368231.707396,base,707333629,1774368231,-0.06567031448888762,0.9358121266767108,0.34541513899320325,-0.025128770643395085,-0.21161027476643363,0.37688059373074984,0.40417864199712655
1774368231.708498,base,708396485,1774368231,-0.06539563641252077,0.9358320397370928,0.3454202729302903,-0.025032762302178876,-0.21162954539647935,0.37689936313191,0.40392903717204803
1774368231.7094183,base,709357101,1774368231,-0.06516465489893682,0.935848567747048,0.3454248775313948,-0.024953556462398135,-0.211642129171458,0.37691032712077854,0.4037193556948703
1774368231.7105181,base,710408429,1774368231,-0.0649135500910321,0.9358665612696694,0.345429750838564,-0.0248655936480718,-0.2116564438663402,0.376926494363443,0.4034884868987896
1774368231.7113984,base,711330208,1774368231,-0.06483201307363494,0.9358720170735046,0.3454323595969418,-0.024836720453372436,-0.21166201693241476,0.3769313228237842,0.40341339645577334
1774368231.712496,base,712393832,1774368231,-0.06462989680944102,0.9358853794946947,0.3454391587445899,-0.02476530824161621,-0.21167577012931815,0.3769410087228611,0.4032291759651541
1774368231.7133045,base,713244150,1774368231,-0.06435834876414571,0.9359043990723536,0.3454450760032246,-0.024670999300713804,-0.2116935138806034,0.37695962527346105,0.40298280500223504
1774368231.7144728,base,714365461,1774368231,-0.06413118164827622,0.9359202958463518,0.34544983483607733,-0.024592742323698707,-0.2117085882834468,0.3769726537001397,0.40277518973813947
1774368231.7153926,base,715305694,1774368231,-0.0638787485204894,0.9359365422971809,0.3454588952627898,-0.024503998940299008,-0.21172593720512156,0.3769862949194775,0.40254447625430123
1774368231.7164412,base,716317348,1774368231,-0.06379481430407018,0.9359419671287337,0.34546181157070166,-0.02447432494257327,-0.2117317830257825,0.37699090708308985,0.40246785058512285
1774368231.7173486,base,717287095,1774368231,-0.06359221470098286,0.9359564339985981,0.3454649600730499,-0.02440379576578049,-0.2117424540850978,0.37700312748709486,0.4022828453654306
1774368231.718459,base,718351314,1774368231,-0.06332040911627602,0.9359748327347956,0.34547174166604516,-0.02430872243965171,-0.21176163668297174,0.37702242763226923,0.40203536283021724
1774368231.7194595,base,719385203,1774368231,-0.0630875918186414,0.9359911991857573,0.3454757123421747,-0.02422731902211267,-0.2117763675667834,0.37703499494092124,0.40182445007254536
1774368231.7205384,base,720448869,1774368231,-0.06283899819610604,0.9360069125856418,0.34548456446417763,-0.024139917452258193,-0.2117966333372545,0.3770521770034587,0.4015966823575245
1774368231.7215738,base,721433551,1774368231,-0.06275301373354605,0.9360126557690251,0.3454867092447141,-0.024110189605895248,-0.2118026754039569,0.37705742362265715,0.40151811674467436
1774368231.7223704,base,722298631,1774368231,-0.06254661370530254,0.9360267143463014,0.3454911202244577,-0.024037408140575083,-0.21181578619263067,0.37707068740124267,0.40133001875057683
1774368231.7235415,base,723409386,1774368231,-0.06227587166037211,0.936043259898398,0.34550189982654145,-0.02394094033181076,-0.21183635822666902,0.3770904268410551,0.4010831724550094
1774368231.7246153,base,724491164,1774368231,-0.06204013031352674,0.9360590605468535,0.3455072771315263,-0.023857469437918978,-0.21185419404508443,0.37710485840081764,0.4008677493497503
1774368231.725401,base,725335099,1774368231,-0.06178695075229794,0.9360754527826289,0.34551433421756045,-0.02376897693896932,-0.21187203019805256,0.3771207071078684,0.4006364563908387
1774368231.7264078,base,726335730,1774368231,-0.06170291305231409,0.9360808857927835,0.3455166684905904,-0.023739367502526754,-0.21187793152536352,0.3771260414251025,0.4005598287188457
1774368231.727387,base,727305406,1774368231,-0.06148989647988673,0.9360946389833282,0.34552249712642435,-0.02366481517116564,-0.21189132831925886,0.3771383994452528,0.40036685031973457
1774368231.728478,base,728394126,1774368231,-0.06121153479718492,0.9361129862483106,0.3455290039428166,-0.02356549212998106,-0.21191160860855698,0.3771595103523865,0.400113227649801
1774368231.7294955,base,729412515,1774368231,-0.06097506132167115,0.9361289767088243,0.3455330704241319,-0.023483570984409778,-0.21192826885733357,0.37717396016461724,0.3998977942077572
1774368231.7303867,base,730309877,1774368231,-0.06072258418203696,0.9361444295514461,0.3455418559006646,-0.023392319482631607,-0.21194776275429675,0.3771922681426738,0.3996680826874701
1774368231.7314942,base,731409153,1774368231,-0.06063867381761026,0.9361497425792,0.3455442112508404,-0.023362550750581808,-0.2119538753123707,0.37719808440520636,0.399591677021009
1774368231.7325392,base,732428804,1774368231,-0.060428541126865,0.9361625129613993,0.34555121975017394,-0.02329152790702613,-0.21196986420212957,0.3772100063523171,0.39940093102908236
1774368231.7334611,base,733387326,1774368231,-0.06014860241278682,0.9361794608455203,0.3455609726766634,-0.023190016850745263,-0.21199145092693494,0.3772303759080648,0.39914557806356527
1774368231.7350557,base,734391100,1774368231,-0.059912463120535796,0.9361937433158957,0.3455689297074805,-0.023105985368029575,-0.2120097413427567,0.37724521921008025,0.3989306799645215
1774368231.7354014,base,735326245,1774368231,-0.059658464306116446,0.9362110912647268,0.3455719918724425,-0.02301431430344582,-0.2120263394790715,0.3772646807298728,0.39869895608614137
1774368231.7365098,base,736374376,1774368231,-0.05957475380246002,0.9362166168161941,0.34557344952988345,-0.02298447490444564,-0.2120323414904757,0.37727087207181925,0.3986227582423751
1774368231.737394,base,737316297,1774368231,-0.05936757049593649,0.936229071193743,0.3455801440497288,-0.022912482704412648,-0.2120482627850232,0.3772850841147775,0.3984347027680781
1774368231.738455,base,738320087,1774368231,-0.05908739335919488,0.9362452436695463,0.34559103513986544,-0.022811402480425794,-0.21207176931712216,0.3773036973154053,0.39817782506601446
1774368231.739355,base,739286415,1774368231,-0.05884761402113967,0.9362602738312086,0.3455968246907508,-0.02272647648008361,-0.21208908025025092,0.37731918156470445,0.3979601880669007
1774368231.7403946,base,740326845,1774368231,-0.05859307244459552,0.936274840648126,0.3456066381890924,-0.0226346254765238,-0.21211146243732854,0.37733728083464524,0.3977294212592013
1774368231.741319,base,741261575,1774368231,-0.05850841626951655,0.9362798861454515,0.34560929615531255,-0.02260430127481944,-0.21211797049764194,0.37734320811590855,0.39765242667597145
1774368231.742389,base,742319829,1774368231,-0.058302946476045794,0.9362927949730704,0.34561386624952367,-0.022530511973407608,-0.21213138480252106,0.37735878410386525,0.3974647023566574
1774368231.7434802,base,743371998,1774368231,-0.05802363541244354,0.9363092309939063,0.34562285511534774,-0.0224304193237419,-0.21215324017573048,0.3773804873471411,0.39720903782390243
1774368231.7444413,base,744352655,1774368231,-0.05778275770720927,0.9363243128765993,0.3456279395654421,-0.02234415851315651,-0.21216966492094322,0.37739619308387345,0.396992244778651
1774368231.7453651,base,745272815,1774368231,-0.057530905557863936,0.9363387195364076,0.3456366811901783,-0.02225492795881135,-0.21219130731210373,0.3774133064875037,0.39676276990761816
1774368231.746367,base,746289990,1774368231,-0.05744673978663559,0.9363437153727178,0.34563908397446175,-0.022224814941780514,-0.21219780388757228,0.3774194300868228,0.39668601365711864
1774368231.747432,base,747355651,1774368231,-0.05723868888341861,0.936353777962857,0.345651297300329,-0.02214758822516179,-0.21221794141235226,0.37743343141922225,0.39649609889882764
1774368231.7484272,base,748297497,1774368231,-0.05695564808025661,0.9363712217038703,0.34565729301072295,-0.022045977071988073,-0.21223876905608052,0.37745579401245016,0.3962384106853385
1774368231.7493975,base,749328956,1774368231,-0.05671698213527368,0.936386158066665,0.34566151796537165,-0.021960462574654328,-0.21225741019592845,0.37747415331134276,0.396021681542358
1774368231.7504637,base,750359588,1774368231,-0.05645817109617259,0.9363999809830712,0.34567231484581856,-0.021867813802764677,-0.21227860295634565,0.3774901109482681,0.39578717378230244
1774368231.7513232,base,751244534,1774368231,-0.05636988523058743,0.9364050002240755,0.34567512342420254,-0.021836223118983263,-0.2122848497840579,0.3774961633541143,0.39570716095427266
1774368231.7523577,base,752305130,1774368231,-0.05616311357781997,0.9364180640385025,0.3456781091372514,-0.021761408017921147,-0.212299382814946,0.37751403748296014,0.39551727814318666
1774368231.753332,base,753273828,1774368231,-0.055881200168441246,0.9364331496819308,0.3456893901609771,-0.021658558923552697,-0.2123226281676539,0.37753503004760425,0.39526030596523365
1774368231.7544334,base,754380097,1774368231,-0.055644100651675354,0.9364475091482455,0.3456940261634411,-0.02157398775430516,-0.2123412915484014,0.37755299093956435,0.39504388423802383
1774368231.7554076,base,755341903,1774368231,-0.055385839809499605,0.9364613993882712,0.3457037633706454,-0.021479390022300406,-0.21236357335226153,0.3775719178308288,0.3948090408497479
1774368231.7564678,base,756396796,1774368231,-0.05529826013329326,0.9364666944972896,0.34570539098479847,-0.02144796418307321,-0.21237007242537867,0.37757849597504206,0.3947293659884849
1774368231.7573838,base,757328174,1774368231,-0.055090231409884144,0.9364772536359058,0.3457146410189339,-0.02137303934648534,-0.2123880741017544,0.37759215166128984,0.39454098831999906
1774368231.7584207,base,758297630,1774368231,-0.054808669440439245,0.936492657369642,0.34572395495903996,-0.021271093399133353,-0.21241196851750832,0.3776148671163033,0.3942843594572434
1774368231.7594454,base,759309890,1774368231,-0.05457257701881143,0.9365066388434368,0.3457287100363469,-0.02118509608895772,-0.21243072668266594,0.37763392487386477,0.3940696655261251
1774368231.7605286,base,760391866,1774368231,-0.05432555714825835,0.9365212234870027,0.3457335561824046,-0.021095969482510846,-0.21245086118218698,0.37765528546014326,0.3938452770607981
1774368231.7614574,base,761330768,1774368231,-0.05424149829703598,0.9365260190278972,0.34573562311646583,-0.021065480163536238,-0.2124574717501364,0.3776622105240247,0.3937688358935872
1774368231.762509,base,762361791,1774368231,-0.054034124600300576,0.9365367796020627,0.34574355343439805,-0.020989737726617434,-0.21247426875810485,0.37767602723266525,0.39358049981468224
1774368231.7634606,base,763331479,1774368231,-0.05376017596649297,0.9365504974552996,0.34575512102131095,-0.020890320337923946,-0.21249915616872692,0.37770043918421387,0.3933313195832283
1774368231.7645357,base,764398070,1774368231,-0.05352444737845703,0.9365645198312235,0.3457588593445353,-0.020804925159837277,-0.21251706671650064,0.37771907700661816,0.39311725355958416
1774368231.7654567,base,765327683,1774368231,-0.05327316119011921,0.9365785490722722,0.3457651211385434,-0.02071407054486118,-0.21253715009637247,0.37773882999812164,0.3928888225175233
1774368231.7664685,base,766394957,1774368231,-0.05319032475390688,0.9365831369113968,0.3457672506936826,-0.02068393950662652,-0.2125440244006594,0.3777458539525479,0.3928135640332047
1774368231.76734,base,767271777,1774368231,-0.05299042447275393,0.9365931843419704,0.3457750556818331,-0.020611473178563336,-0.21256079253500942,0.3777613013931804,0.39263099033471677
1774368231.7684212,base,768337528,1774368231,-0.05272050526381715,0.9366075748120933,0.3457832842211797,-0.020511447597660878,-0.21258380003776975,0.377785892412505,0.3923851159533764
1774368231.7694247,base,769358161,1774368231,-0.05248698144420824,0.9366217366759217,0.34578543459695993,-0.020427246159164778,-0.21260289741528404,0.3778077981831925,0.392173311857046
1774368231.7704656,base,770395421,1774368231,-0.052241538587741825,0.9366351516885819,0.3457915082999201,-0.0203383149488569,-0.21262376319154577,0.37782809704850895,0.39195069569754293
1774368231.7713945,base,771332332,1774368231,-0.052159615135126625,0.9366396699088398,0.3457933895766809,-0.02030849642599658,-0.21263017922390035,0.3778350007687952,0.39187623666515903
1774368231.7724686,base,772399840,1774368231,-0.051966550578948764,0.9366499981395372,0.34579869717914363,-0.02023659149504926,-0.21264705278722382,0.37785206384709996,0.3917009785392804
1774368231.7733824,base,773327448,1774368231,-0.05169459926093041,0.9366638149980016,0.34580777781788247,-0.020138194588876255,-0.21266889976037032,0.37787535598410954,0.39145225901423786
1774368231.7744477,base,774389361,1774368231,-0.05147005122165716,0.9366766127406827,0.3458114820726733,-0.020054322192039818,-0.2126874205436308,0.3778981175253055,0.3912490371532003
1774368231.7753656,base,775308713,1774368231,-0.051228462763981915,0.9366897530282663,0.3458168308481757,-0.019966739263310034,-0.21270827611130444,0.3779203857825487,0.3910289895820807
1774368231.7764156,base,776365717,1774368231,-0.0511480456554913,0.9366940007125232,0.34581893366881844,-0.019937190648452903,-0.21271520337037952,0.37792778874560906,0.3909556763027337
1774368231.7774196,base,777358460,1774368231,-0.05095049161950271,0.9367046484840624,0.3458233789806067,-0.019865534538888237,-0.21272968489145305,0.3779445506275588,0.39077660457775065
1774368231.7784643,base,778395442,1774368231,-0.05068458427482076,0.9367193066526561,0.3458283599095518,-0.019767623613507153,-0.2127501352232689,0.377971403195958,0.3905335347775015
1774368231.7793918,base,779332990,1774368231,-0.05045752938398491,0.9367319644501542,0.34583195926458865,-0.019685539287390443,-0.21277129733995462,0.3779911528636898,0.3903279610170996
1774368231.780467,base,780389269,1774368231,-0.0502083834232091,0.9367440583748785,0.34584062809472715,-0.019594573035281667,-0.21279144329963529,0.3780135635450096,0.39010239666731683
1774368231.781406,base,781350727,1774368231,-0.050124480316080675,0.9367480092413841,0.3458438558970459,-0.019563511791336547,-0.21279842391775008,0.37802092809708066,0.3900264485390595
1774368231.7824643,base,782398949,1774368231,-0.04992872671274045,0.9367600056374671,0.34584372347802034,-0.019491870556612046,-0.21281348129062774,0.3780407736389152,0.3898486521075689
1774368231.7833889,base,783330818,1774368231,-0.049660843992892285,0.9367749314126043,0.3458474321802144,-0.019392836439677912,-0.21283318262657755,0.3780674732021668,0.3896044662172397
1774368231.7844663,base,784398856,1774368231,-0.04943536802003077,0.9367857664742996,0.3458550103213789,-0.01931020340343459,-0.21285373612208963,0.37808666877429475,0.3893985934114612
1774368231.7853556,base,785293100,1774368231,-0.049182338347811064,0.9367992737749582,0.34585966012292946,-0.01921753753746982,-0.21287367945452956,0.3781088672804149,0.38916966563993705
1774368231.7863955,base,786337335,1774368231,-0.04909810354727701,0.9368036424725585,0.34586150420813044,-0.019186755460393796,-0.21288033911188162,0.37811626672359067,0.3890933790137203
1774368231.7873383,base,787282637,1774368231,-0.04890061995015093,0.9368140300279071,0.34586537172205606,-0.019114056474921055,-0.21289678209465257,0.37813513385786607,0.38891277695068294
1774368231.7884693,base,788398166,1774368231,-0.04862328983648907,0.9368279492749089,0.3458723533887869,-0.019012740574350016,-0.2129185726246739,0.37816183139952714,0.3886595701408261
1774368231.789391,base,789331863,1774368231,-0.04839613670337914,0.9368391191842219,0.3458785997870389,-0.018928098892289937,-0.21293877616610282,0.3781816432572351,0.38845267276347717
1774368231.7904568,base,790388883,1774368231,-0.04814327679667941,0.9368525466124001,0.3458825642262306,-0.018835672789321054,-0.21295816175980542,0.37820506394895725,0.38822323993896457
1774368231.7913852,base,791329324,1774368231,-0.04805974401330141,0.9368567041139596,0.34588459666560495,-0.018804859786139303,-0.2129649406177912,0.37821240207683504,0.38814729619071486
1774368231.792473,base,792403583,1774368231,-0.04785854779728626,0.9368678079132924,0.34588650373748114,-0.018729560345576213,-0.2129800917285631,0.3782319960103701,0.3879643300209842
1774368231.793296,base,793240382,1774368231,-0.04757825431925365,0.9368820889795998,0.3458919490917044,-0.01862848943675626,-0.21299976836742185,0.3782555978881568,0.38770964009089876
1774368231.794435,base,794364828,1774368231,-0.04735176471580492,0.9368937887338562,0.34589582036298666,-0.01854509276428662,-0.21301917692351385,0.3782750697050441,0.3875035829383312
1774368231.7953649,base,795295260,1774368231,-0.047094223117565226,0.9369069969433275,0.3459001944889229,-0.01845179341186291,-0.21303781958537457,0.3782972680260342,0.3872709529708153
1774368231.7964382,base,796298076,1774368231,-0.0470100807159633,0.9369111379410857,0.3459020758096867,-0.01842079975375893,-0.21304445258153745,0.378304501178516,0.3871948266537054
1774368231.797404,base,797314330,1774368231,-0.04681218276830295,0.9369210948898359,0.34590589669261396,-0.018346447290329117,-0.2130591789169832,0.37832379101041397,0.38701322498677937
1774368231.7984183,base,798348910,1774368231,-0.0465309161503226,0.9369347592547562,0.3459123234834326,-0.018242675372234486,-0.21308041809095593,0.37834644002369633,0.38675667526765545
1774368231.7994232,base,799295911,1774368231,-0.04629861717345478,0.9369470924202324,0.3459145509401662,-0.018157849568751525,-0.2130969264080983,0.3783667381441336,0.3865456669975382
1774368231.8004718,base,800342938,1774368231,-0.04604708064804025,0.9369576195161304,0.34592450156141513,-0.01806446273614383,-0.21311909434733342,0.37838919457677006,0.386317348854479
1774368231.8014116,base,801283772,1774368231,-0.045963822690540904,0.9369616913284083,0.34592614347216394,-0.018033836229621382,-0.21312550948774858,0.3783964782805406,0.38624164942874123
1774368231.8024318,base,802374049,1774368231,-0.045761228967656734,0.9369729315036093,0.34592644095511443,-0.017959203797218617,-0.21313889080796952,0.37841414524250977,0.386056186390795
1774368231.8034527,base,803331672,1774368231,-0.04547933307853356,0.9369863633105177,0.34593258839803376,-0.01785579785668697,-0.2131610859076668,0.37843647818334963,0.3858002432723094
1774368231.8044074,base,804342139,1774368231,-0.04525092475693352,0.9369964979198655,0.3459394483855644,-0.017771177373517584,-0.21318031498961654,0.37845687938647465,0.3855921055754554
1774368231.8054419,base,805321667,1774368231,-0.0449954089194793,0.9370089945734883,0.34594371893629244,-0.017677686304404992,-0.21319684219357965,0.37847786270939066,0.38536065700840105
1774368231.8065317,base,806391662,1774368231,-0.044910960411760785,0.937013143264487,0.34594503320827236,-0.01764678392870935,-0.21320272099316004,0.37848505831343604,0.3852841319061703
1774368231.8074083,base,807264349,1774368231,-0.044700351298653775,0.9370229288730806,0.34594972439543376,-0.01756979085288996,-0.21321999624603077,0.3785002526272173,0.3850926424797513
1774368231.808484,base,808368858,1774368231,-0.04441986142339562,0.9370362860924479,0.3459548671048704,-0.01746723743612002,-0.21324090716388416,0.37852321361345426,0.3848376210834406
1774368231.8094268,base,809308531,1774368231,-0.044181937331688986,0.9370464034396784,0.3459623397136694,-0.017379692581453204,-0.21325972170858537,0.37854260256813993,0.3846215129008266
1774368231.8105085,base,810364704,1774368231,-0.04392877800863271,0.9370587369053873,0.34596584078971787,-0.017286499316288836,-0.21327705741305186,0.37856492045009943,0.384391237049157
1774368231.8114555,base,811334232,1774368231,-0.04384293186279957,0.9370628572541903,0.34596714780173227,-0.017254898499307985,-0.21328318965820248,0.378572307261501,0.3843131567393737
1774368231.8124835,base,812348428,1774368231,-0.043631492688102236,0.9370721923197936,0.3459724600293422,-0.01717719790970599,-0.21329814336713174,0.37858771742898434,0.38412198678222437
1774368231.8133664,base,813306451,1774368231,-0.04335025830852263,0.937084433032627,0.34597980536638606,-0.017073217363520885,-0.21332215603500773,0.3786094546209016,0.38386488867954605
1774368231.8144584,base,814318874,1774368231,-0.043114351173377155,0.9370951689469911,0.3459844987826981,-0.016985984257442494,-0.21333858925553525,0.37862949866771217,0.38365021026772284
1774368231.815396,base,815275323,1774368231,-0.04286148004461673,0.9371065211512297,0.3459896880312019,-0.016893706529246103,-0.21335781933195266,0.3786511751321003,0.38342006102435566
1774368231.8164012,base,816345479,1774368231,-0.042775362561245665,0.9371105038119515,0.3459911026836943,-0.0168620540500158,-0.2133638913235721,0.3786582543752467,0.3833416801499687
1774368231.8174098,base,817318450,1774368231,-0.04256923484254326,0.9371189913157366,0.34599726747768494,-0.016785328661429677,-0.21338026902691723,0.3786746219763047,0.3831529361499134
1774368231.8183565,base,818300499,1774368231,-0.042289461613099245,0.9371313407634306,0.3460031229537736,-0.016682041291304104,-0.21340186077085405,0.3786968321113167,0.3828971340041625
1774368231.819449,base,819297993,1774368231,-0.04205303495507965,0.93714269895025,0.34600527685428595,-0.016596760054207998,-0.21341663320311288,0.37871570946616007,0.38268259942225674
1774368231.8204167,base,820322690,1774368231,-0.04180364920257949,0.9371536765946114,0.3460102025634709,-0.01650397165945294,-0.21343628165433573,0.3787352471584581,0.3824552121767891
1774368231.821416,base,821263292,1774368231,-0.04171860414595289,0.9371572232481786,0.3460123639124075,-0.016472431563807437,-0.21344251180444615,0.37874159487010783,0.382377729296088
1774368231.8225112,base,822319020,1774368231,-0.04152090575157924,0.9371647749814452,0.34601920188147917,-0.016398501420857598,-0.21346026220429548,0.3787593046705856,0.3821966443831014
1774368231.823444,base,823266576,1774368231,-0.04124594764227187,0.9371777622628265,0.34602171520667946,-0.016296819584194582,-0.21347938381172757,0.37878136363438797,0.38194578622656583
1774368231.8245008,base,824341444,1774368231,-0.041014407604073565,0.9371876329427481,0.34602652368630604,-0.016211228627903227,-0.2134962927187517,0.3787999298243736,0.38173504369284156
1774368231.8254485,base,825290284,1774368231,-0.040773530214567824,0.9371978862433323,0.34603136269293544,-0.016122570754746463,-0.21351287706500957,0.3788223552708103,0.38151493198040376
1774368231.8264909,base,826333391,1774368231,-0.04069127583129116,0.9372012488021572,0.346033345924208,-0.016092321877106772,-0.21351850365997138,0.37882879435509714,0.3814400496691596
1774368231.8273919,base,827298213,1774368231,-0.040487945795614655,0.9372086357868313,0.34604072014379034,-0.016016218473936937,-0.213535637425952,0.3788424513054987,0.3812541995618214
1774368231.8283544,base,828266047,1774368231,-0.04021562219656971,0.9372197126965244,0.34604710135333844,-0.015915951411688677,-0.21355560668499937,0.3788638700510913,0.38100662670527186
1774368231.8294203,base,829262663,1774368231,-0.03999328415733408,0.9372297293465367,0.34604946399480246,-0.01583477566112827,-0.21357319942703598,0.37888278998185637,0.38080295783717427
1774368231.8304765,base,830293815,1774368231,-0.039747820745908796,0.9372409574120827,0.3460514505562077,-0.0157445883775478,-0.2135899168387153,0.3789003109631888,0.3805793371558942
1774368231.8314745,base,831301148,1774368231,-0.03966712018970399,0.9372444896055282,0.34605249919990816,-0.01571477258588597,-0.21359518039074932,0.37890623766136416,0.38050605056826303
1774368231.8324168,base,832253273,1774368231,-0.03947112462194312,0.9372516625910251,0.34605880372588566,-0.01564147228514743,-0.2136101067965353,0.3789229977348323,0.3803263239419152
1774368231.8334148,base,833318648,1774368231,-0.039200488933478876,0.9372603226188303,0.3460706262923221,-0.015541265375199355,-0.2136326979775695,0.37894132904807615,0.38007920867690703
1774368231.834452,base,834362075,1774368231,-0.03897803962330111,0.9372711993051758,0.3460699538648919,-0.01545957347773722,-0.21364583500928858,0.3789600418515968,0.37987631915799136
1774368231.8355212,base,835343820,1774368231,-0.03874004773835208,0.9372789108482674,0.34607976097159565,-0.015370459529855426,-0.21366643594943432,0.37897692873903327,0.37965799304861025
1774368231.8364391,base,836362524,1774368231,-0.038660133074641445,0.9372820773183453,0.3460814317305981,-0.015340934122722952,-0.21367226314984925,0.3789829554627166,0.3795850912188605
1774368231.837422,base,837332740,1774368231,-0.038455462885316295,0.9372895333077838,0.3460873276118144,-0.015266623479527263,-0.2136855906156293,0.3789961395465474,0.3793997345680849
1774368231.838342,base,838264948,1774368231,-0.03818747929204646,0.9373016039565566,0.3460886291392159,-0.015168402233723273,-0.2137021545043452,0.37901871401190523,0.3791545933572078
1774368231.8394294,base,839331479,1774368231,-0.037956717390103575,0.9373106283178048,0.34609331260926346,-0.015082858303267718,-0.2137184274966165,0.37903496582456836,0.3789448443651289
1774368231.8404598,base,840369676,1774368231,-0.037715363128693606,0.9373206931457516,0.34609625895808044,-0.014994969825236291,-0.21373458975156706,0.3790526866959748,0.37872482525650614
1774368231.8414795,base,841326453,1774368231,-0.03763254358301545,0.937324073684097,0.3460974356814389,-0.01496454377701487,-0.21373986191206407,0.37905884430321296,0.3786493642213805
1774368231.8424613,base,842342556,1774368231,-0.03743168004950356,0.9373311114855412,0.3461033895220359,-0.014889611523124539,-0.213754927432373,0.3790728761599736,0.37846541441162473
1774368231.8434987,base,843283165,1774368231,-0.03715484376602228,0.9373409105833473,0.346111012112911,-0.01478858430276958,-0.21377402976071136,0.37909085497161304,0.3782143171564139
1774368231.844439,base,844342847,1774368231,-0.036924830990080384,0.9373509000313226,0.34611219381220576,-0.014703617287103529,-0.2137876720440577,0.3791084650906719,0.3780041166140928
1774368231.8454027,base,845308324,1774368231,-0.036668192468364086,0.9373602553590736,0.34611809444206654,-0.014610271526157282,-0.21380629789678304,0.3791243071644591,0.3777715172769449
1774368231.8464673,base,846360269,1774368231,-0.03658420185817813,0.9373634418023743,0.3461196507261277,-0.014579489978395798,-0.2138117558392152,0.3791300944059558,0.37769527735120617
1774368231.8473723,base,847289906,1774368231,-0.036382526829202094,0.9373705542350336,0.3461247478962332,-0.014505677798623485,-0.2138243941123117,0.3791442383678404,0.37751080933282066
1774368231.848446,base,848356791,1774368231,-0.03610651802730197,0.9373805204008115,0.3461308763294355,-0.014404713827944985,-0.21384215316669597,0.3791628683840367,0.37726068653933714
1774368231.8493571,base,849292246,1774368231,-0.03587148620183009,0.9373892444488141,0.34613525924791433,-0.014318630337163936,-0.21385863121629747,0.3791772568123724,0.3770461769220032
1774368231.850477,base,850389728,1774368231,-0.035618390910322095,0.9373994742972411,0.34613752364221023,-0.014225700090111378,-0.21387326848686106,0.3791963498962561,0.3768158651578084
1774368231.8513987,base,851332926,1774368231,-0.035535101181004676,0.9374025297063652,0.34613906742035083,-0.014195065675535495,-0.21387868608889052,0.3792021122190496,0.3767398778936303
1774368231.8524334,base,852333080,1774368231,-0.03533187427971605,0.9374090270930661,0.3461453186593485,-0.014120657014878283,-0.21389505123889907,0.37921293514787147,0.37655551612713145
1774368231.853326,base,853259319,1774368231,-0.035055985944132256,0.9374183675454135,0.3461521669121899,-0.014019963622357962,-0.2139117942195264,0.3792306058979594,0.3763046496296307
1774368231.8544946,base,854363683,1774368231,-0.0348210648790585,0.937427723815353,0.3461539978628242,-0.013934339835047535,-0.21392544267589278,0.37924607501554525,0.37609123574738673
1774368231.8553941,base,855305419,1774368231,-0.034564948618087225,0.9374364463060851,0.3461598426146921,-0.013839682981157134,-0.2139399435372825,0.37926128961557715,0.37585731593222743
1774368231.8564477,base,856354188,1774368231,-0.034481796575825174,0.9374393550454633,0.34616147646331297,-0.013809182799444425,-0.21394525504199638,0.37926673167325703,0.37578157862175143
1774368231.8573527,base,857263861,1774368231,-0.03427763273461819,0.9374454604714793,0.3461682302624983,-0.013733495274574296,-0.21396117878497425,0.37927914975112254,0.37559465777123996
1774368231.8583977,base,858289545,1774368231,-0.03399737830452029,0.9374557878443914,0.3461718759779915,-0.013632915585037965,-0.21397569768081498,0.37929651170899126,0.3753395428491716
1774368231.8593595,base,859278108,1774368231,-0.033759389267023966,0.9374639203891352,0.3461765718213272,-0.013545579610489255,-0.21399168818332945,0.379309721716923,0.3751233544577707
1774368231.860436,base,860326868,1774368231,-0.03350890612587484,0.9374722997984078,0.3461818563042929,-0.013452237235691784,-0.21400935845611707,0.37932879328882646,0.37489436362776013
1774368231.8613575,base,861278525,1774368231,-0.03342628382623516,0.9374750609352328,0.34618354851187655,-0.013421788769561795,-0.21401483853573985,0.379334383325706,0.3748187248213242
1774368231.862405,base,862308151,1774368231,-0.03322282753453044,0.9374822727339708,0.3461864689116727,-0.013347688287757559,-0.21402656630410577,0.3793474799185337,0.37463458082329265
1774368231.8634038,base,863331157,1774368231,-0.03294962563062573,0.937490263916987,0.34619481617159253,-0.013246753850547365,-0.21404303076091646,0.37936575203588424,0.37438496268340965
1774368231.8644335,base,864303429,1774368231,-0.03271564589689299,0.9375001171253976,0.34619354704911587,-0.01316225227560168,-0.21405550391222866,0.3793817369201095,0.3741721696419364
1774368231.8653176,base,865235982,1774368231,-0.032457892839387006,0.9375080097560099,0.34620006339235093,-0.013066481656682718,-0.21407310127686086,0.3793980223196621,0.37393711954985676
1774368231.866525,base,866404982,1774368231,-0.03237169076103224,0.9375108615231541,0.3462016042773572,-0.013034851712607518,-0.21407837139741542,0.3794034651054136,0.3738586315735243
1774368231.867463,base,867304385,1774368231,-0.03216814200341522,0.9375164432895449,0.3462082650597873,-0.012960185417720427,-0.21409137116148064,0.3794157429576483,0.3736736132992108
1774368231.868415,base,868322856,1774368231,-0.03189055725301173,0.9375269961871957,0.3462091432411929,-0.012858962419473496,-0.2141070859081713,0.37943486806997384,0.3734202157664606
1774368231.8693738,base,869285942,1774368231,-0.03165126915061899,0.9375354525142393,0.3462114362426468,-0.012771603457641653,-0.21412149972356775,0.3794495873547472,0.37320267935041684
1774368231.8704395,base,870352469,1774368231,-0.03139546506950265,0.9375433074234398,0.34621691846112745,-0.012677414952112722,-0.21413813749081406,0.3794656332269168,0.3729680928817763
1774368231.8713565,base,871291845,1774368231,-0.03130918064531461,0.9375459443641887,0.34621875250753326,-0.012645664304738968,-0.21414369610852838,0.3794709886321686,0.3728890561862604
1774368231.8724298,base,872350295,1774368231,-0.03110747938274118,0.9375527748806753,0.34622121443698317,-0.012569395919392337,-0.21415567956471598,0.3794856991147596,0.37270506035153617
1774368231.8733428,base,873280549,1774368231,-0.030826063419907068,0.9375614258026512,0.34622661565070334,-0.012468250719002053,-0.21417057618523727,0.37950335324740536,0.3724488261483222
1774368231.8744464,base,874369297,1774368231,-0.030596415524607005,0.9375696744860684,0.34622771789229073,-0.01238273815557594,-0.21418345557534024,0.37951847759691754,0.37223713689070265
1774368231.8753548,base,875292176,1774368231,-0.03034110445505039,0.9375776026803037,0.3462320824625895,-0.012288262949703203,-0.2141996903800051,0.37953577491642887,0.37200462743556806
1774368231.8764179,base,876328106,1774368231,-0.030253709482813366,0.9375802531298069,0.34623369288518835,-0.012256097040329105,-0.2142047845043967,0.3795408733988814,0.3719251625257455
1774368231.8774061,base,877333457,1774368231,-0.03005557305555196,0.9375848744826487,0.3462410239780681,-0.012182733038077407,-0.21421764194109508,0.3795537951404113,0.3717440272476882
1774368231.8784013,base,878321026,1774368231,-0.029778087423200324,0.9375945349000325,0.3462423817530986,-0.012081668467124124,-0.21423494577600186,0.3795711823007601,0.37149154442193694
1774368231.8794053,base,879331142,1774368231,-0.02954910482049532,0.9376016042273551,0.346245847886425,-0.011995623202162964,-0.21424902509303614,0.3795869293009261,0.3712822907560636
1774368231.8804603,base,880379991,1774368231,-0.029298510619858567,0.9376088461835793,0.34625071210773417,-0.01190349522796116,-0.2142639276932496,0.3796019060370888,0.37105290393347157
1774368231.8813944,base,881333856,1774368231,-0.029214560461583553,0.9376113215713439,0.34625216413266635,-0.011872571403005365,-0.21426882591948004,0.37960677476290317,0.37097594679134444
1774368231.8824205,base,882337211,1774368231,-0.029022429883202996,0.9376182776579899,0.3462519228711675,-0.011801265752373407,-0.21427925676201573,0.3796224046339121,0.3708015278310068
1774368231.8834827,base,883342808,1774368231,-0.028742762921417902,0.9376243567313697,0.3462622948164878,-0.011697967009192184,-0.21429603095408595,0.379637719008535,0.37054631453930004
1774368231.884474,base,884388067,1774368231,-0.02851351379665993,0.9376322839133413,0.3462626139770228,-0.011613864826933449,-0.2143097218993969,0.37965057908367955,0.3703359777578603
1774368231.8854508,base,885326668,1774368231,-0.02827186192561586,0.9376397816510325,0.3462650791546701,-0.011525478153774155,-0.21432284587442957,0.37966533908372424,0.37011420170399295
1774368231.886509,base,886378402,1774368231,-0.028191420714549352,0.9376422555755778,0.34626592098844194,-0.011495926202969405,-0.21432707474643778,0.37967009869779406,0.37004070226500707
1774368231.8875022,base,887333776,1774368231,-0.027991450044550063,0.937647053567873,0.34627165985371694,-0.011420124431959066,-0.214338356142238,0.3796826133374796,0.3698573395854191
1774368231.888623,base,888340398,1774368231,-0.027721953865762518,0.9376551027672844,0.3462747928894326,-0.011321189766029345,-0.21435469449531933,0.3796991331449281,0.3696108078266501
1774368231.8893983,base,889276698,1774368231,-0.027500015226241566,0.9376617499389563,0.3462771376579106,-0.01123991990251237,-0.21436686293164478,0.3797123520812884,0.3694089573681024
1774368231.8903844,base,890259402,1774368231,-0.027255507506719907,0.9376686037838836,0.34628083819716055,-0.011149344644659722,-0.21437799588132528,0.37972750418784085,0.36918570871493983
1774368231.891469,base,891327633,1774368231,-0.02717510920646936,0.937670774099471,0.34628222959024063,-0.011119816065352991,-0.21438212786666774,0.37973218565363503,0.36911234947326116
1774368231.892443,base,892348375,1774368231,-0.026982994481081282,0.9376769572383247,0.3462827595966337,-0.011049537512983246,-0.21439402668966764,0.3797438549539776,0.3689367046721247
1774368231.8933651,base,893291762,1774368231,-0.026714471377446408,0.9376841568197266,0.34628721415072433,-0.01095099922528816,-0.21440702743138432,0.37975844523203406,0.3686899510519726
1774368231.8944633,base,894323640,1774368231,-0.026494199973260243,0.9376897162174491,0.3462916690408695,-0.010868919941997244,-0.21442091940982036,0.3797716309670048,0.3684888035451712
1774368231.8955038,base,895359100,1774368231,-0.02624925753312688,0.9376962503994833,0.34629544577170357,-0.010778808073538879,-0.2144340383140491,0.3797828402003188,0.368265014223634
1774368231.89647,base,896313201,1774368231,-0.026167922352538224,0.9376985011973399,0.34629643409239813,-0.010748973295300002,-0.21443836006271066,0.3797870296183375,0.3681907436936748
1774368231.8974009,base,897266634,1774368231,-0.025970911283897207,0.9377039815306901,0.3462986511283536,-0.01067703213715916,-0.21444881003204358,0.3797976671024689,0.36801128143856154
1774368231.8985274,base,898307223,1774368231,-0.025703496114522606,0.9377100347714356,0.34630523553241765,-0.010578507422155728,-0.2144631690477715,0.3798122852385594,0.36776827991218597
1774368231.8993258,base,899252136,1774368231,-0.025482374050097394,0.9377158857831255,0.3463082541887048,-0.01049567737265811,-0.2144755089041397,0.3798244763514369,0.3675651407830933
1774368231.9004219,base,900303718,1774368231,-0.025238344850868427,0.9377230054052319,0.34630950709309183,-0.010407515549248798,-0.2144859848878997,0.3798382981462302,0.3673422731435227
1774368231.9014263,base,901280843,1774368231,-0.025157324220921106,0.9377252783712386,0.34631013305266867,-0.010378009764371705,-0.21448997868861366,0.3798427937889645,0.36726825253948764
1774368231.9025192,base,902330346,1774368231,-0.02495692177037573,0.937729361490961,0.3463157994923535,-0.010303575858606714,-0.21450193300590922,0.3798517725132916,0.36708650391965536
1774368231.903461,base,903299966,1774368231,-0.024686473774998465,0.9377369406676532,0.34631755898994465,-0.010205706985440065,-0.21451433708215992,0.37986516323905084,0.36684016954649523
1774368231.904565,base,904366123,1774368231,-0.024463373253908256,0.9377419450860477,0.3463222863489405,-0.010122340308367414,-0.2145263986091061,0.3798778030536867,0.36663535978412026
1774368231.9054427,base,905293489,1774368231,-0.024218143360253495,0.9377480303627097,0.3463256746778202,-0.010031956040248867,-0.2145384024165605,0.37988952691060646,0.36641104779627254
1774368231.9065912,base,906347677,1774368231,-0.024136993028043632,0.9377500051433073,0.3463268555011023,-0.010002128773915476,-0.21454257037629548,0.37989374278524546,0.36633686175184943
1774368231.9075007,base,907310582,1774368231,-0.023930375175811605,0.9377539496825541,0.34633271762558776,-0.009925507583467746,-0.21455454564279153,0.3799009736352589,0.36614963518881344
1774368231.908516,base,908345162,1774368231,-0.023661686244604883,0.9377606639436938,0.34633576825624945,-0.009828397137773883,-0.21456689348872543,0.3799156009993588,0.3659038711576273
1774368231.9095092,base,909280119,1774368231,-0.02343233668931794,0.937765618698699,0.34634032817696175,-0.009744078314504325,-0.21457834227378877,0.37992530693793264,0.3656952425254587
1774368231.9106102,base,910348343,1774368231,-0.023188157392270283,0.9377706514574241,0.3463456377593651,-0.009654730805576866,-0.214591493327056,0.37993884380389986,0.3654716557423412
1774368231.9115145,base,911276561,1774368231,-0.023108161574172805,0.9377724719809907,0.3463468664504731,-0.00962557859363226,-0.2145959289226323,0.3799429257922391,0.36539841437972764
1774368231.9125168,base,912253484,1774368231,-0.022911301987125925,0.9377777321884749,0.3463477419892823,-0.00955190408354697,-0.21460679114357084,0.3799543255761144,0.36521852169163305
1774368231.9134262,base,913237314,1774368231,-0.02264088244719116,0.937783120906619,0.3463536681448135,-0.009452256200859755,-0.21461963167004536,0.3799652483648478,0.36497249415146765
1774368231.9145048,base,914252240,1774368231,-0.022412912856890455,0.9377874753464955,0.34635897634986845,-0.009368667054968137,-0.21462899359748053,0.37997578466254217,0.3647643078927024
1774368231.9155076,base,915291214,1774368231,-0.022168443799636974,0.9377930308432726,0.34636207908858424,-0.009279093205934584,-0.21464468964381375,0.3799875250385881,0.3645400657200808
1774368231.9166124,base,916394211,1774368231,-0.02208881179300145,0.937794981974388,0.3463626665053383,-0.009249833973771129,-0.21464873793068176,0.3799916348518932,0.36446704750091713
1774368231.917564,base,917351271,1774368231,-0.021888710054413153,0.9378007865654118,0.34636159582688114,-0.009176820021394402,-0.21465673634128876,0.3800016364165609,0.364283990623016
1774368231.9185688,base,918336639,1774368231,-0.02161909749743736,0.9378060849700083,0.3463667752677698,-0.009078469432021764,-0.21467002695350001,0.38001335605962777,0.36403922419338053
1774368231.919544,base,919288257,1774368231,-0.02139540792969101,0.9378095534723441,0.3463734604618841,-0.00899465525654867,-0.21468227924477779,0.38002399361162964,0.3638345601339955
1774368231.9205275,base,920318790,1774368231,-0.021147964869516398,0.9378135798714191,0.3463801253024704,-0.008902908854761239,-0.2146950576711557,0.3800333564510548,0.3636087393489915
1774368231.9214814,base,921308808,1774368231,-0.02106711850496936,0.9378151033298808,0.346381701965496,-0.00887271253612936,-0.21469906028302074,0.38003722937293893,0.3635348711077126
1774368231.9224985,base,922301178,1774368231,-0.020871812184007885,0.9378188145985372,0.3463853196857403,-0.00880049699490445,-0.21471011560017628,0.38004773828446664,0.363356081309007
1774368231.9234626,base,923308155,1774368231,-0.0206063818346406,0.9378243251118701,0.346388739467514,-0.008703644423869979,-0.21472440109559995,0.38005958892767383,0.3631141177276339
1774368231.9245203,base,924310898,1774368231,-0.02037374629745734,0.9378279091939961,0.34639491477518275,-0.008618945209162607,-0.21473605575381038,0.3800678060697039,0.36289999903382003
1774368231.925478,base,925329069,1774368231,-0.020127718322693073,0.9378331915490475,0.34639724258133336,-0.008528195360021498,-0.2147477325010334,0.3800806193822424,0.3626747052990123
1774368231.9265332,base,926354992,1774368231,-0.020044938634106255,0.9378347997039751,0.34639843566680545,-0.008497803654461449,-0.21475166555538588,0.3800843608224969,0.3625989832144717
1774368231.9274745,base,927339955,1774368231,-0.01985330914391616,0.9378375351683214,0.3464038083183898,-0.00842646592350282,-0.21476218027987323,0.38009074956043737,0.362423438315267
1774368231.9285212,base,928346560,1774368231,-0.019583829488513487,0.9378421955998609,0.34640893398500816,-0.008327078141060599,-0.21477631903745945,0.38010229490825775,0.36217890480730514
1774368231.9294264,base,929299065,1774368231,-0.019356399249686993,0.9378463358865551,0.3464124815769716,-0.008244554562504598,-0.21478646036806087,0.3801136580531374,0.36197037675552884
1774368231.9304504,base,930317801,1774368231,-0.019107471826930202,0.9378501535716172,0.3464181241242466,-0.008153357855220445,-0.2148021834176904,0.3801229353190162,0.3617428979021323
1774368231.9314704,base,931323585,1774368231,-0.01902356459557529,0.9378514556390575,0.34641993884339234,-0.00812262996321438,-0.21480662438653209,0.38012625658596305,0.36166619303760983
1774368231.9325027,base,932337226,1774368231,-0.018822001696262018,0.9378536561422149,0.34642672732435603,-0.008048261188753096,-0.2148149193584973,0.3801315666399337,0.3614820407111881
1774368231.9334245,base,933343548,1774368231,-0.018564349572031017,0.9378585135115397,0.34642969049867406,-0.00795255304197647,-0.21482971593642325,0.3801445029687027,0.36124590050887634
1774368231.9344778,base,934342744,1774368231,-0.01833903974446962,0.9378616192885706,0.34643518140317997,-0.007869420106767066,-0.2148424950479865,0.38015357529001337,0.36103950871554835
1774368231.9354584,base,935318800,1774368231,-0.01809126164870103,0.937865255389604,0.3464404074519089,-0.007779014687373027,-0.21485398329917338,0.3801616064088503,0.36081204682686785
1774368231.9365234,base,936401041,1774368231,-0.018008551846377438,0.9378663160161105,0.3464425379113286,-0.0077481138558491746,-0.21485824679081497,0.380164733134468,0.3607360286077881
1774368231.9375224,base,937345651,1774368231,-0.017821661697661126,0.9378694173257383,0.3464453614586208,-0.007678277360189791,-0.21486802042394895,0.3801765702382548,0.3605654425521096
1774368231.938484,base,938348042,1774368231,-0.017558668512077328,0.9378718450076197,0.3464542958946325,-0.0075839539978050955,-0.21488394053905807,0.38018189067320146,0.3603260103968742
1774368231.9395418,base,939337199,1774368231,-0.017336866953405933,0.937875987088584,0.3464560215142656,-0.007502735725110811,-0.21489181141796382,0.38019321289955577,0.36012341237301454
1774368231.94062,base,940431404,1774368231,-0.017098357609580245,0.9378790309670308,0.3464615448679854,-0.0074139980501187865,-0.21490630136170588,0.38020229681195683,0.35990472036085874
1774368231.9414647,base,941272690,1774368231,-0.017018108203599894,0.9378803036138229,0.34646268023030014,-0.0073845307264993635,-0.2149101897286719,0.3802053931845473,0.3598311607920032
1774368231.9425242,base,942325058,1774368231,-0.016831866668238438,0.9378818577332391,0.3464690712238909,-0.007313814638439719,-0.21492069433683228,0.38021262819714097,0.3596600300436914
1774368231.9434462,base,943301085,1774368231,-0.016568545152516285,0.9378858390152337,0.34647299715295327,-0.0072179311488658375,-0.21493251217290987,0.3802215683296635,0.3594192014864508
1774368231.944517,base,944364394,1774368231,-0.016356437646922482,0.9378887664744431,0.34647677763187185,-0.007139413868403105,-0.21494408201261342,0.38023124121305046,0.3592240409328495
1774368231.94548,base,945289615,1774368231,-0.016122256408774977,0.9378917292954587,0.3464815088430529,-0.007052729776836628,-0.21495530161793633,0.3802384434814916,0.3590092644002191
1774368231.946674,base,946378109,1774368231,-0.01604554616581365,0.9378927485214176,0.3464828901293068,-0.007024212897148227,-0.2149586580326553,0.3802413873893118,0.35893898503643684
1774368231.9474647,base,947305237,1774368231,-0.015861186251214417,0.9378945766428352,0.34648777650535945,-0.0069574856833098525,-0.21496900297283864,0.3802492668909301,0.35877076922296264
1774368231.9485264,base,948326830,1774368231,-0.015604769951997177,0.9378959130859743,0.34649772497322046,-0.006861046549486309,-0.21498424241123668,0.38025715817309513,0.35853664383494105
1774368231.9496367,base,949375616,1774368231,-0.015396524216574477,0.9378994495400621,0.3464989575962397,-0.006785424026282191,-0.2149935882179833,0.3802661274380383,0.3583465730259377
1774368231.9505224,base,950376915,1774368231,-0.015163618747929467,0.9379007603207263,0.3465073491748795,-0.00669965850391328,-0.21500446156385597,0.380273069488925,0.3581328438729733
1774368231.9515076,base,951339284,1774368231,-0.015087557233614615,0.9379016137173395,0.3465088955453109,-0.006671874631740592,-0.21500758882669654,0.3802756188892816,0.3580633474056715
1774368231.952636,base,952416851,1774368231,-0.014907719390267736,0.9379049855794991,0.3465088236717415,-0.006605531418955798,-0.21501666769698832,0.38028378008232117,0.35789850326417266
1774368231.9534774,base,953274243,1774368231,-0.0146594483357351,0.9379071260279848,0.3465153969623271,-0.006511773065657879,-0.21502886372686741,0.38029373254321297,0.35767043945935134
1774368231.9546432,base,954415737,1774368231,-0.014450559501090265,0.937908651832166,0.3465214626986879,-0.0064356847060903334,-0.2150403119137196,0.38029783597168776,0.35747782099880065
1774368231.9555132,base,955351850,1774368231,-0.014227486014047856,0.937910852769481,0.3465262685250279,-0.006352646776369771,-0.21505225690959406,0.38030657252564415,0.3572733696135429
1774368231.9564767,base,956330345,1774368231,-0.014152246379449332,0.9379115646776574,0.3465279356908721,-0.006324598971225531,-0.21505595379010667,0.3803089693889516,0.3572043721741537
1774368231.9575748,base,957329630,1774368231,-0.013968521346780435,0.9379142604984229,0.34652929084694806,-0.006258670001892224,-0.2150620067351556,0.3803142316260988,0.3570363114190942
1774368231.9585538,base,958358392,1774368231,-0.013717478297364624,0.937915948568348,0.34653643577898624,-0.006164648237635202,-0.21507446031691316,0.3803235660144107,0.35680573775010377
1774368231.9594624,base,959290537,1774368231,-0.013508288275338872,0.9379186813199627,0.3465386009630006,-0.006088630510953434,-0.21508476558882528,0.38032919726503595,0.3566140716606551
1774368231.9604785,base,960285653,1774368231,-0.013278426318460568,0.937920289336378,0.346544601243561,-0.006004464556589105,-0.21509372497132268,0.3803374632159786,0.3564033552230311
1774368231.9614375,base,961241304,1774368231,-0.013200728781295277,0.937921064426502,0.3465459640838007,-0.005975988782558389,-0.21509715905297,0.38033990527234574,0.35633230774664104
1774368231.9624565,base,962326297,1774368231,-0.013018359989086747,0.9379236785756871,0.3465469293128151,-0.005909420792635077,-0.21510571632336783,0.3803450377726729,0.3561648285408759
1774368231.9634812,base,963290791,1774368231,-0.012768857977787944,0.9379257441556814,0.34655219149121735,-0.005816638942634385,-0.2151158424607443,0.3803546574065118,0.35593649985852505
1774368231.964558,base,964369286,1774368231,-0.012559168559381691,0.9379270804185864,0.3465575538704057,-0.005737678792363431,-0.2151275740312511,0.38036096232469646,0.3557444400399701
1774368231.965479,base,965321110,1774368231,-0.012332878346227424,0.9379295618381325,0.34656032453887314,-0.005654962187031984,-0.215136896995194,0.38036885204684784,0.3555362731559416
1774368231.9667294,base,966396628,1774368231,-0.012257301927907967,0.9379303126481429,0.34656142400069456,-0.005627304844753295,-0.215140312424175,0.38037146657730897,0.3554668401536209
1774368231.967422,base,967332024,1774368231,-0.012070067325094788,0.9379321299547397,0.3465641998615304,-0.005557737639563587,-0.21514735624939182,0.38037583219106663,0.35529618557888226
1774368231.968465,base,968383395,1774368231,-0.01181775149399576,0.937932939455791,0.34657219673097894,-0.005463907622679076,-0.21515980363792397,0.3803844225985643,0.3550648733869865
1774368231.9694395,base,969304316,1774368231,-0.011603335655121502,0.9379345236468881,0.3465763839167862,-0.005385356452844557,-0.21516679118510293,0.3803895731484472,0.3548673683077042
1774368231.9705198,base,970395041,1774368231,-0.011380258490279807,0.9379365099212345,0.34657967498267006,-0.005303014461157776,-0.21517637409322682,0.38039875684271335,0.354661867865336
1774368231.9715025,base,971291050,1774368231,-0.011305331684441942,0.9379372499614403,0.3465805465572549,-0.005275353860133999,-0.2151795038517444,0.38040115422024057,0.3545928243474357
1774368231.9727259,base,972341128,1774368231,-0.011121944417668447,0.9379401343922276,0.34657967074423,-0.005209460190990885,-0.21518760520778227,0.3804059732830285,0.35442553630651324
1774368231.9733634,base,973265085,1774368231,-0.010867633817527896,0.9379401683074424,0.3465890317520427,-0.0051164714204542895,-0.21519917581886477,0.3804111313199361,0.3541930281443846
1774368231.9744494,base,974370953,1774368231,-0.010660355699770873,0.937941739657066,0.34659235976900415,-0.005038449680627992,-0.21520928777314025,0.38041821535330017,0.35400298880001896
1774368231.97536,base,975287198,1774368231,-0.010433321791238223,0.9379435686113242,0.34659553217379674,-0.004954288467304356,-0.21521775309388552,0.3804235395610968,0.3537949527792535
1774368231.976424,base,976352962,1774368231,-0.01035900693114875,0.9379440767677079,0.3465967774036779,-0.004926837236796961,-0.21522071084511943,0.3804255779666937,0.3537269753686645
1774368231.9774501,base,977299327,1774368231,-0.010174678749531279,0.9379448110404102,0.3466012175073243,-0.004858330696173147,-0.2152274366322878,0.3804297785247162,0.35355770239317097
1774368231.9784703,base,978380375,1774368231,-0.009927449409011151,0.9379471837544685,0.346603200836441,-0.004769423993156991,-0.21523652363205417,0.3804374808407946,0.3533306156136025
1774368231.979452,base,979311267,1774368231,-0.00971927169023601,0.9379491039386777,0.3466049514684124,-0.004692738648442539,-0.2152451632049452,0.38044502854558154,0.3531399384394933
1774368231.98046,base,980385414,1774368231,-0.009493318628527526,0.9379493935879485,0.3466115629180861,-0.004608299132941192,-0.21525403060680587,0.3804499237314601,0.3529323784886687
1774368231.9814057,base,981334441,1774368231,-0.00941892293964793,0.9379496568218112,0.3466132493712697,-0.0045804496278865755,-0.2152570563011965,0.38045179904378945,0.35286422026460007
1774368231.9824445,base,982376871,1774368231,-0.00923777803057311,0.937950310196462,0.3466172445257786,-0.0045127438189114496,-0.21526465927924354,0.380456295945717,0.3526980692776636
1774368231.9834542,base,983309427,1774368231,-0.008991893064200573,0.9379525753769757,0.34661872978925884,-0.00442361414472086,-0.21527315686437004,0.38046381899322645,0.35247197689014387
1774368231.9845579,base,984328869,1774368231,-0.008783460843447412,0.9379538636603527,0.34662155991519056,-0.004346799073797306,-0.21528154366391689,0.3804695683243494,0.35228114410491623
1774368231.985554,base,985306298,1774368231,-0.008563058097803028,0.9379548255274497,0.34662548127618215,-0.0042655639533684415,-0.21529157092796133,0.3804751363257535,0.352077526266744
1774368231.9866734,base,986404869,1774368231,-0.008489218298873965,0.9379552340479533,0.3466265257298142,-0.004238367044223366,-0.21529435651136392,0.38047716270664655,0.35200956974839365
1774368231.9875038,base,987319024,1774368231,-0.0083102152702106,0.9379555265854556,0.3466308986051417,-0.004170204090368137,-0.21530221180531195,0.3804811090420903,0.3518450545909813
1774368231.9886086,base,988387154,1774368231,-0.008064770086900782,0.9379567795012363,0.3466343763422558,-0.004080246184960893,-0.21530960807209673,0.3804880632317663,0.35161916418432493
1774368231.9893205,base,989231661,1774368231,-0.00785625561270937,0.9379578871508946,0.34663708067058613,-0.004001934950880997,-0.21531765847754292,0.3804932885691421,0.3514272899870511
1774368231.9904265,base,990317930,1774368231,-0.0076367730617138896,0.937958387599113,0.34664155741792735,-0.003920905577774784,-0.21532641498153485,0.3805006322772332,0.3512255758560555
1774368231.9914918,base,991291148,1774368231,-0.007562023459918252,0.9379588370116294,0.3466422914701227,-0.00389328104890752,-0.21532885885253752,0.3805027344359783,0.3511567763401156
1774368231.9924774,base,992364150,1774368231,-0.0073830982367653186,0.9379598978416688,0.34664400104789805,-0.0038283728629043886,-0.21533442016235052,0.380505675559636,0.35099366850938285
1774368231.9934247,base,993279928,1774368231,-0.00714452484534264,0.9379608019445012,0.346647527646317,-0.003739165288986791,-0.2153439170541952,0.38051347726769924,0.3507737764230114
1774368231.994593,base,994418124,1774368231,-0.006935373155632152,0.9379618346680886,0.3466497806777042,-0.003664268189564075,-0.21535023868274467,0.3805168504503503,0.35058236922753183
1774368231.9954967,base,995357884,1774368231,-0.006718780131961141,0.937962394688546,0.34665337400830676,-0.0035836339550171666,-0.21536019007017718,0.38052283510345397,0.35038213071601526
1774368231.9966202,base,996431186,1774368231,-0.006644132443822958,0.937962686540305,0.3466543062991747,-0.0035561336308347867,-0.21536283944428028,0.3805246630891206,0.35031343609940657
1774368231.997462,base,997333951,1774368231,-0.006471065158178855,0.9379642233691466,0.34665407209440646,-0.0034921763412066767,-0.21536779993346472,0.3805298291877233,0.35015355524854996
1774368231.998565,base,998387149,1774368231,-0.006235434317024711,0.9379632534000221,0.34666191943741237,-0.0034012118565178583,-0.21537753362362735,0.38053552626848175,0.3499344208108021
1774368231.999485,base,999340408,1774368231,-0.006038186471664914,0.9379646029207923,0.34666246767291986,-0.0033282846476297098,-0.21538477292290115,0.3805425506669051,0.3497507439649403
1774368232.000534,base,430289,1774368232,-0.00582468982010533,0.9379641406247958,0.34666812769883076,-0.00324855787619606,-0.2153941482441388,0.3805489607772064,0.34955331025931435
1774368232.0013888,base,1282698,1774368232,-0.005752888564735975,0.9379642565221828,0.3466692626803895,-0.0032218120034720114,-0.2153967684015557,0.38055068000568243,0.3494869075672426
1774368232.0025933,base,2373454,1774368232,-0.005578532831052384,0.9379651491328913,0.34667028160143326,-0.003158296684713301,-0.21540198735271357,0.3805543404654489,0.34932670173090247
1774368232.0034256,base,3339818,1774368232,-0.0053509681890225235,0.9379661595364122,0.3466718810960676,-0.003075314824183658,-0.21541095943985045,0.38056099622475553,0.34911574675548296
1774368232.0045605,base,4430686,1774368232,-0.0051625972058090665,0.9379644442465923,0.34668002370184103,-0.0030016804231474243,-0.21542132913591386,0.3805663708681508,0.3489407674148672
1774368232.005438,base,5338971,1774368232,-0.004950962469389193,0.9379670849123687,0.34667662635913277,-0.002924436333773756,-0.2154253074313732,0.3805745728064474,0.3487441484694004
1774368232.0064332,base,6327911,1774368232,-0.004881461635647911,0.9379672410592417,0.3466774042969725,-0.002898858728438862,-0.2154278428706601,0.3805762568012729,0.34867961444588674
1774368232.0073988,base,7312699,1774368232,-0.004722263780642185,0.9379672521063204,0.3466800739648134,-0.002839104904004616,-0.21543501958707864,0.38058106769239314,0.34853103591332046
1774368232.0085258,base,8411607,1774368232,-0.0044998747305118715,0.9379672491145916,0.3466837101154038,-0.0027560581332686488,-0.21544393787300964,0.3805849974999295,0.348323163526694
1774368232.00932,base,9244175,1774368232,-0.004316994854343755,0.9379662836212127,0.3466892143311357,-0.002683842711136356,-0.21545048736810168,0.38059052792223774,0.34815151375857056
1774368232.010488,base,10340867,1774368232,-0.004117820705833346,0.937965596050853,0.34669406847821976,-0.0026090342316922766,-0.21545864370003592,0.3805966718451404,0.3479652446865185
1774368232.0114639,base,11341590,1774368232,-0.004051980443884009,0.9379654024598593,0.346695552373589,-0.0025844162142792714,-0.21546166247998041,0.3805981519897712,0.34790386063193335
1774368232.0124824,base,12414112,1774368232,-0.003887357162782926,0.9379643965313158,0.34670061615074566,-0.0025223113659813925,-0.2154694249214841,0.38060013368678974,0.34775068551002214
1774368232.0133953,base,13330699,1774368232,-0.0036715926047636437,0.9379653531016475,0.3467009517630513,-0.0024425059346378803,-0.21547695201286457,0.3806070925845407,0.34754908748795776
1774368232.014533,base,14406934,1774368232,-0.0034925676046453228,0.9379644177787667,0.34670579342264557,-0.0023760807309487738,-0.21548441324725337,0.3806105616851383,0.34738107087909026
1774368232.0153992,base,15331213,1774368232,-0.0032970308810991614,0.937965483641573,0.34670531242779884,-0.0023037835709342814,-0.21549123047372865,0.3806166501066219,0.347197487686716
1774368232.0165756,base,16432599,1774368232,-0.003232307887032711,0.9379654084831895,0.3467062856885988,-0.0022795040474759966,-0.21549390158298212,0.38061846848436925,0.347136559608839
1774368232.0173204,base,17247291,1774368232,-0.0030803931019118317,0.9379623308621996,0.34671638727771503,-0.0022189761100239683,-0.21550368530131464,0.3806215194646586,0.3469929881346653
1774368232.0185091,base,18379401,1774368232,-0.002872443557236271,0.937964253368834,0.34671345800823355,-0.002141612997048759,-0.2155088826384513,0.3806268749336492,0.346797052662797
1774368232.01945,base,19331432,1774368232,-0.0027025941947174145,0.9379620658566705,0.3467211388000316,-0.002076272553071113,-0.21551721093606538,0.3806307772974086,0.3466351316069552
1774368232.0204613,base,20333178,1774368232,-0.002514843237445037,0.937963093863542,0.3467201838314125,-0.002006050182520644,-0.21552306792742293,0.38063685973987005,0.3464571344555838
1774368232.0213852,base,21292583,1774368232,-0.0024517302018972832,0.9379630256597056,0.3467209556817942,-0.0019825250089277593,-0.2155256416907137,0.38063843621212534,0.34639752124837
1774368232.0225017,base,22370302,1774368232,-0.0023069639036957896,0.9379608905346295,0.3467280393049784,-0.0019267861212847784,-0.21553562123093448,0.380641309232858,0.34625969622146935
1774368232.0233424,base,23248949,1774368232,-0.0021002943595176495,0.9379603496328535,0.34673124202189964,-0.0018485362234895847,-0.2155433072306142,0.3806439238024851,0.34606350063357083
1774368232.0244877,base,24366855,1774368232,-0.0019371904159075815,0.9379574296115097,0.3467404303711363,-0.0017836692242382882,-0.2155533290203176,0.3806486684824054,0.34590633823387806
1774368232.025397,base,25319298,1774368232,-0.0017525078870902024,0.9379567772003812,0.3467435290258739,-0.001714029948103182,-0.215559498497236,0.3806538496952214,0.34573136183646735
1774368232.0264766,base,26364197,1774368232,-0.0016913405637805669,0.9379562955349063,0.34674525095516334,-0.0016905542208077477,-0.21556205859068087,0.38065549564169354,0.34567287763057775
1774368232.027379,base,27299185,1774368232,-0.0015450521252844804,0.937954109289168,0.34675211810336715,-0.0016340967909244527,-0.2155718779898754,0.38065474157776447,0.34553505689426567
1774368232.0285106,base,28399815,1774368232,-0.0013464540335099084,0.9379539733689546,0.3467536608228693,-0.0015587202650118469,-0.21557934698260575,0.3806600041727143,0.34534599450861
1774368232.0294693,base,29363895,1774368232,-0.0011792008604960369,0.9379514587385659,0.3467613568369845,-0.001493967904739264,-0.21558904647599902,0.3806628582670325,0.34518709332035374
1774368232.030499,base,30395871,1774368232,-0.0010003990838699105,0.9379517554794903,0.346761397219328,-0.0014272326771801965,-0.2155949650590246,0.3806664824403868,0.34501696527083525
1774368232.0314147,base,31334167,1774368232,-0.0009403362140882202,0.9379514773544343,0.3467624109613869,-0.0014043648689080442,-0.21559734089433555,0.3806679469751163,0.3449597598932035
1774368232.0325065,base,32396649,1774368232,-0.0008035481358638099,0.9379497355501875,0.34676767832330924,-0.0013509855619447766,-0.2156051347875342,0.3806722972349774,0.34482898638027765
1774368232.0333073,base,33237090,1774368232,-0.0006037804125677082,0.9379481492879334,0.34677266311688915,-0.001274680891273114,-0.215615583425454,0.38067473409200286,0.3446404063523646
1774368232.0344524,base,34347365,1774368232,-0.0004407154405087754,0.9379462708136725,0.34677821052121843,-0.0012130722677259863,-0.21562346277793937,0.38067673458055873,0.3444858958298701
1774368232.035432,base,35339041,1774368232,-0.0002607040089851215,0.9379445974766268,0.3467831508080125,-0.0011447329363062672,-0.2156294228434547,0.38068072139591064,0.3443149073649492
1774368232.036444,base,36341626,1774368232,-0.0002017499983131321,0.9379440275910331,0.34678480430314756,-0.0011224560914075614,-0.21563178238422243,0.3806816516204142,0.34425917459273847
1774368232.037334,base,37268896,1774368232,-5.853231951617111e-05,0.9379427975037111,0.3467883550161767,-0.0010686487047384344,-0.21563883219936686,0.3806826913060878,0.3441251576989207
1774368232.0384095,base,38298831,1774368232,0.00013969088130166404,0.937939770847611,0.34679674124050675,-0.0009934856585190417,-0.21565018643601921,0.38068396904871227,0.34393963256212845
1774368232.0393784,base,39291524,1774368232,0.00030840229559841455,0.9379360950127981,0.34680675295411556,-0.0009287979277754727,-0.21565992500755116,0.38068392078549934,0.3437801807494632
1774368232.0405347,base,40398422,1774368232,0.0004807188154573395,0.937937165003409,0.34680383052587854,-0.0008640297252202502,-0.21566519436685028,0.3806903907454603,0.3436182010838874
1774368232.0414293,base,41357230,1774368232,0.0005388724891346808,0.937936609864827,0.3468053005601927,-0.000842018450028703,-0.21566767877431414,0.3806911299573877,0.34356359897384386
1774368232.0424566,base,42351804,1774368232,0.0006790141820849585,0.9379326552451284,0.34681587906797695,-0.0007868868217379474,-0.21567804608886895,0.3806912824354653,0.34342987889398274
1774368232.043405,base,43324607,1774368232,0.0008704037699640752,0.9379310767844011,0.34681987806329784,-0.0007139884385277838,-0.2156859823917474,0.3806931886839779,0.3432497260951533
1774368232.0444202,base,44313928,1774368232,0.001030620800574476,0.9379288190532552,0.34682566385295405,-0.0006535312458031508,-0.2156941020374652,0.38069567237194857,0.3430992443345212
1774368232.0453713,base,45298913,1774368232,0.0011983120273195002,0.9379250219511699,0.34683551089431586,-0.0005879020850683196,-0.21570373754837163,0.3806967935375807,0.3429401023138332
1774368232.0464556,base,46351294,1774368232,0.0012545589713277,0.9379242572231818,0.34683741582678085,-0.0005663715483598912,-0.21570647942913568,0.3806973271631223,0.34288700683182316
1774368232.0473652,base,47287855,1774368232,0.0013980796154687003,0.9379225391554268,0.34684159782461627,-0.000511796925416395,-0.21571414376989334,0.38069709541012353,0.34275259738964936
1774368232.0484529,base,48350330,1774368232,0.0015846776541803551,0.9379198807547017,0.3468480833940112,-0.0004394629900358159,-0.2157244360405479,0.3806990264815597,0.34257866269188514
1774368232.049373,base,49299762,1774368232,0.0017465535560687734,0.937917040960076,0.3468550555394917,-0.0003798342623494975,-0.21573176406786693,0.38069889361313625,0.3424269272202396
1774368232.050436,base,50330491,1774368232,0.001911849082180499,0.9379142056493281,0.3468619151112688,-0.00031546730381114166,-0.21574201053366876,0.3806997684884118,0.342272086803339
1774368232.0513573,base,51280318,1774368232,0.0019683669928076113,0.9379130937519148,0.3468646245099854,-0.00029387691351266367,-0.21574527759793172,0.3806997261326529,0.3422191283333945
1774368232.0524848,base,52377743,1774368232,0.0021102361160621973,0.9379100538187685,0.3468720517340223,-0.00023994799254445392,-0.21575429255131975,0.38070014676966346,0.34208744866174307
1774368232.0533862,base,53317554,1774368232,0.002297307978457727,0.93790734080324,0.34687824086889957,-0.000168686528184202,-0.21576388407042316,0.3806997557406592,0.3419144135708591
1774368232.054472,base,54336294,1774368232,0.002453643008554278,0.9379027406497795,0.346889632242054,-0.00010844626086212316,-0.21577352456896173,0.3806986054921542,0.3417690977989714
1774368232.0553925,base,55314407,1774368232,0.002620513474837239,0.9378998669087188,0.34689619551024836,-4.5850311911606796e-05,-0.2157809653484487,0.3806984462660175,0.3416147510671297
1774368232.0565257,base,56394449,1774368232,0.002677613585620883,0.9378985597735688,0.34689929572723643,-2.4168133532659596e-05,-0.21578418796767446,0.38069763077182545,0.34156218012482986
1774368232.0573945,base,57297175,1774368232,0.002811696379374763,0.937894936830181,0.34690802964693124,2.8253581527693643e-05,-0.21579311746949933,0.38069425021574604,0.341436663710272
1774368232.0584884,base,58304334,1774368232,0.0029945913568970237,0.9378931629447065,0.34691128226144874,9.779517787038529e-05,-0.21580006211130737,0.380696882277661,0.34126728771369474
1774368232.0594144,base,59285083,1774368232,0.0031476491690433277,0.9378878539662279,0.34692425843807123,0.00015682642236532137,-0.21581183681933813,0.38069436266351014,0.34112617214346497
1774368232.0604653,base,60349216,1774368232,0.0033161232889942203,0.9378847595632883,0.34693101994901865,0.00022023255583996873,-0.21582074198691864,0.38069055702905236,0.34097207628726905
1774368232.0613465,base,61264718,1774368232,0.0033716134504585588,0.9378834851108594,0.346933916252317,0.00024152200614308827,-0.2158242737526539,0.3806897439749778,0.3409210778991753
1774368232.0624964,base,62358579,1774368232,0.003501348973496429,0.9378785061469852,0.34694605068000023,0.00029356501160203083,-0.21583246027683792,0.38069039980581854,0.34080015254755347
1774368232.063392,base,63274277,1774368232,0.0036841859228910947,0.9378765618592972,0.34694934791123905,0.00036259210594058667,-0.21584012225025279,0.38068808221181716,0.34063180312649405
1774368232.0644784,base,64360450,1774368232,0.0038384512891464764,0.9378714539913827,0.34696141756441856,0.0004204776805108271,-0.2158502946883446,0.3806845766169606,0.34049134472266174
1774368232.065382,base,65283153,1774368232,0.004003108058120849,0.9378687762739577,0.34696671367344895,0.0004829274385400377,-0.2158583464314035,0.3806831638801983,0.34033994154521946
1774368232.0664659,base,66350321,1774368232,0.004057378965743014,0.9378677420131923,0.3469688493914646,0.0005037052388460975,-0.21586137873015654,0.3806828191577947,0.3402898331120919
1774368232.0673933,base,67287855,1774368232,0.0041924539323068685,0.9378642370360054,0.346976639742443,0.0005546998645329514,-0.2158695452783521,0.3806815854751561,0.3401656302937522
1774368232.0684183,base,68289710,1774368232,0.004369132429652881,0.9378595247313417,0.34698708006492057,0.0006235547564666885,-0.215879994600411,0.38067873523442863,0.34000323905818924
1774368232.0694273,base,69312144,1774368232,0.004515419098646491,0.9378567678027205,0.3469925554430909,0.0006786339742904429,-0.2158863613387666,0.3806786582724156,0.3398682888355661
1774368232.0704393,base,70333591,1774368232,0.0046751356457282005,0.9378530866920747,0.3470002655465742,0.0007393236428202052,-0.21589438495733504,0.3806760563449226,0.33972177750717736
1774368232.0713186,base,71238538,1774368232,0.0047295858350612004,0.9378520353779718,0.3470023245037148,0.0007599633167395108,-0.21589714782131667,0.38067536895666415,0.33967183586026634
1774368232.0724387,base,72299425,1774368232,0.00486296768193096,0.9378481550150954,0.3470108540962882,0.0008104439960276978,-0.21590460926980598,0.38067339187570237,0.33954923749916777
1774368232.0733407,base,73262210,1774368232,0.005037274301717596,0.9378447878586986,0.34701730660186814,0.000876739794252281,-0.21591322221512863,0.380671966975448,0.3393890675420192
1774368232.0744262,base,74316478,1774368232,0.005182328730738969,0.9378406849069402,0.347026113026408,0.0009327807838721279,-0.2159222818342349,0.3806710882783011,0.33925554589252166
1774368232.0753577,base,75279384,1774368232,0.005339451970289549,0.937837207452708,0.34703296095145253,0.000993268961947737,-0.21592866082526072,0.38066959404810385,0.33911073226064953
1774368232.076414,base,76302936,1774368232,0.0053920920717968595,0.9378359401454371,0.3470355138591768,0.0010133287277540764,-0.21593132538034793,0.3806689168334264,0.3390624311124978
1774368232.07737,base,77284886,1774368232,0.005517529781971018,0.9378314159347049,0.3470456205745804,0.0010627281007129401,-0.2159419627020355,0.3806677542246051,0.3389468348417102
1774368232.0785189,base,78400271,1774368232,0.005692057857391304,0.9378272281944109,0.3470539078388993,0.0011294194461325022,-0.21595091982167927,0.38066357286442565,0.3387869082185045
1774368232.0794187,base,79341248,1774368232,0.005828348324609889,0.9378225347758224,0.34706415367925386,0.0011818855112103565,-0.2159624805404269,0.3806620513927804,0.3386612718580562
1774368232.0805044,base,80398144,1774368232,0.005988397935916729,0.9378191937701676,0.3470702475451878,0.0012418354785854234,-0.21596713817923435,0.38065985373400674,0.3385150924176374
1774368232.0814075,base,81325810,1774368232,0.006039621590987201,0.9378177482064769,0.34707319519467017,0.0012614663424139357,-0.21597006311949957,0.38065887283485866,0.33846807322338335
1774368232.0824456,base,82343261,1774368232,0.006158207667282534,0.9378149496658805,0.347078502138454,0.00130767535561675,-0.21597751690613165,0.38066010557350494,0.33835689853644163
1774368232.0834002,base,83318341,1774368232,0.006322736645561541,0.9378111400908251,0.34708559277438245,0.0013710621113888805,-0.2159851184564391,0.38065896279299705,0.3382057030629548
1774368232.0844798,base,84365740,1774368232,0.006457660891275814,0.9378058527188001,0.3470971812039057,0.0014240865424542826,-0.2159963940644856,0.3806553112748967,0.33808098990569174
1774368232.0854008,base,85327618,1774368232,0.0066079387460859906,0.9378021042139226,0.3471042395889658,0.001481666910218125,-0.21600559155486915,0.3806529172090376,0.3379427447966851
1774368232.086446,base,86336109,1774368232,0.006657552005975674,0.9378006392700454,0.3471071673800052,0.0015007796010288244,-0.2160086138418625,0.3806520852078305,0.33789717244268935
1774368232.087424,base,87332515,1774368232,0.006771437819025386,0.9377970406813548,0.3471144955205915,0.0015443829323083832,-0.21601599699467797,0.3806516753853267,0.33779237818858615
1774368232.0885668,base,88423560,1774368232,0.006930323901645118,0.9377939391435954,0.34711945970073715,0.0016059306413836049,-0.21602461611425156,0.38064916320615666,0.33764584429812516
1774368232.089387,base,89296984,1774368232,0.007063053309342995,0.937790040387159,0.34712707356139816,0.001657778423038623,-0.2160325733167398,0.38064820976285463,0.33752271075528945
1774368232.090535,base,90357037,1774368232,0.007209089478434782,0.9377839566813382,0.34714023340354877,0.0017140514915573676,-0.21604142889712116,0.38064344056413735,0.3373885075184104
1774368232.0914297,base,91337568,1774368232,0.007256723916300793,0.9377823056569259,0.3471436096216282,0.001732470389083879,-0.2160446740619529,0.38064244999303243,0.33734462982196056
1774368232.0924494,base,92313273,1774368232,0.007367338935217285,0.9377781130148877,0.34715238270461996,0.001776583731576316,-0.21605504228995304,0.3806404525291918,0.337241961308015
1774368232.0934315,base,93308293,1774368232,0.007524534674495208,0.937773449862706,0.3471612962058487,0.001836444174537274,-0.21606226573460766,0.38063757586559044,0.33709712513094137
1774368232.094593,base,94403284,1774368232,0.007647521718983793,0.9377692543476726,0.3471696860669493,0.0018841677058276055,-0.21607211174739507,0.38063521157562985,0.3369835062167821
1774368232.0954545,base,95348034,1774368232,0.007785459343044124,0.9377650973695844,0.3471775526865726,0.001937959956715671,-0.21608065700456078,0.38063306493648325,0.3368557456442425
1774368232.0965512,base,96356735,1774368232,0.007830732886458303,0.9377636556631571,0.3471803297069031,0.0019556084318351303,-0.21608353228562333,0.38063235983457167,0.3368137238352024
1774368232.097392,base,97278438,1774368232,0.007944939903124839,0.9377599361608141,0.3471875370001445,0.0019985528201776396,-0.21608860269952268,0.38062936407635856,0.3367099912348609
1774368232.098501,base,98366583,1774368232,0.008093899751512389,0.9377543278236756,0.34719890317265106,0.002056956607918005,-0.21609935444457956,0.38062418699247474,0.3365725016864938
1774368232.0994298,base,99337462,1774368232,0.008219646851706595,0.9377496862129693,0.3472081932356391,0.0021056977831499734,-0.21610879604612623,0.38062012059673583,0.33645729167523925
1774368232.1004755,base,100357456,1774368232,0.008349806250195201,0.9377443461059792,0.34721919720872607,0.0021566575021226358,-0.2161191554423229,0.3806162188290245,0.33633507920899575
1774368232.1014738,base,101346990,1774368232,0.008394428431170494,0.9377426003983976,0.3472227274338136,0.002174056758377258,-0.21612259389974975,0.38061493180923306,0.3362936705655952
1774368232.102452,base,102323701,1774368232,0.0084970745236146,0.9377399196946097,0.3472272173014006,0.0022141140018063885,-0.21612889406309746,0.380613506735734,0.33619777020692726
1774368232.103407,base,103291479,1774368232,0.008640808369554692,0.9377326849694531,0.34724284601724803,0.0022702115634408507,-0.21614049384851355,0.38060965282274745,0.33606495817365667
1774368232.1045067,base,104367144,1774368232,0.008757442781514836,0.9377279691644111,0.3472523529134503,0.002316557530087174,-0.21615133789384972,0.3806044948833225,0.3359576808483042
1774368232.1054327,base,105333736,1774368232,0.008890510456720088,0.9377225259574906,0.34726332447082364,0.002367828793160311,-0.21616054134391544,0.38059730556505883,0.335835601167619
1774368232.106382,base,106260686,1774368232,0.008932584907745494,0.9377206570529183,0.34726717806875385,0.0023843865612465927,-0.21616401325613124,0.38059566680846235,0.3357968528073647
1774368232.107481,base,107393821,1774368232,0.00902891463323006,0.9377155667328809,0.3472781656066613,0.0024228702503776185,-0.21617291881467735,0.38059354495443815,0.33570677100115487
1774368232.1084704,base,108358982,1774368232,0.009168542943067766,0.9377115902271861,0.34728486431058136,0.0024767710197102274,-0.21617858032916218,0.38058836567022863,0.3355786595973988
1774368232.109438,base,109355628,1774368232,0.009281452989052762,0.9377045667629106,0.34730050473791907,0.0025218071260183672,-0.21619181408330668,0.3805829930342152,0.33547433013468964
1774368232.1104982,base,110356532,1774368232,0.00940252211731884,0.9377006896761846,0.34730736888073055,0.0025691788153422426,-0.2161998000574969,0.38058084108308393,0.33536102465905104
1774368232.1114335,base,111341513,1774368232,0.009442483780004044,0.9376988570646688,0.34731111609733717,0.002584878120948454,-0.21620335477235145,0.38057938877032726,0.33532352234254975
1774368232.1124187,base,112301826,1774368232,0.00954143698213212,0.9376960081517579,0.34731583218766626,0.0026210662645708336,-0.21621060514452337,0.3805756459302055,0.3352346967323965
1774368232.113531,base,113401784,1774368232,0.00967508727766627,0.9376879701933066,0.34733342708339465,0.0026746348218594936,-0.21622124553889369,0.38056879139264754,0.3351104530677451
1774368232.1144886,base,114360737,1774368232,0.009780012828651296,0.9376835847463024,0.3473419996131479,0.002716901016810607,-0.21623133668227099,0.3805652409684201,0.33501384034039955
1774368232.115533,base,115427166,1774368232,0.009899714588847646,0.9376780520122712,0.34735317987473957,0.0027631243979908036,-0.21624100992413506,0.38056043621724756,0.33490323917765813
1774368232.1165502,base,116412191,1774368232,0.009940129106950725,0.9376761765870637,0.34735696350230977,0.002778776863626101,-0.2162439599020296,0.3805588959510846,0.3348660805196428
1774368232.1173937,base,117311766,1774368232,0.010035361478085399,0.9376712781632977,0.347367148377707,0.0028159999204828436,-0.2162516258257317,0.38055349391460647,0.3347785285835288
1774368232.1184454,base,118331492,1774368232,0.010168946676813473,0.9376650457753243,0.3473796516420829,0.0028691600980732756,-0.21626306625243188,0.38054794806464415,0.3346561136449154
1774368232.1193898,base,119260836,1774368232,0.010274609328972032,0.9376598631982006,0.3473901895720917,0.0029102472978983908,-0.21627432095134716,0.3805426285635965,0.3345576150451834
1774368232.1204865,base,120342643,1774368232,0.010388618245535948,0.9376545070778922,0.34740086926313335,0.002956011279227236,-0.21628275414422318,0.3805396482711933,0.3344530632860382
1774368232.1213944,base,121257525,1774368232,0.010428307866650508,0.9376527057892867,0.3474044098700386,0.002971485136736087,-0.21628595202203496,0.38053812892543587,0.33441682740531536
1774368232.12245,base,122328572,1774368232,0.010521431705685565,0.9376485362497612,0.34741253024383895,0.003009281162752559,-0.21629270287183386,0.38053492073880485,0.3343305042714143
1774368232.123381,base,123260973,1774368232,0.010644573511534822,0.9376395282556947,0.3474326511811916,0.0030595751999486806,-0.21630623359432674,0.3805284315878368,0.33421531054597253
1774368232.1244445,base,124318349,1774368232,0.010746253337833167,0.9376368647171088,0.3474363568138121,0.003099342932738489,-0.21631349597658084,0.38052515282381344,0.33412065510373024
1774368232.1254282,base,125318009,1774368232,0.010856126057584096,0.93763122104539,0.34744779187216773,0.003141619185630685,-0.2163261767357591,0.380520922928055,0.33401855354123083
1774368232.126436,base,126309853,1774368232,0.01089391138970398,0.9376294978396157,0.347451127451723,0.003156185702707093,-0.21632957775859066,0.38051927430063404,0.3339834457598593
1774368232.1274807,base,127292268,1774368232,0.01098496198697274,0.9376243654320493,0.3474617824186438,0.0031921335734364136,-0.2163361721006299,0.3805154193608425,0.3339003364070012
1774368232.1284392,base,128275318,1774368232,0.011101524284793877,0.9376176403211862,0.34747579301241854,0.00323882501467034,-0.21634836062184648,0.380509895747467,0.333791958138831
1774368232.1294606,base,129345999,1774368232,0.011196964666640328,0.9376127061197321,0.3474856728041732,0.003278490646286552,-0.21635926305301154,0.38050610830917403,0.333702164387202
1774368232.130504,base,130357977,1774368232,0.011300396534811694,0.9376062051764954,0.34749947328676617,0.0033198069383253755,-0.21637187332412314,0.38050049786866963,0.33360421497923026
1774368232.1314259,base,131340318,1774368232,0.011334533671196903,0.9376042319043304,0.3475035562465702,0.003333325296730403,-0.21637583817150746,0.38049880590802354,0.33357226487363467
1774368232.1324654,base,132343672,1774368232,0.011420309941063102,0.9375997874351353,0.3475124164432418,0.003366829401384856,-0.21638447031132732,0.38049445372627055,0.33349407807811426
1774368232.1334932,base,133339827,1774368232,0.011530927009276966,0.9375909528194999,0.34753215281877503,0.0034125753437263357,-0.21639956499699148,0.3804882906094898,0.3333896876615666
1774368232.134588,base,134368739,1774368232,0.011631938678714069,0.9375858809870606,0.34754206326977666,0.0034536986664326064,-0.21641038801000384,0.3804825063817951,0.33329634290479926
1774368232.1353838,base,135284167,1774368232,0.011729196166324746,0.9375790119070171,0.34755692512312364,0.0034937354955381136,-0.216424281804121,0.38047641302429624,0.33320480717671547
1774368232.1363826,base,136257104,1774368232,0.011761143143815097,0.9375767629821241,0.3475617783855574,0.0035070262874939556,-0.21642866690427387,0.3804745653446211,0.3331746055791732
1774368232.1374943,base,137381841,1774368232,0.0118420242734268,0.9375719000865603,0.3475718163274287,0.0035399327728954607,-0.21643817877011576,0.3804713656699639,0.3330986755494404
1774368232.1384935,base,138392719,1774368232,0.011952374687641487,0.9375623223573867,0.34759338727098626,0.0035874169860914793,-0.21645350995938648,0.3804637024398785,0.3329935207615196
1774368232.1394887,base,139371856,1774368232,0.012042195472425736,0.9375570316944077,0.3476041878173018,0.0036230457420723897,-0.21646346346465398,0.3804585390091314,0.33291000417571825
1774368232.140575,base,140467498,1774368232,0.01213745256116745,0.9375510844864485,0.34761650072352007,0.003662601308438616,-0.21647660291592757,0.3804534407455923,0.3328186640500726
1774368232.1413634,base,141287969,1774368232,0.012168216423820306,0.9375490241463893,0.34762084655585734,0.003675441606820005,-0.21648100245799642,0.3804517733674357,0.3327890183549881
1774368232.1424885,base,142380345,1774368232,0.012246888445738603,0.9375421413153598,0.34763629975335575,0.0037081093568557765,-0.2164930608571471,0.3804460772773917,0.3327156444729413
1774368232.1433418,base,143251636,1774368232,0.012353324700738914,0.9375349385270269,0.34765149929460465,0.0037509263090289963,-0.21650676515098594,0.3804386885432643,0.3326140941018393
1774368232.1444511,base,144353286,1774368232,0.012443583306742818,0.937528726473373,0.34766463104109324,0.0037879539020383634,-0.21651753640635363,0.3804323501737737,0.33252986167516174
1774368232.1454341,base,145352312,1774368232,0.012533919120957466,0.9375199112232369,0.34768474321806775,0.003825737161597531,-0.21653299266938306,0.38042486279708276,0.33244348052598566
1774368232.146518,base,146416523,1774368232,0.012564311668860764,0.93751735393802,0.3476904014125178,0.003838476643566735,-0.21653764231314096,0.3804226495972006,0.332414415697156
1774368232.147395,base,147313791,1774368232,0.012633807326160016,0.9375138100042646,0.34769711887830074,0.003867361821946549,-0.21654783329110364,0.3804187889496785,0.3323476671607384
1774368232.1485305,base,148420127,1774368232,0.01273728424318286,0.937505900209042,0.34771418528896725,0.003910755959132409,-0.21656126915409332,0.3804104574281572,0.3322506642683586
1774368232.1494398,base,149337478,1774368232,0.012819532423166939,0.9374987109237954,0.34773015610070174,0.003945268413529846,-0.21657543438120502,0.38040435238518394,0.3321717902638488
1774368232.1504197,base,150305032,1774368232,0.01291116358371931,0.9374912682840779,0.34774639927676537,0.003983156545993559,-0.21658763639184483,0.3803964672913454,0.3320856708603811
1774368232.1513927,base,151312152,1774368232,0.01294147415638278,0.9374889677581594,0.34775133236808975,0.003995549351324734,-0.21659186808931657,0.38039404570781854,0.3320570291811749
1774368232.1524534,base,152336770,1774368232,0.013014225772406747,0.9374833063744137,0.3477635387456289,0.004025085832566247,-0.21660191239256538,0.38038752197136644,0.3319880575942492
1774368232.1533296,base,153256531,1774368232,0.013110357727270167,0.9374743090946727,0.3477836970341636,0.004066741321773442,-0.21661874124726244,0.3803794317870334,0.331897019776156
1774368232.1544118,base,154306517,1774368232,0.013188340495119272,0.9374685561687681,0.3477958862974731,0.0040982123401939186,-0.21663060522185082,0.38037293085489904,0.3318233110960426
1774368232.1553423,base,155257422,1774368232,0.013273694354881724,0.9374610925505964,0.3478123283986772,0.004134393051699398,-0.21664242527083846,0.38036606203146855,0.3317425611511523
1774368232.1565044,base,156401130,1774368232,0.013301882169924872,0.9374587060081137,0.3478175411759798,0.004146385248161313,-0.21664656587174044,0.3803636558123242,0.33171587617913445
1774368232.1573682,base,157305290,1774368232,0.013367625914693176,0.9374531190602697,0.34782974279989587,0.004174465874219659,-0.21665750883178492,0.3803596809978478,0.33165421680506774
1774368232.158689,base,158397934,1774368232,0.013460543008233237,0.9374464251547798,0.34784374591906947,0.004212145704660597,-0.2166698332358488,0.38035132975125613,0.33156676185649026
1774368232.1593974,base,159289918,1774368232,0.013534864155291183,0.9374394178668078,0.34785938633155883,0.004241771194863052,-0.21668454367642792,0.3803444055458463,0.33149759193432676
1774368232.160502,base,160349040,1774368232,0.0136180834551573,0.9374322289668068,0.34787509042221576,0.004276138569768071,-0.21669880353790272,0.3803359151997638,0.3314189450899207
1774368232.1613688,base,161288933,1774368232,0.013645560166478075,0.9374299240190778,0.3478800861659906,0.0042874106955221505,-0.21670312838307662,0.38033346107543975,0.331393171763169
1774368232.1624684,base,162361987,1774368232,0.013713557644719548,0.9374246827861585,0.34789119616129066,0.0043148665635600126,-0.21671015446078265,0.3803275103247362,0.3313309579842456
1774368232.1633694,base,163294046,1774368232,0.013794700714426584,0.9374169138605748,0.3479084798576152,0.004350342915036433,-0.2167261648169088,0.38032110249052087,0.33125371088515193
1774368232.164447,base,164347326,1774368232,0.013869735932204596,0.9374099337012298,0.34792390033798654,0.004382487539007599,-0.21673802290689623,0.38031555351304497,0.33118443826506094
1774368232.1653566,base,165291522,1774368232,0.01395153220851828,0.9374024899269836,0.34794025667979944,0.004416379662280361,-0.21675238985899598,0.3803076023351296,0.33110821418154784
1774368232.1664493,base,166348879,1774368232,0.01397812546531126,0.9373999711403707,0.34794583024385684,0.004427790693028001,-0.21675710128832681,0.38030490909531106,0.331083549454702
1774368232.1674745,base,167381639,1774368232,0.014040208479284015,0.9373949964477278,0.3479563943431763,0.004454303123783787,-0.21676591669392606,0.38029963185419036,0.3310260945849053
1774368232.1684747,base,168393072,1774368232,0.014120384632493954,0.9373873686510213,0.34797326388360916,0.004488145890304012,-0.21678088393438477,0.3802917092344752,0.3309511640215434
1774368232.169393,base,169329775,1774368232,0.014191428634044153,0.9373794062407753,0.34799145295979156,0.00451672181449426,-0.21679424839831005,0.3802828078065869,0.3308854600353146
1774368232.17052,base,170463079,1774368232,0.01426462950099794,0.9373736976399374,0.3480034173067826,0.004548940627430048,-0.21680562603430226,0.38027784608671783,0.33081673711502785
1774368232.1714685,base,171388185,1774368232,0.014289706864722229,0.9373711477649086,0.34800911364022274,0.004559872691707095,-0.21681021278074383,0.3802753475017634,0.33079349229925015
1774368232.172535,base,172473308,1774368232,0.014346958066578767,0.9373624342041601,0.34802991175521397,0.004583913256753744,-0.21682395172787203,0.3802655701091482,0.3307395108108924
1774368232.173443,base,173371933,1774368232,0.0144238987446018,0.93735612563148,0.34804329524936173,0.004616223360305933,-0.2168380293489405,0.38025953994219086,0.3306680450424937
1774368232.1743746,base,174309209,1774368232,0.014485342723210644,0.9373499850976659,0.34805691382876147,0.0046438151982070115,-0.2168504406010808,0.3802551166816046,0.3306104951820318
1774368232.1754587,base,175382169,1774368232,0.014557026532402177,0.937342190807645,0.3480744994815757,0.004674732196592292,-0.21686496569545782,0.3802470755264643,0.3305427048282048
1774368232.1765509,base,176487814,1774368232,0.014580494823402413,0.9373398774841022,0.3480796112609157,0.004684813042463857,-0.21686929904510185,0.3802446444229601,0.3305205936956351
1774368232.1773891,base,177323178,1774368232,0.014634768020517904,0.937334329232897,0.3480919591000185,0.004708164866685658,-0.21688002748782373,0.38023813365265224,0.33047048035085363
1774368232.1784503,base,178399353,1774368232,0.014708414910722785,0.9373277471715475,0.3481061803474863,0.004737522243635027,-0.21689451731614262,0.3802308925899236,0.3304029614425042
1774368232.1794574,base,179381074,1774368232,0.014770382148529142,0.9373204144308701,0.3481229439055913,0.004763657085996992,-0.216905366752891,0.38022368690916203,0.33034595687337476
1774368232.1805387,base,180477234,1774368232,0.014837063581006268,0.9373140067740058,0.3481369673292375,0.004792309292372011,-0.21691834795132456,0.38021522854507755,0.3302839712947857
1774368232.1814616,base,181386428,1774368232,0.014858857707761656,0.9373116347498333,0.34814229658951934,0.004801565951937038,-0.21692266834833104,0.3802123715500474,0.33026381996631793
1774368232.1824698,base,182410382,1774368232,0.014906063961653324,0.9373047332899515,0.3481585484581442,0.0048240382401274285,-0.2169355594263537,0.38020675986071684,0.33021862032565413
1774368232.1834626,base,183385223,1774368232,0.01497891790533808,0.9372978265215561,0.34817360750676346,0.004853395932550697,-0.2169498096066379,0.38019642399768055,0.33015116646098724
1774368232.1845286,base,184475781,1774368232,0.015034384666358667,0.9372906882949105,0.3481900826859411,0.004878445706819039,-0.21696016597363804,0.3801893152272077,0.33009976967291693
1774368232.1853998,base,185333377,1774368232,0.015095617187440244,0.9372832391499745,0.34820713615184634,0.004903293096650208,-0.2169740528134521,0.38018142109465897,0.33004357855576893
1774368232.186462,base,186402243,1774368232,0.015116369783232587,0.9372809131446895,0.3482123765549147,0.004911825853161578,-0.21697857293057912,0.3801787186084292,0.330024793225045
1774368232.187449,base,187381965,1774368232,0.015165308250261808,0.9372756736263962,0.34822404393694795,0.0049335867336437475,-0.21698728450201973,0.3801726333226826,0.32997945683127267
1774368232.1884363,base,188382796,1774368232,0.015225342783435425,0.9372675517140637,0.34824290550111897,0.004960263016245507,-0.21700486178797,0.38016507105948244,0.3299222809212584
1774368232.1893888,base,189332040,1774368232,0.01527847681306816,0.9372606729600943,0.3482587560153637,0.004983766376445922,-0.21701607747462523,0.380156921887149,0.3298733587071994
1774368232.190352,base,190297727,1774368232,0.015340778051496131,0.9372550516577248,0.3482708071205826,0.005007352436986445,-0.2170271788322511,0.3801481254215448,0.3298170112331493
1774368232.1914334,base,191360400,1774368232,0.015360284846093659,0.9372529771049629,0.3482754140597321,0.005015428082706656,-0.21703149739465055,0.3801454169203872,0.32979908098646576
1774368232.1924663,base,192398602,1774368232,0.015401992857720948,0.9372472408822375,0.3482887320601155,0.005034599745843199,-0.21704459296143616,0.38013970191854296,0.32976028191664686
1774368232.1935332,base,193413052,1774368232,0.015460304465022915,0.9372409474307979,0.3483027094189425,0.005060440325982035,-0.21705556279405097,0.3801325488562087,0.3297056324269016
1774368232.1943748,base,194295884,1774368232,0.015509727168146858,0.9372321046363288,0.3483239885372634,0.005082264418511255,-0.2170699639023107,0.3801227396875298,0.3296592386210601
1774368232.1954634,base,195376474,1774368232,0.015562185452135427,0.9372257577891783,0.34833839823990537,0.005104667678811923,-0.21708161420772584,0.3801156795939583,0.3296106444190962
1774368232.1965604,base,196491163,1774368232,0.015578864629832075,0.9372235924904311,0.3483433687749903,0.005112150884590107,-0.2170860833847958,0.3801133050060175,0.32959502676520946
1774368232.197345,base,197276207,1774368232,0.015621695996283495,0.9372179861475304,0.3483562650131108,0.0051304660492531625,-0.21709694934381532,0.38010688081354227,0.3295567333141283
1774368232.1984398,base,198366179,1774368232,0.01567291094538855,0.9372106162184842,0.3483734151742206,0.005155997451230647,-0.21711234916958563,0.3800985595958312,0.3295079545399503
1774368232.1994653,base,199391272,1774368232,0.015720596899983712,0.9372046561992967,0.34838700033906467,0.0051762173655106585,-0.21712333295830108,0.38009150224323573,0.3294636246864252
1774368232.200469,base,200404561,1774368232,0.015763596436478483,0.937197939115566,0.34840284272478517,0.005195298471904605,-0.2171361691066693,0.38008613600810076,0.3294233674473358
1774368232.2013342,base,201244949,1774368232,0.01578009144146817,0.9371957600817954,0.3484078501888285,0.0052024922492446115,-0.21714033057170795,0.3800836470097213,0.3294080556832638
1774368232.2024784,base,202403917,1774368232,0.0158191520185941,0.9371899262312954,0.3484215128190169,0.005219770579201102,-0.21715019641150476,0.3800758217865051,0.32937125649397914
1774368232.2034945,base,203417098,1774368232,0.01586945172373227,0.9371824467746891,0.3484389815984329,0.005243859460562335,-0.21716485966674506,0.38006806577297214,0.32932510196207765
1774368232.2045455,base,204462086,1774368232,0.015910122313222145,0.9371765314473781,0.3484527618595447,0.005262096986481964,-0.21717583470573454,0.3800618942609389,0.3292863281077694
1774368232.2053645,base,205292046,1774368232,0.015954420804994266,0.937170440240542,0.3484668392617992,0.005280561619497813,-0.2171885985660575,0.3800533972533515,0.32924547704273927
1774368232.2063746,base,206303564,1774368232,0.015969284178618457,0.9371682901093965,0.3484718443365728,0.005286934926774533,-0.2171929611982317,0.3800508035092456,0.32923164669595806
1774368232.2074652,base,207391612,1774368232,0.016003021797370506,0.9371626826708661,0.3484851436577146,0.005302278035006364,-0.21720308846790756,0.3800449788558303,0.32919969011695355
1774368232.2084513,base,208355022,1774368232,0.016047284936567867,0.9371566862490025,0.34849890939268424,0.0053235530487611695,-0.21721724495770545,0.3800388484571392,0.32915777280179254
1774368232.2094252,base,209346948,1774368232,0.016079182212814444,0.9371498575083512,0.3485155445166149,0.005340384043447254,-0.21722968187789618,0.38003411828409583,0.32912687011042263
1774368232.2104263,base,210352939,1774368232,0.016119278425530726,0.9371419899646806,0.3485345556606647,0.0053593860191035155,-0.2172447359692899,0.3800261921023289,0.3290894575487981
1774368232.2114787,base,211389918,1774368232,0.016132434905056413,0.937139813742516,0.34853970454261074,0.005365482273393592,-0.2172489627561481,0.3800237427529258,0.32907720782447564
1774368232.212558,base,212476690,1774368232,0.016161682856494587,0.9371360069391689,0.34854838956829143,0.005378162763121352,-0.21725766384602832,0.3800191848359344,0.32905011426530734
1774368232.213489,base,213393624,1774368232,0.016200874075636588,0.9371276265436402,0.3485687994749838,0.005397710666329027,-0.21727457031869432,0.38000952576358754,0.32901257361301256
1774368232.214487,base,214402205,1774368232,0.016233599731542436,0.9371231817296203,0.3485789965211971,0.005412549213112972,-0.21728268439360335,0.38000560348090373,0.3289831507920633
1774368232.2155943,base,215405470,1774368232,0.01626820434249768,0.9371176149566668,0.3485920875111044,0.005429345268977338,-0.21729474826227263,0.3799981812982149,0.3289485909902567
1774368232.2165637,base,216472259,1774368232,0.0162791618501098,0.9371154367961012,0.3485973472107092,0.005434751656400377,-0.21729911779358552,0.3799957869108925,0.32893804722290887
1774368232.2174742,base,217382277,1774368232,0.016299965013120414,0.9371079561235941,0.3486163013104322,0.005446482448808685,-0.21731400316121577,0.37999006131553903,0.3289168361068769
1774368232.2184784,base,218394600,1774368232,0.016331946392924172,0.9371022674708788,0.34862984684292914,0.00546239125586272,-0.21732638514962435,0.37998458001427154,0.3288864551705832
1774368232.219392,base,219304250,1774368232,0.016362236512482427,0.9370971146766661,0.348642055045141,0.005476525803622949,-0.21733828717468953,0.3799785364209088,0.32885837688480146
1774368232.2205665,base,220474877,1774368232,0.016393352263545432,0.9370898045713313,0.34866000223138194,0.005491722320011716,-0.21735081833566272,0.37997027893785074,0.3288280839794869
1774368232.2214766,base,221361005,1774368232,0.016402770407071884,0.9370876909957806,0.34866516387481006,0.0054965450349557035,-0.2173552051437405,0.379967899003018,0.32881883604756407
1774368232.222444,base,222362635,1774368232,0.01642403181878711,0.937082907044362,0.34867683924980314,0.005508019142111799,-0.21736599070033116,0.3799630918992671,0.32879862769549417
1774368232.2234423,base,223352418,1774368232,0.01645240696756169,0.9370760611462534,0.3486936328943595,0.005524881042205176,-0.21737859139486312,0.379957399215506,0.32877175589314156
1774368232.2244966,base,224417389,1774368232,0.016472086208838672,0.9370701708513912,0.3487083629390941,0.005535602298778487,-0.21739284987789464,0.3799516182938436,0.32875230380061454
1774368232.225384,base,225294400,1774368232,0.01649888398644554,0.9370644179954883,0.34872232424404787,0.005550128629830977,-0.21740436647443964,0.3799443453499242,0.32872721424453843
1774368232.2264054,base,226326235,1774368232,0.016507474614950488,0.9370623252209929,0.34872747089279693,0.005554545703876368,-0.2174085269036596,0.3799419174204786,0.3287193925825098
1774368232.2273488,base,227261429,1774368232,0.016526183852360415,0.9370571459513699,0.3487403707150855,0.005562760309046385,-0.21741862482640786,0.3799357843579589,0.32870106192518844
1774368232.2284193,base,228332151,1774368232,0.01654832906173125,0.9370503382843013,0.34875740149414486,0.005575951003460943,-0.2174330852794397,0.3799297195369244,0.32867874954925835
1774368232.229412,base,229332610,1774368232,0.01656602823737959,0.9370464769647318,0.3487667740200245,0.005586059083822764,-0.21744313468133605,0.3799255436091255,0.32866060001929537
1774368232.2304268,base,230345295,1774368232,0.016591011530450162,0.9370396746512843,0.3487836824248426,0.005597261828631338,-0.21745578637329133,0.3799160301491987,0.32863777607389094
1774368232.2314215,base,231314055,1774368232,0.016598428784177607,0.9370375136856596,0.34878907283248645,0.005601140986312671,-0.21745977438349834,0.3799137055354172,0.32863099654403916
1774368232.2324579,base,232334564,1774368232,0.016612669312334377,0.9370334968584344,0.34879903909972154,0.005610285793461501,-0.2174688261224219,0.37991063976140405,0.32861598223067856
1774368232.23333,base,233239300,1774368232,0.016628507673310346,0.9370274409625444,0.3488143753574264,0.005621312991851262,-0.21748019461427434,0.3799060111427757,0.32860161768234064
1774368232.2343805,base,234277131,1774368232,0.016645486972110428,0.9370225589465112,0.3488265443473075,0.005629720020487036,-0.21749185980667185,0.37989960476671464,0.3285846175127856
1774368232.2353964,base,235282448,1774368232,0.016664535752230543,0.9370176052504774,0.34883875858164826,0.005641029164775427,-0.21750130153471992,0.3798921243513453,0.3285678496465855
1774368232.2363896,base,236301421,1774368232,0.01667033304980374,0.9370154865344684,0.34884411441832935,0.0056446280899323025,-0.21750539371107286,0.3798896603236366,0.3285625788236488
1774368232.2373447,base,237248610,1774368232,0.01667752588570852,0.9370099783728125,0.34885849626143345,0.005648906648601899,-0.21751772490008622,0.3798860661383252,0.3285547155439644
1774368232.2383914,base,238304980,1774368232,0.0166957987808511,0.93700477932965,0.3488714020264291,0.005660270715870348,-0.21752823552385026,0.37987978082383905,0.32853855457165526
1774368232.2393932,base,239285131,1774368232,0.01670582223717905,0.9370007225575046,0.3488817221151783,0.005666163079322457,-0.21753913296249217,0.37987431329185745,0.32852761984943896
1774368232.2404373,base,240350162,1774368232,0.016721906618286084,0.9369952886288189,0.3488953922927427,0.005675576035869349,-0.2175497745970706,0.37986679630918974,0.3285126425420023
1774368232.2414725,base,241380787,1774368232,0.01672617560387,0.9369936338216204,0.3488995897275437,0.00567816126711544,-0.21755333025295234,0.3798648682944292,0.32850847925232896
1774368232.2424922,base,242403259,1774368232,0.016730936292318956,0.9369876949134069,0.34891521194123637,0.005684208620799049,-0.21756580630336875,0.3798595984305704,0.328502798048243
1774368232.243432,base,243341684,1774368232,0.01674084468467476,0.9369807699137738,0.3489332071658043,0.005691912509982001,-0.21757817114506472,0.37985402851432676,0.3284938832237749
1774368232.2445102,base,244395187,1774368232,0.016748699780280898,0.9369765753555902,0.34894399933856934,0.005697685160180022,-0.21758839955304002,0.3798477136844316,0.3284859822893287
1774368232.2454023,base,245323550,1774368232,0.016754302124097502,0.9369722721350653,0.34895520209474196,0.005702766118781679,-0.21759977601907265,0.37984341443462327,0.3284803477518097
1774368232.2465026,base,246364020,1774368232,0.016756730652958348,0.9369706059820527,0.3489595262032448,0.005704785311998547,-0.21760368351076276,0.37984168587808775,0.32847793957838944
1774368232.2474144,base,247302172,1774368232,0.016763063917185968,0.9369657775480067,0.34897210055139444,0.005710028784082492,-0.2176122742525828,0.3798370094271693,0.328471387273242
1774368232.2485414,base,248336705,1774368232,0.016767448099160098,0.9369604437081259,0.34898612495888,0.005715259985243159,-0.21762477998904567,0.3798313282856686,0.32846709215169406
1774368232.2493832,base,249286585,1774368232,0.016771073499310247,0.9369547016786461,0.3490012433393876,0.005722782847662102,-0.21763832528102053,0.3798240865741492,0.32846217977208575
1774368232.2506008,base,250409912,1774368232,0.016770304107088803,0.9369513868460136,0.3490101626384422,0.005723806650791971,-0.21764699386303146,0.3798225462641004,0.32846266797793344
1774368232.2513907,base,251298886,1774368232,0.016771111964710664,0.936949832087449,0.34901427760365117,0.005725031316059675,-0.21765074704075868,0.37982078190066054,0.328461784588339
1774368232.2524981,base,252357981,1774368232,0.016776869838875563,0.9369453097199424,0.34902605812281534,0.005730094541963538,-0.21766187557629363,0.37981384466246026,0.3284560702874096
1774368232.2534287,base,253292690,1774368232,0.016772284900916385,0.9369368479277911,0.3490489230415566,0.005734350692744591,-0.21767753522695543,0.379808844069208,0.3284584273681972
1774368232.254566,base,254368630,1774368232,0.016771218979733233,0.9369317163276767,0.3490626861226233,0.005738145176521396,-0.2176913225063834,0.37980160555258186,0.32845836663071404
1774368232.255466,base,255334958,1774368232,0.016777281501668184,0.9369271968194434,0.34907442808282363,0.005744070344579077,-0.21769933817722917,0.3797946462143079,0.32845356279544874
1774368232.256543,base,256403984,1774368232,0.016777731422527874,0.9369252115365876,0.3490797123502204,0.00574544523265693,-0.217703300628624,0.3797923567079991,0.32845329585501326
1774368232.257389,base,257240625,1774368232,0.01677143370766948,0.9369204811914127,0.3490926978394785,0.005746237951523782,-0.21771369327285833,0.37978913516389146,0.32845781007301733
1774368232.258549,base,258301690,1774368232,0.0167666607854051,0.9369150164984197,0.3491075262424159,0.005750310145900805,-0.2177271881657644,0.37978356970762556,0.3284595182419344
1774368232.2594588,base,259314924,1774368232,0.01675644429003481,0.9369104535600651,0.34912024103261263,0.005751598556797963,-0.2177409522407984,0.37978132322097014,0.3284678616985627
1774368232.260494,base,260360218,1774368232,0.016756356447481153,0.936905191410259,0.349134311042909,0.005754970000295108,-0.21775000106622655,0.37977463414918927,0.3284679394426876
1774368232.2614608,base,261323276,1774368232,0.016755087700645176,0.9369031322720759,0.3491398806041403,0.005756000924552257,-0.21775436463919817,0.37977269530388574,0.3284688485262257
1774368232.2625551,base,262366423,1774368232,0.016745923721520645,0.9368995265995927,0.34915001303382576,0.0057549539225988855,-0.21776785494603537,0.3797694842791078,0.3284757330631088
1774368232.263462,base,263310854,1774368232,0.01673688130629159,0.9368931596384671,0.3491674960876956,0.005757074138668618,-0.2177808248883305,0.37976393303417333,0.32848360757129597
1774368232.264481,base,264355203,1774368232,0.016730189562045923,0.9368896823733894,0.3491771465890667,0.005757092966498973,-0.2177917680961318,0.3797595227633682,0.32849070389668006
1774368232.2654228,base,265283823,1774368232,0.01671897403567341,0.9368841807754101,0.3491924343732952,0.005757733619653533,-0.21780628249790848,0.3797554119149976,0.32849925014391296
1774368232.2664454,base,266366606,1774368232,0.01671653268313355,0.9368826370666353,0.34919668457204717,0.005758244698785286,-0.21781031650587618,0.37975422430363653,0.3285010326598243
1774368232.267477,base,267342419,1774368232,0.016712102642552365,0.9368791968258177,0.3492061154253511,0.005758917416668471,-0.2178186955442951,0.37974921082081575,0.3285046782759527
1774368232.2683997,base,268282959,1774368232,0.016698895383246055,0.9368715444026828,0.34922726522988834,0.005759635540957052,-0.21783438933186125,0.37974428968261126,0.328516353357614
1774368232.2700033,base,269244043,1774368232,0.01668807870795794,0.9368681233919764,0.3492369379171878,0.005760954370561873,-0.21784396778907741,0.3797423566005752,0.32852481137701617
1774368232.2704062,base,270234150,1774368232,0.016672860575428213,0.9368631199924622,0.34925110048729235,0.005760115158301825,-0.21785796769402738,0.37973862213250376,0.32853767990637156
1774368232.271396,base,271303671,1774368232,0.016669777239231277,0.9368614627727945,0.3492556911463471,0.0057602343617008936,-0.2178620568365028,0.3797373840914533,0.3285403005290214
1774368232.2724676,base,272344135,1774368232,0.016661580534315698,0.936858768645104,0.3492633220419379,0.0057594464237062356,-0.21787082075172562,0.3797346097695661,0.32854713703942423
1774368232.2734892,base,273361027,1774368232,0.016641190339294835,0.9368516201635337,0.34928349132428316,0.005758061251199369,-0.2178881112901311,0.3797307012362291,0.32856413749518537
1774368232.2746158,base,274400254,1774368232,0.01662803327486601,0.9368491055481796,0.34929086157113115,0.005758121732184348,-0.21789792524442242,0.3797290563966442,0.32857467956934455
1774368232.2754452,base,275333662,1774368232,0.01661423867044544,0.9368440655777929,0.3493050545453793,0.005756972652635551,-0.21791090669710636,0.3797246143774583,0.32858664070511856
1774368232.276506,base,276368771,1774368232,0.01660983576379482,0.9368423765305116,0.3493097943402403,0.005756949760243599,-0.21791530918566482,0.3797233503819951,0.328590393033404
1774368232.277441,base,277360891,1774368232,0.016592646483087812,0.9368386766016922,0.3493205741943594,0.005754524341809328,-0.21792656625669218,0.37972170231123314,0.32860463695229847
1774368232.2783945,base,278277488,1774368232,0.016575948341891838,0.9368324061794931,0.34933819033957936,0.005754080185035686,-0.21794128572707996,0.37971820641496423,0.3286189666957378
1774368232.279462,base,279283410,1774368232,0.016557475696792695,0.9368271779353441,0.3493531017274817,0.0057531724845628655,-0.2179544635730009,0.3797156891771083,0.3286337702594592
1774368232.2805512,base,280398339,1774368232,0.016535996771389023,0.9368234674850683,0.3493641134124477,0.005750464291185638,-0.21796787130880507,0.37971455031650864,0.3286516016361074
1774368232.2814302,base,281331037,1774368232,0.016529980573295362,0.9368219753917479,0.34936840755866094,0.005749953502006444,-0.21797221876101205,0.3797134328430681,0.3286567049261802
1774368232.28252,base,282394793,1774368232,0.01651668501962345,0.9368186349147358,0.3493779862275991,0.005750402768583496,-0.21798071937813326,0.3797127973192808,0.32866902258714453
1774368232.2833886,base,283296537,1774368232,0.016494648069065507,0.9368132190066168,0.34939361366887817,0.005746477785645225,-0.2179941955932961,0.3797089974457907,0.32868779399523806
1774368232.2845535,base,284432096,1774368232,0.016475114695349208,0.9368084180865596,0.3494074195198749,0.005745744720653961,-0.2180093415122702,0.37970509015546616,0.32870407413299196
1774368232.285399,base,285335632,1774368232,0.016457092193294495,0.9368028138754623,0.3494233200652704,0.0057441645276781654,-0.21802391114731895,0.37970166817458834,0.3287202195324941
1774368232.286526,base,286383916,1774368232,0.016449386088138656,0.9368008508952919,0.34942896531666995,0.0057429658628612035,-0.2180291517852001,0.3797006342359352,0.32872697646438326
1774368232.2873712,base,287296883,1774368232,0.016427711098749315,0.9367977317563078,0.3494384023607849,0.005739602759338812,-0.21803893944544708,0.37970361421350596,0.3287459884042806
1774368232.2883937,base,288283688,1774368232,0.016406111457199085,0.9367917646566509,0.34945547262507004,0.005736011743436071,-0.21805581072880006,0.37969748554876714,0.3287650816027219
1774368232.2893631,base,289287859,1774368232,0.016386736936515916,0.9367892362098942,0.34946318522902237,0.00573445232279213,-0.21806608973640626,0.37969658289151736,0.3287821325636317
1774368232.2905002,base,290383234,1774368232,0.01636044746620551,0.9367828576386845,0.3494815639972866,0.005731476163796332,-0.21808253684733242,0.37969497659464085,0.3288036162064473
1774368232.2913797,base,291290521,1774368232,0.016351255452461563,0.9367813438603393,0.349486072419503,0.005730220339131237,-0.21808727749157517,0.379694830356963,0.3288112758332303
1774368232.2925496,base,292312408,1774368232,0.01633100094021429,0.9367784173553702,0.349494920548486,0.005726752680717296,-0.2180973335225883,0.37969331911635174,0.3288298277001996
1774368232.293404,base,293295492,1774368232,0.016301836416267496,0.9367727347901631,0.34951158615614103,0.005722292008821966,-0.21811285388641047,0.3796918885727166,0.32885542236306686
1774368232.294487,base,294368121,1774368232,0.01627620189536448,0.9367705209310285,0.34951879074965686,0.005717628823958118,-0.21812334146737175,0.37969325607315,0.32887803485329403
1774368232.2954514,base,295307706,1774368232,0.016253301788656013,0.9367655616930796,0.3495331985688497,0.005714517043918346,-0.21813649472382465,0.3796912707951614,0.3288984128425943
1774368232.296512,base,296318973,1774368232,0.016244607152307647,0.9367639865291161,0.349537846531152,0.005713153499607674,-0.21814087905374088,0.3796911510143396,0.3289060573751536
1774368232.2974186,base,297310585,1774368232,0.016221194237948718,0.9367605403451973,0.3495482427150937,0.005708670988835817,-0.21815138743554513,0.3796908842203799,0.3289270450327688
1774368232.298448,base,298303991,1774368232,0.016189482052124164,0.9367564870404028,0.3495606643592711,0.005703208861032565,-0.21816692885904812,0.3796906673871974,0.3289550073726498
1774368232.2994428,base,299309483,1774368232,0.01616217663409797,0.9367527603192622,0.3495719886527631,0.005698669146694951,-0.21817905379901337,0.3796914593111735,0.3289787782972594
1774368232.3005292,base,300375001,1774368232,0.01612985788675242,0.9367479251446729,0.34958652866265755,0.005693101026363719,-0.21819407325817727,0.37969250788378756,0.3290067031022896
1774368232.3014657,base,301317684,1774368232,0.01612064700949293,0.9367466645246816,0.3495903582392632,0.005691455703292768,-0.21819822518572207,0.3796925374119631,0.3290148356612644
1774368232.3024747,base,302314912,1774368232,0.01609439266736557,0.9367432780467659,0.3496007166450456,0.005686869098055314,-0.2182081705540188,0.3796934999042242,0.3290377133695123
1774368232.3034348,base,303307556,1774368232,0.016065277997381777,0.9367389518705869,0.34961373188763634,0.005681669372746153,-0.218222422199965,0.3796913847118506,0.3290631797649627
1774368232.3044746,base,304299226,1774368232,0.016030200313402042,0.936734685132797,0.34962686929026277,0.005675792223240065,-0.21823758351238798,0.37969514540158633,0.32909402096712087
1774368232.305439,base,305302732,1774368232,0.01599590458837447,0.9367323155418409,0.3496349045509833,0.005668648484919166,-0.21824963159031924,0.3796968562568915,0.3291238909989366
1774368232.3064435,base,306322010,1774368232,0.0159852689371209,0.9367309790108105,0.349639002754351,0.00566673551520873,-0.21825397439437894,0.3796969194811068,0.32913328536505826
1774368232.3074327,base,307307110,1774368232,0.015954185416457503,0.9367265203020304,0.34965249391941633,0.005658942169659288,-0.21826612639280202,0.37969779082439586,0.3291605932384415
1774368232.308422,base,308254213,1774368232,0.015916869034855438,0.9367217244932582,0.3496671496209303,0.005652310897122124,-0.2182825157346302,0.37969680483095697,0.32919217769723674
1774368232.3094058,base,309275852,1774368232,0.015881005879477553,0.9367187613720434,0.34967684687017137,0.005644334222528408,-0.21829613546748686,0.3797004893061768,0.3292236961346198
1774368232.3105817,base,310394594,1774368232,0.01584540838364131,0.9367142771941755,0.34969059385699086,0.005636887589259266,-0.21831062487916536,0.3797006725508696,0.3292557341181541
1774368232.311424,base,311307351,1774368232,0.015832931971701245,0.9367129073457188,0.3496948685233588,0.005634394869131947,-0.21831558667490794,0.3797010063257276,0.3292667533564142
1774368232.312563,base,312391181,1774368232,0.015803160689197192,0.9367112881974519,0.3497006539192948,0.005628083521003446,-0.21832436741139036,0.3797047161705212,0.3292929045682966
1774368232.3133848,base,313307351,1774368232,0.015762608491885353,0.9367067572602744,0.349714734716465,0.005620978443788755,-0.2183415866896001,0.37970602499312106,0.32932782227823637
1774368232.3144221,base,314316648,1774368232,0.015721355936140047,0.9367029095369316,0.3497270622909721,0.005610715988435909,-0.218355605031731,0.3797093040582736,0.32936382729041236
1774368232.315347,base,315243534,1774368232,0.01568266206905171,0.9366998837610893,0.3497370382994883,0.005602313262588975,-0.21836746222213965,0.37971092946831514,0.3293981242624878
1774368232.3164086,base,316280161,1774368232,0.015669057095336086,0.9366985602136678,0.3497412356843432,0.005599643325572442,-0.21837207153267418,0.3797115842369191,0.3294101337775287
1774368232.3174222,base,317346962,1774368232,0.015635786265655274,0.9366956200384469,0.3497507078405087,0.005592848443097481,-0.21838341972087827,0.3797149615231842,0.3294401353634673
1774368232.3183975,base,318287264,1774368232,0.015589923587356341,0.9366928824044943,0.3497602596150336,0.005582036306292529,-0.21839975012694116,0.3797185769785455,0.32947967209213636
1774368232.3194146,base,319340222,1774368232,0.015549299363478698,0.9366897774497382,0.3497705271530425,0.0055730104564347,-0.21841359374442762,0.37972276522050263,0.3295154385600368
1774368232.3204727,base,320364334,1774368232,0.015505610824272596,0.9366852690752249,0.34978468334512725,0.005563993852335676,-0.21842683654623873,0.3797254630763697,0.3295540897347847
1774368232.3213747,base,321300007,1774368232,0.015490679252433255,0.9366841820337467,0.3497883041014054,0.005560961961008416,-0.21843129120943913,0.3797270875520981,0.3295672789826388
1774368232.3224332,base,322322029,1774368232,0.015455108168456874,0.9366807697890864,0.3497991296330823,0.005553741690426857,-0.2184444849282535,0.37973062919078115,0.3295976680139593
1774368232.3233838,base,323299065,1774368232,0.015405799522117911,0.9366777640321158,0.3498095392469671,0.005542017746725107,-0.21845896944505713,0.37973376143074444,0.3296415879881067
1774368232.324443,base,324314703,1774368232,0.01536251082805464,0.936673547359511,0.34982289081663265,0.005532088096026884,-0.2184731253162921,0.3797368887205894,0.32968004704656156
1774368232.3253279,base,325240265,1774368232,0.015315549975122184,0.9366706529082137,0.3498328914057227,0.005519963783558439,-0.21848679313914765,0.3797422260867569,0.3297221038577606
1774368232.3264072,base,326261105,1774368232,0.015299931849621062,0.9366696548540691,0.3498363113536707,0.005515887907998265,-0.2184912304686352,0.37974381161175785,0.32973609926249925
1774368232.3274133,base,327344927,1774368232,0.01526057201090952,0.9366663558034946,0.34984696319303904,0.005509554638035353,-0.21850487902266552,0.379747251989352,0.32977068067120346
1774368232.3284485,base,328322859,1774368232,0.015208095919063329,0.9366633822276406,0.3498573998100644,0.005497454914253551,-0.21852159394686613,0.37975127779825796,0.32981633777896746
1774368232.3294363,base,329318724,1774368232,0.015159503494169306,0.9366595646332927,0.3498699074206024,0.00548610210257698,-0.21853573511740843,0.37975596910967635,0.3298590459900411
1774368232.330453,base,330346851,1774368232,0.015113953195330319,0.9366574236915535,0.3498777834081928,0.005475010473113104,-0.21854607051494354,0.379760789139885,0.32989939011531144
1774368232.3314183,base,331304559,1774368232,0.015097931005530533,0.9366566298687791,0.34988065868099527,0.005471278019452989,-0.2185505048030452,0.37976249949264523,0.32991363908426413
1774368232.332449,base,332349266,1774368232,0.015051434501067032,0.9366530836523138,0.3498923228468413,0.0054605509716003035,-0.21856519120539308,0.3797687560296805,0.3299544540017809
1774368232.3334348,base,333308856,1774368232,0.015000523182546152,0.9366506059432806,0.34990133756762687,0.005447995844422087,-0.21857906744119893,0.3797711770002461,0.3300001682178111
1774368232.3344736,base,334276237,1774368232,0.014954489225034404,0.936647413684165,0.3499120352797269,0.005436290755845491,-0.21859131416710334,0.37977614278077176,0.3300404910241164
1774368232.3354836,base,335364538,1774368232,0.014897710869893154,0.9366435689014334,0.3499249468493976,0.005423524579923828,-0.21860872700718567,0.37978350443819336,0.3300901251460868
1774368232.3364308,base,336319148,1774368232,0.014879983225463704,0.936642642933346,0.3499282456143947,0.005419267411594963,-0.21861348648763207,0.37978562017049045,0.33010557158276116
1774368232.337437,base,337318212,1774368232,0.01483586477118306,0.9366423780206717,0.3499310108204201,0.005407446575905398,-0.2186226082137911,0.3797935601087009,0.3301450432312681
1774368232.3383925,base,338294238,1774368232,0.01477379879240131,0.9366396049869212,0.3499412875179349,0.0053926365977734194,-0.21863769176620884,0.3797991080040981,0.33019928174739704
1774368232.3394089,base,339302666,1774368232,0.014723655166507936,0.9366361730777953,0.3499527796297095,0.005380082727985228,-0.21865052868226442,0.3798056291359514,0.33024401059498254
1774368232.3404412,base,340341870,1774368232,0.01466778200118034,0.9366344995630264,0.34995981277998794,0.00536654809730053,-0.21866617802390118,0.3798124948847382,0.330292685160888
1774368232.341512,base,341399497,1774368232,0.014648904895483619,0.9366336127768873,0.34996304657287863,0.005361999189500562,-0.21867126491184807,0.37981459838290665,0.33030913425453773
1774368232.3424683,base,342366046,1774368232,0.014601712970033794,0.9366300889016108,0.3499746249211439,0.005350556401537191,-0.2186832868495092,0.37982018320106886,0.33035062974807866
1774368232.3435323,base,343411073,1774368232,0.014537124638365935,0.9366285146944948,0.3499817826965996,0.005333783736090442,-0.21869709391242037,0.3798270816208386,0.3304063052282132
1774368232.3445382,base,344422762,1774368232,0.014483199856829242,0.9366262331377586,0.3499903240359379,0.005320657976157789,-0.21870880409650964,0.37983380522248966,0.3304534788315691
1774368232.3455696,base,345423472,1774368232,0.014423739549060356,0.9366226987081916,0.3500024640022379,0.005305769912766724,-0.21872435648718572,0.3798412381104572,0.3305064267734886
1774368232.346447,base,346321080,1774368232,0.01440340862093089,0.9366219492483857,0.35000538629956174,0.005300525214294105,-0.21872898298379453,0.3798437762046017,0.3305245684307784
1774368232.3474202,base,347317781,1774368232,0.014351252693559727,0.9366205957699774,0.35001135201955774,0.005287209382974638,-0.21874244880663107,0.3798502884221156,0.3305704219824347
1774368232.348439,base,348324125,1774368232,0.014284864283555729,0.9366183715205021,0.3500202928162425,0.0052690985486192835,-0.21875518814428033,0.37985875819672676,0.33062805181467
1774368232.3494053,base,349330099,1774368232,0.014227522875643004,0.9366178657156589,0.3500242394649334,0.005251952214362593,-0.21876401480694338,0.3798678867487412,0.3306775823380481
1774368232.350511,base,350319623,1774368232,0.014159776285463261,0.936615253111893,0.35003422667858974,0.00523531538799951,-0.2187805173336394,0.3798751620514761,0.3307350227476717
1774368232.351458,base,351292387,1774368232,0.014137386723130302,0.9366145286293227,0.35003715428118637,0.005229692136365316,-0.21878502150633797,0.3798781184667391,0.3307541008580876
1774368232.3524988,base,352321302,1774368232,0.014085268268801077,0.9366131801981624,0.35004307507622484,0.005215504583533351,-0.21879609441401623,0.37988588439578197,0.33079891531409333
1774368232.353429,base,353289884,1774368232,0.014013820872887113,0.9366121968078738,0.3500488594885409,0.00519630503752645,-0.21880829029604476,0.3798936582650174,0.3308586824274449
1774368232.3544893,base,354316337,1774368232,0.013953474628393454,0.936609653785315,0.3500583159395235,0.005180002271418408,-0.2188209781600147,0.37989975432689566,0.3309095707821047
1774368232.3553474,base,355253113,1774368232,0.013879642262232324,0.9366086992045243,0.3500640975827937,0.005160202382229459,-0.21883303079300592,0.3799114172738308,0.3309703307762236
1774368232.3563852,base,356261747,1774368232,0.013855214746062544,0.9366082445874953,0.35006637772078303,0.00515367679635906,-0.21883744388287402,0.37991484341773263,0.3309898736669942
1774368232.3574739,base,357319037,1774368232,0.013794541442923441,0.9366061277455334,0.35007466134423076,0.005138441458174357,-0.21885208569227763,0.3799219812495762,0.33103756397115935
1774368232.3585439,base,358344838,1774368232,0.013712981109845673,0.9366054400659901,0.3500800513471746,0.005114825181139795,-0.21886394623058011,0.37993145242390347,0.33110169284513274
1774368232.359482,base,359326329,1774368232,0.013639934740642491,0.9366025751742962,0.3500908497554111,0.005095613278294683,-0.21887851902679933,0.3799416354338077,0.33115707039048836
1774368232.360494,base,360320817,1774368232,0.013559863061483749,0.9366023693519092,0.35009481599487435,0.005074608522710197,-0.21889129777688832,0.3799519477980226,0.3312174172198526
1774368232.3614619,base,361315901,1774368232,0.01353333983909668,0.9366020777749356,0.3500967255450529,0.005067482916095749,-0.21889551574383118,0.37995584366399376,0.33123750663256035
1774368232.3624883,base,362313965,1774368232,0.013466207813319166,0.9366008120310229,0.35010297186682837,0.005048686955241481,-0.2189062195016146,0.37996581222236997,0.3312864632362401
1774368232.3634639,base,363306762,1774368232,0.01337686155550638,0.93659975291137,0.35010956351874273,0.005025530220879028,-0.21892021776625498,0.37997600722880154,0.33135157680904936
1774368232.3644865,base,364312949,1774368232,0.013301233394923402,0.9365986343987573,0.3501157380707185,0.005004516735185498,-0.2189317766374638,0.3799867461875068,0.3314099452781199
1774368232.3654182,base,365272951,1774368232,0.013221970625220378,0.936596443994408,0.35012490720383405,0.004982965514864868,-0.21894614930136408,0.3799958915317534,0.33147044969036615
1774368232.3664384,base,366268529,1774368232,0.013195185760138018,0.9365961756450334,0.3501267398750742,0.004975627026354053,-0.218950470369062,0.37999925229022924,0.3314908617528671
1774368232.3674479,base,367301645,1774368232,0.013123755033352313,0.9365973927579652,0.3501264506296518,0.004955754462090605,-0.21895916622708167,0.3800111632486563,0.33154608060349144
1774368232.36865,base,368347390,1774368232,0.013029898830432816,0.9365944897747374,0.35013810207350565,0.004928786506983315,-0.21897689329443068,0.38002204869874484,0.33161848824676393
1774368232.3693929,base,369307451,1774368232,0.012953340880178021,0.936594357498803,0.3501415906509504,0.004907846561224699,-0.21898620727881418,0.3800318027375631,0.3316778881852788
1774368232.370429,base,370316628,1774368232,0.012868726048911608,0.936593538324669,0.35014723567190353,0.004883974782842473,-0.21899959411500075,0.380042502395663,0.33174323633296854
1774368232.3714447,base,371303713,1774368232,0.012840605994162615,0.9365931008342673,0.3501495461350949,0.004876233048334943,-0.21900387532684437,0.380045765486105,0.3317648273962748
1774368232.372487,base,372316369,1774368232,0.012767965091276633,0.936591797671463,0.3501559646472926,0.004856338527022802,-0.21901477481111997,0.38005463714566035,0.3318200988601327
1774368232.373424,base,373274428,1774368232,0.012670975071451014,0.9365907620550227,0.3501626129537616,0.004830663859624831,-0.21902961684445554,0.38006727738797624,0.3318938463792748
1774368232.3744912,base,374292645,1774368232,0.012590032335834505,0.9365905276827108,0.3501664846621673,0.0048070323635451585,-0.2190402582594636,0.38007924780851143,0.3319559511331216
1774368232.3754528,base,375304199,1774368232,0.012503584070360585,0.936588914938311,0.35017424595836116,0.004781450362181008,-0.2190529417899675,0.38008867535435975,0.33202330340022346
1774368232.376462,base,376291478,1774368232,0.012475142496579788,0.9365885665277219,0.35017630630369884,0.004773088385432328,-0.21905732181520518,0.3800920280864528,0.3320453202213761
1774368232.377409,base,377267457,1774368232,0.01240636028448705,0.9365893065609987,0.3501770251931465,0.004754375559159779,-0.21906704728321155,0.38010243980799,0.3321003712472109
1774368232.3785167,base,378337098,1774368232,0.0123089979330053,0.9365884770999386,0.35018306687133344,0.004725760265857172,-0.21907703587237798,0.38011579807659557,0.33217606300840163
1774368232.3794138,base,379277567,1774368232,0.012224739483049378,0.9365874342677286,0.3501891144687671,0.004702959062712446,-0.21909105647392038,0.3801262783183841,0.3322419711551444
1774368232.3804457,base,380325754,1774368232,0.012138941978739047,0.93658786834388,0.35019127028033403,0.004678159696915533,-0.219102613861904,0.38013796491754637,0.3323103453249565
1774368232.3814108,base,381338903,1774368232,0.012109819150818558,0.9365878419412024,0.3501924586019366,0.004669962139770781,-0.21910620048665008,0.3801419631672851,0.33233320459495697
1774368232.3824842,base,382332070,1774368232,0.012038343640946893,0.9365866496148235,0.3501983723917109,0.00465037846403222,-0.2191168556692133,0.38015182834162375,0.3323911190256052
1774368232.38345,base,383311694,1774368232,0.011944953454959441,0.9365863336840713,0.3502027973069537,0.00462151507332729,-0.219127874795368,0.380161208983308,0.33246792715493784
1774368232.3844845,base,384328597,1774368232,0.011860633519032984,0.9365865532292802,0.350205397044734,0.0045971255545138884,-0.2191378559495868,0.38017391049890703,0.33253617637170657
1774368232.3853931,base,385262275,1774368232,0.011773385279528184,0.9365844373877965,0.35021433069263774,0.004571828906737124,-0.2191509725135369,0.38018430829637473,0.33260628194509545
1774368232.3864453,base,386331126,1774368232,0.011744087189485511,0.9365841940528921,0.35021607563647694,0.00456335755402202,-0.2191547398895388,0.3801883397117023,0.3326299295555388
1774368232.3874242,base,387289791,1774368232,0.011671318436791407,0.9365859559706358,0.3502140811158593,0.0045414527071972665,-0.21916222772864716,0.38019803916546646,0.33268706676168797
1774368232.3884456,base,388335801,1774368232,0.011571197705646501,0.936585519852906,0.35021894477843585,0.004512438786037344,-0.21917433561524047,0.3802123291802985,0.3327674472272515
1774368232.389353,base,389283219,1774368232,0.011486879482215252,0.9365854078555288,0.35022234875171004,0.0044868504197535216,-0.21918251397289149,0.380222232299312,0.3328354344918452
1774368232.3903813,base,390265184,1774368232,0.011394923771098756,0.9365863463094348,0.35022318163363897,0.004460343642082434,-0.21919040592741534,0.38023702828866074,0.3329115106955913
1774368232.3913963,base,391240277,1774368232,0.011365546395737157,0.9365865198775036,0.35022378353702477,0.004451582177627038,-0.21919359721989226,0.38024066006287954,0.3329357805231389
1774368232.3923798,base,392260592,1774368232,0.011295109765927057,0.9365878139837721,0.35022288630301995,0.004429119783524554,-0.21920108773691463,0.3802497704068836,0.33299348095622405
1774368232.3933058,base,393237332,1774368232,0.011198470389496104,0.9365882108713509,0.35022528416728455,0.00440089169170828,-0.2192122051963686,0.38026265930482606,0.3330751227972688
1774368232.3943913,base,394290728,1774368232,0.011116332611217389,0.9365875919878974,0.3502298584731751,0.004376747359421037,-0.21922098391137596,0.3802731646642937,0.333143549709736
1774368232.3954275,base,395344310,1774368232,0.011024524872554566,0.9365864601271399,0.3502361440247601,0.004348100334110428,-0.21923301828314326,0.3802840038160626,0.33322033412371466
1774368232.3964703,base,396371024,1774368232,0.010993908060028397,0.9365866544079434,0.3502367062150393,0.004338477860208084,-0.21923624537235606,0.3802879369134881,0.33324567295833657
1774368232.3974075,base,397342076,1774368232,0.010922664863278104,0.9365880370923204,0.3502354994913976,0.004317298211836047,-0.21924211328893148,0.3802985486692328,0.333305933359421
1774368232.3984494,base,398318366,1774368232,0.010827742759190266,0.9365877199819116,0.35023965692366726,0.004287829732749678,-0.2192526547373175,0.3803095837095491,0.3333848982959197
1774368232.39941,base,399334264,1774368232,0.010742084884680033,0.9365882246480084,0.350241253504782,0.004262558670697037,-0.21926055960055027,0.38032019521994853,0.3334564436533586
1774368232.4004714,base,400361533,1774368232,0.010648089681840242,0.9365886268541888,0.35024340652759106,0.00423301517375112,-0.21926916570855037,0.38033421547876006,0.3335368493426183
1774368232.4014523,base,401362985,1774368232,0.010617195498364514,0.9365887085556487,0.3502442404494996,0.004223529065217194,-0.21927209219954782,0.3803384105344264,0.3335631303453595
1774368232.4024715,base,402352010,1774368232,0.010536260587572312,0.936589125121065,0.350245838663395,0.004201239907932759,-0.21928126665514083,0.38034998512462775,0.3336307390792718
1774368232.4033992,base,403331896,1774368232,0.010440551930432258,0.9365909730940533,0.35024412596548554,0.004170877700845653,-0.21928744117344376,0.3803615926758411,0.3337124344208162
1774368232.4044683,base,404350988,1774368232,0.0103537711091102,0.9365910028792365,0.3502469328361028,0.004144730194912409,-0.2192966090148623,0.38037360716028384,0.33378716725851226
1774368232.4053419,base,405270139,1774368232,0.010267883048658822,0.9365913316014581,0.35024889849349583,0.004117918260418973,-0.21930494121536223,0.3803841165530616,0.3338614126762943
1774368232.4064858,base,406380860,1774368232,0.010236992679325513,0.9365915815800249,0.35024925022969644,0.0041080418506507415,-0.21930801170997422,0.38038814587229475,0.3338883415104929
1774368232.4074109,base,407336628,1774368232,0.01016002613686415,0.9365917453577584,0.3502513272209284,0.004084626859877226,-0.21931504685089273,0.38039752352528555,0.33395415462252354
1774368232.4084582,base,408356037,1774368232,0.010062589166144728,0.9365939886002861,0.35024850680627334,0.00405318357052885,-0.21931997388312077,0.38040922201626787,0.3340396062615404
1774368232.4094212,base,409353482,1774368232,0.00997735586095733,0.936594686558067,0.3502493691626665,0.00402801221128903,-0.21932823042016833,0.3804224883362668,0.33411464002353725
1774368232.410421,base,410314488,1774368232,0.009888557654139951,0.9365951674099432,0.3502509194795489,0.0040002769393927065,-0.2193355687515759,0.3804338923744164,0.33419303697291486
1774368232.4113615,base,411292551,1774368232,0.009858546854689985,0.9365955014965063,0.35025097802189264,0.003990993000445849,-0.2193379100139448,0.3804381062285013,0.33421924862738883
1774368232.412412,base,412302042,1774368232,0.009783771997711896,0.9365947242823107,0.3502554321929186,0.003966417954657176,-0.21934541407670588,0.38044643645142295,0.3342845915881222
1774368232.4133554,base,413284362,1774368232,0.009679269547338198,0.9365985431327333,0.3502485179710225,0.003931463057676873,-0.21935090864933418,0.38046239868221504,0.3343759486582455
1774368232.4144077,base,414300549,1774368232,0.009600450795791847,0.9365976660493309,0.3502533075647586,0.00390689587910429,-0.21935813313366384,0.3804694027655955,0.3344461886754762
1774368232.415363,base,415285418,1774368232,0.009506548726294528,0.9365985898429111,0.35025372027316043,0.0038779466726043617,-0.21936453662387373,0.38048219916966297,0.3345284806527244
1774368232.416413,base,416299947,1774368232,0.009475904306888123,0.936598954239904,0.35025367822969417,0.0038687259989182653,-0.21936673559994974,0.3804861604677212,0.3345553688941341
1774368232.417383,base,417310843,1774368232,0.009399878383542148,0.9366015542785034,0.35024904280484076,0.0038443235762685565,-0.2193701410206045,0.38049821444976223,0.3346231444661155
1774368232.418483,base,418378044,1774368232,0.009294256052771468,0.9366027919998829,0.3502489173743419,0.0038108661156063058,-0.21937835171416287,0.3805122083723615,0.3347179045066803
1774368232.4193625,base,419288088,1774368232,0.009208547990134652,0.9366045344154831,0.3502468321236603,0.003782240554218774,-0.21938377309240192,0.3805233898215662,0.33479365736078703
1774368232.4204571,base,420351171,1774368232,0.0091130982604716,0.9366062012235383,0.35024519534459436,0.0037521204318006754,-0.219389049712433,0.38053736876690536,0.334878817642743
1774368232.421406,base,421339374,1774368232,0.009082273500183138,0.9366067465548896,0.3502446445667123,0.003742134186517281,-0.21939088095966078,0.3805415003385676,0.3349063482076419
1774368232.4224045,base,422304032,1774368232,0.00900759846903135,0.9366069920928951,0.35024617851593304,0.003717521688636368,-0.21939657987400826,0.38055091451430534,0.3349742677335858
1774368232.423389,base,423317385,1774368232,0.008905267477334458,0.9366098693943834,0.3502414577718437,0.003683751083734955,-0.21940121446107586,0.38056347948410035,0.335065007820365
1774368232.4244735,base,424333891,1774368232,0.00881471326178518,0.9366100875587335,0.35024345221135206,0.0036563501484879273,-0.21940740344045545,0.38057785522369203,0.33514583692519934
1774368232.4253845,base,425296355,1774368232,0.008722636345758717,0.9366118612090595,0.3502413122521222,0.0036277058304959443,-0.2194128365902685,0.38059058225486564,0.33522888276184015
1774368232.4264119,base,426303000,1774368232,0.0086907752830027,0.936612238269761,0.35024119993235436,0.003617653691736769,-0.21941497426886994,0.3805948483357663,0.33525765669310836
1774368232.4273639,base,427293539,1774368232,0.00861087101619503,0.9366136354887811,0.3502397009278823,0.0035920204312792003,-0.21942007505565742,0.3806083969830386,0.3353292181558425
1774368232.4284391,base,428320086,1774368232,0.008515784541105065,0.9366156129967815,0.3502370716682387,0.003559288351575089,-0.21942444705623454,0.38061884419821046,0.33541638307637167
1774368232.4293556,base,429285241,1774368232,0.008420384001976831,0.9366168023278042,0.3502365043074815,0.0035289914952675804,-0.2194316180147125,0.3806326141635132,0.3355016996929133
1774368232.4304178,base,430317068,1774368232,0.008324687824940166,0.936620160765061,0.3502301299166609,0.0034971587906890856,-0.21943263593857096,0.3806472826746311,0.3355878091629361
1774368232.4313805,base,431308582,1774368232,0.008292191205205902,0.9366204627499916,0.3502301979903348,0.0034866514966221786,-0.21943470154405972,0.3806515210500958,0.3356172875838951
1774368232.432428,base,432326639,1774368232,0.00821581967908409,0.9366226201477492,0.3502264558416375,0.0034637210008010857,-0.21943963864029034,0.38066505570768877,0.33568540010137327
1774368232.4333842,base,433320992,1774368232,0.008115627800275861,0.9366233571110572,0.35022712736691497,0.0034326018905767915,-0.2194459235902527,0.3806747597092388,0.3357755714648934
1774368232.4344,base,434281330,1774368232,0.008026937868383942,0.9366258028187945,0.3502229251949173,0.0034024153804513802,-0.2194480397718791,0.3806883900078516,0.3358566991985622
1774368232.435381,base,435305696,1774368232,0.007929448654039986,0.9366259996473076,0.3502249250305478,0.0033708331420725787,-0.21945669620041214,0.3807004097511496,0.33594515810880327
1774368232.4364247,base,436312166,1774368232,0.007897067431674195,0.9366265719081147,0.35022422725525604,0.003360322170807694,-0.21945849770591128,0.3807047723896051,0.335974628523546
1774368232.4373472,base,437286137,1774368232,0.00782205845487141,0.9366300616920747,0.3502168011920749,0.0033369295796435296,-0.21945907360449832,0.38071943090110183,0.3360430691233476
1774368232.4383705,base,438271982,1774368232,0.007716728987115349,0.9366323814601143,0.35021325909736534,0.003302612071681066,-0.21946464652509856,0.3807331200202419,0.3361388532372671
1774368232.439389,base,439321142,1774368232,0.007629519074802683,0.9366344690360077,0.3502098623665337,0.003273248163020838,-0.21946804362997235,0.3807439292655943,0.3362181993490385
1774368232.4404328,base,440327615,1774368232,0.007529334514640581,0.9366342863499801,0.3502128087715077,0.00324211779574693,-0.2194753253411961,0.38075701571968434,0.3363091907052483
1774368232.441308,base,441240742,1774368232,0.007497177950397138,0.9366346584572084,0.35021259552256806,0.0032321566909381504,-0.21947720266763268,0.3807614393143471,0.3363383874408544
1774368232.442459,base,442358303,1774368232,0.007420828980533578,0.9366379420927072,0.35020565987100766,0.0032081963612108394,-0.21947843331003844,0.38077473839066983,0.33640810673343546
1774368232.443503,base,443422476,1774368232,0.007318154318479726,0.9366384627007757,0.3502067425127221,0.0031736895762617097,-0.21948477826744456,0.3807861158821039,0.3365022370322669
1774368232.4445565,base,444439488,1774368232,0.007225825857512734,0.9366394855008736,0.35020619152271165,0.003144051604769978,-0.21949053045338845,0.3807989189898852,0.3365863907972434
1774368232.4455457,base,445417558,1774368232,0.007130236832413438,0.9366415682313707,0.3502028619926116,0.003112528871523352,-0.21949197985386257,0.3808129515159344,0.33667312751837597
1774368232.4464104,base,446310812,1774368232,0.007098678715631759,0.9366421088034431,0.3502021459358797,0.0031025406743696794,-0.2194936680532118,0.38081759476616517,0.33670186806477975
1774368232.447392,base,447317138,1774368232,0.007019371494921965,0.9366438620600864,0.3501992706485984,0.0030781368020001256,-0.2194983050953404,0.38082968809929785,0.33677396934117615
1774368232.4483776,base,448277686,1774368232,0.00691404752746419,0.9366465595857651,0.3501944523610731,0.003043665301207705,-0.2195029635193972,0.38084229130144165,0.33687174356791105
1774368232.4493968,base,449311170,1774368232,0.0068185446018182196,0.9366491750260235,0.350189604768731,0.003011824115478866,-0.2195080285504526,0.38085838649006426,0.33695828809623113
1774368232.4504292,base,450294049,1774368232,0.00672037335506516,0.936648989799515,0.3501922771989889,0.00297917433242792,-0.2195143186287038,0.3808697462847487,0.33704777241808787
1774368232.4513566,base,451268594,1774368232,0.006688215906253316,0.9366493939505605,0.35019190148629037,0.002968621473911175,-0.21951613530567507,0.38087369700712154,0.3370770535623424
1774368232.4523864,base,452281095,1774368232,0.006613614056387651,0.9366527576824955,0.3501845189190596,0.002945223984062849,-0.21951650130456313,0.38088639192451684,0.3371451894383911
1774368232.453355,base,453284861,1774368232,0.006502596608746749,0.9366546035110979,0.35018196974001875,0.0029082688687006256,-0.21952358716186401,0.3808987878615513,0.3372477702719959
1774368232.4544187,base,454283215,1774368232,0.006410044992979861,0.9366548286677595,0.35018331627954785,0.0028789331385385415,-0.21952928701365787,0.38091010672564096,0.33733195121251675
1774368232.4553487,base,455273538,1774368232,0.006310052209086509,0.9366579587007284,0.3501770279382057,0.002846181313321389,-0.21953179449625077,0.38092357894201323,0.33742143030234
1774368232.456455,base,456301176,1774368232,0.0062764944093605555,0.9366585101609125,0.35017624402749353,0.0028353271180308346,-0.2195334318062295,0.380927914024705,0.337451720593485
1774368232.4572997,base,457236190,1774368232,0.006195712264320596,0.9366588438170087,0.35017699568853977,0.002809829082091828,-0.21953801179754254,0.38093840963514786,0.3375249253375355
1774368232.4584138,base,458310605,1774368232,0.006088114474347586,0.9366620619560704,0.3501705604568748,0.0027740121967893792,-0.21954094336785734,0.3809536765004264,0.33762493456393605
1774368232.459351,base,459269515,1774368232,0.005994711970238717,0.936661888323252,0.3501728705736108,0.002744285945557334,-0.21954845804449583,0.3809633456919033,0.33771014374435526
1774368232.4604304,base,460283908,1774368232,0.0058925976150903375,0.9366632756924009,0.3501711367719286,0.002712975190320163,-0.21955255775931554,0.38097766243058395,0.3378020536479517
1774368232.4613245,base,461264551,1774368232,0.005857730872790921,0.9366638436278493,0.3501702880099062,0.0027019297520990563,-0.2195542551693252,0.3809824886628856,0.33783350258459854
1774368232.4624653,base,462287066,1774368232,0.005775866554987353,0.9366655217319136,0.3501673664928083,0.002674922001178736,-0.2195586840113745,0.38099433596927695,0.33790929655122703
1774368232.4633284,base,463259461,1774368232,0.005667271104165901,0.9366673656578915,0.3501644784232184,0.0026393560451339476,-0.21956336625519474,0.3810067762238353,0.33800983041880184
1774368232.464413,base,464274846,1774368232,0.005571303015966534,0.9366690551552052,0.3501617482377759,0.0026061021514903536,-0.2195686263783833,0.38101822105921357,0.33809902514275036
1774368232.4652905,base,465231497,1774368232,0.005470367170686711,0.9366710016818199,0.3501583670704311,0.0025744245887467138,-0.21957278773513367,0.38103078258930795,0.33819026620181497
1774368232.4664435,base,466300877,1774368232,0.005434221843047018,0.9366712738149928,0.35015828506203955,0.002563092891549181,-0.21957483830088262,0.3810350800311207,0.3382228681512616
1774368232.467308,base,467248855,1774368232,0.005354581306697519,0.936672243231609,0.35015711638424474,0.002535954251558906,-0.21957653489141918,0.3810445489868531,0.3382968232725168
1774368232.4683707,base,468263498,1774368232,0.00523836549369959,0.9366729833507781,0.350157162570861,0.0024986572456030054,-0.21958317587368265,0.38105805026661793,0.3384037697247078
1774368232.4693856,base,469321590,1774368232,0.005143233682428858,0.9366753065459957,0.3501525807421017,0.00246727661581681,-0.21958722789923457,0.38107103246205976,0.3384908608075442
1774368232.4704983,base,470358336,1774368232,0.0050426528887791795,0.9366765922029437,0.350150833555687,0.002434549482165416,-0.2195937256066348,0.3810816949569031,0.3385819299108813
1774368232.471391,base,471332786,1774368232,0.005007787373654409,0.9366770030693162,0.3501503142430631,0.0024231017701924597,-0.21959554718279947,0.38108577319672365,0.33861380872306274
1774368232.4724984,base,472345790,1774368232,0.004916172790900915,0.9366795743765483,0.350144941336137,0.0023929579126184958,-0.21959773931760343,0.3810999349172341,0.33869807181127237
1774368232.4733286,base,473275855,1774368232,0.00480659357004953,0.9366789657514802,0.3501483287794961,0.0023578867478319535,-0.21960416855458764,0.38110903369023624,0.33879730537360886
1774368232.474413,base,474252267,1774368232,0.004712198524565166,0.9366801142158758,0.3501467494408621,0.0023265153335156386,-0.21960900057537977,0.3811196756536253,0.33888418313819424
1774368232.4753692,base,475309363,1774368232,0.004602811406036962,0.9366813925849429,0.35014501319832847,0.0022918648814966185,-0.2196115711027614,0.38113346508315554,0.3389828306935619
1774368232.476489,base,476348166,1774368232,0.004567854695683296,0.9366819510404686,0.35014405136711485,0.0022804803712670255,-0.21961312591195187,0.3811374471947549,0.3390143991265992
1774368232.477384,base,477330625,1774368232,0.004477642052467267,0.9366835553974214,0.35014112117731505,0.0022501178610107807,-0.21961998253559623,0.38114826768160737,0.3390985765297849
1774368232.4783955,base,478257819,1774368232,0.004365971244627419,0.9366856956325444,0.35013704517173666,0.0022125756196467138,-0.21962177854409978,0.3811593109103031,0.33920083543435187
1774368232.4793918,base,479329068,1774368232,0.004267603366252509,0.9366876325291263,0.3501332772915417,0.0021805415779361115,-0.2196251443104328,0.38117108682091594,0.33928919045371186
1774368232.4804678,base,480327989,1774368232,0.004163133349942506,0.9366886691790737,0.35013197435008936,0.0021461337224969465,-0.21962717449162697,0.38118285741875585,0.3393857758330033
1774368232.481295,base,481234488,1774368232,0.004129634050703736,0.9366891558204736,0.3501311368191201,0.002135069246268172,-0.21962832749836309,0.381186564044789,0.339416677268532
1774368232.4824374,base,482288463,1774368232,0.004036070078595265,0.9366911821926859,0.35012699507610684,0.002103962871634365,-0.21963404411916068,0.3811987628645352,0.3395018538565977
1774368232.48339,base,483330716,1774368232,0.003923003301525581,0.9366924994527119,0.3501249813523614,0.0020661430579693245,-0.2196379414456123,0.3812100359170458,0.3396059313454679
1774368232.484499,base,484344833,1774368232,0.003823178159765665,0.9366937061319435,0.35012304289887836,0.002034461302959155,-0.21964107469430746,0.38122026444448565,0.3396953919700106
1774368232.4853444,base,485289127,1774368232,0.0037159782940797905,0.9366936405415585,0.3501245740504899,0.001999480003088697,-0.21964499885424318,0.38123218588215724,0.3397946727974097
1774368232.4865298,base,486389735,1774368232,0.0036805528151212154,0.9366938202693089,0.350124533522095,0.001987869763889129,-0.21964657729895903,0.38123608931772884,0.33982731762433854
1774368232.4873862,base,487329380,1774368232,0.003588354595783281,0.9366956650338125,0.3501207238095796,0.0019579523014077093,-0.21965176054432978,0.3812472009129983,0.3399108055364426
1774368232.4885309,base,488350112,1774368232,0.0034755315054761232,0.9366982770372758,0.3501150899037071,0.0019189314402550256,-0.21965183742448768,0.38125647285763714,0.3400148372506927
1774368232.4894173,base,489327945,1774368232,0.003369783865461269,0.9366985943239056,0.35011545611835265,0.0018855596933931545,-0.21965713150512145,0.3812680035078092,0.3401118489078152
1774368232.4904606,base,490293415,1774368232,0.0032586472587873274,0.9366991911208516,0.35011511559051783,0.0018472700461237832,-0.21966196809180277,0.38128215441542573,0.3402136649487077
1774368232.491449,base,491304375,1774368232,0.003221775552852388,0.9366997428178593,0.3501140482913801,0.0018344362252325438,-0.2196633651936694,0.3812864628020606,0.3402475548354344
1774368232.4925377,base,492404681,1774368232,0.003136985143036737,0.9367016839828869,0.3501097639037678,0.0018076966239485362,-0.21966810013868562,0.38129541561100294,0.34032519972971065
1774368232.4934638,base,493383513,1774368232,0.0030153478970055382,0.9367036635988523,0.3501057397990043,0.0017678340815702918,-0.21967072161161494,0.3813089534533325,0.34043618404912
1774368232.494595,base,494438477,1774368232,0.00291551995921165,0.9367043447613729,0.35010492595840537,0.0017352429784002383,-0.21967550161129004,0.38131837767178506,0.340527487067959
1774368232.4954612,base,495301408,1774368232,0.002803799962574846,0.9367060495666892,0.35010145463150055,0.0016990808822561585,-0.21967639391181895,0.3813311871659325,0.3406293352526716
1774368232.4964807,base,496373969,1774368232,0.0027651926552315236,0.9367064830600387,0.3501006632361452,0.0016863879992999548,-0.21967779231099652,0.3813352301348082,0.3406646624658298
1774368232.4974473,base,497321081,1774368232,0.0026734897602117853,0.9367082194730256,0.3500968797947648,0.0016549266285865458,-0.21968295353581482,0.3813460089421266,0.3407488043184715
1774368232.498405,base,498274364,1774368232,0.0025597793312776896,0.9367091490897907,0.35009541784028325,0.0016173894066770411,-0.21968550134888426,0.3813547543784353,0.3408531449320961
1774368232.499448,base,499320986,1774368232,0.0024556480827299045,0.9367098418919414,0.35009446544724676,0.0015834009203163195,-0.2196915793233363,0.38136615278033775,0.3409486741564691
1774368232.5004814,base,500368353,1774368232,0.002346610149870939,0.936710345802459,0.35009402621094143,0.0015473522077314155,-0.21969473732326533,0.38137615415638654,0.3410484936165057
1774368232.5014086,base,501320412,1774368232,0.00230821686822235,0.9367107474753938,0.3500932623481046,0.0015347173809571327,-0.21969614624383935,0.38138017018400044,0.3410836344095625
1774368232.5024822,base,502365895,1774368232,0.0022204958866271296,0.9367121876925446,0.350090105502079,0.0015049437889294028,-0.21969791049874215,0.38139130807515487,0.341163814067214
1774368232.5033665,base,503294271,1774368232,0.0021052158687738807,0.9367136914352135,0.35008695349413255,0.0014674253502382356,-0.21970144510756523,0.3814006743449129,0.34127025863616267
1774368232.5044725,base,504366487,1774368232,0.0020015909115688466,0.9367144386190482,0.35008570243304354,0.0014335509710112226,-0.2197042737809273,0.3814121417480686,0.34136477630040546
1774368232.505331,base,505272727,1774368232,0.0018917758439766417,0.9367155403965143,0.3500835147293202,0.0013965237513677094,-0.21970944195756054,0.3814241462234109,0.34146751868313074
1774368232.5064802,base,506365710,1774368232,0.0018556988034611574,0.9367159307027719,0.35008271084294296,0.001384600464700009,-0.219710628512326,0.3814278567563455,0.3415009545247959
1774368232.5073917,base,507322322,1774368232,0.0017653851140238712,0.9367172318910298,0.3500798118204848,0.0013550828534691958,-0.21971376449753038,0.3814390173954222,0.3415831655022388
1774368232.508488,base,508366867,1774368232,0.0016421287122565405,0.9367194123684011,0.35007473143990847,0.0013146530970703522,-0.21971621659758514,0.3814500455813733,0.3416948901815759
1774368232.5093842,base,509321404,1774368232,0.00153692321316495,0.9367193031026918,0.35007562920345964,0.0012801951594098608,-0.21971962350340096,0.38146264828713694,0.3417908434677963
1774368232.5104718,base,510366220,1774368232,0.0014264075355396792,0.9367208002300905,0.35007222184806447,0.001243892359095524,-0.2197226885254841,0.38147414972919963,0.34189163021422464
1774368232.5114,base,511322135,1774368232,0.0013902911407198387,0.9367212162478025,0.35007129643489865,0.0012318823689934871,-0.21972380733293415,0.3814781149774189,0.3419246831716909
1774368232.5124745,base,512365814,1774368232,0.001298111744337167,0.9367233627397875,0.35006601260148035,0.001201426095972743,-0.21972672454168662,0.38148901113638684,0.34200913201706146
1774368232.5133219,base,513264803,1774368232,0.0011762057245778103,0.9367248030240805,0.35006273120848247,0.0011593784752322814,-0.2197301098517524,0.3814978251067221,0.34211975987392523
1774368232.5144129,base,514303489,1774368232,0.0010706410547459834,0.9367261272729965,0.3500596412630473,0.0011241755433992254,-0.21973242744604854,0.3815094532526376,0.3422172965843536
1774368232.515393,base,515324107,1774368232,0.0009574410805883133,0.936726966414515,0.3500578350176277,0.0010889633642123817,-0.21973696362590747,0.38152275448855444,0.3423202158698545
1774368232.5163867,base,516271645,1774368232,0.000919847309569497,0.9367273038598538,0.35005707074733655,0.0010767098821565135,-0.21973830662797916,0.3815266978074462,0.3423546811209652
1774368232.517319,base,517262711,1774368232,0.0008275953148265612,0.9367279075368673,0.35005577815745503,0.0010461864918418062,-0.21974307061080026,0.3815373765672691,0.3424406057672185
1774368232.5184717,base,518363019,1774368232,0.0007024552164608054,0.936729495501919,0.35005192535808544,0.0010041745299773797,-0.2197460347343575,0.38154761795022263,0.3425559443728505
1774368232.5193825,base,519320304,1774368232,0.0005945046586251743,0.936728902015785,0.3500538128062983,0.0009689335817762817,-0.2197515143841221,0.38155734155764337,0.34265430906310435
1774368232.5204663,base,520364831,1774368232,0.00048048393508505325,0.9367311151804766,0.35004816936261496,0.0009306523576758155,-0.21975206621556878,0.3815694545863443,0.3427597562853322
1774368232.52137,base,521304817,1774368232,0.00044153030167017857,0.936731552720577,0.35004708391531486,0.0009177314826235052,-0.21975301372655784,0.3815732867501822,0.3427957463929884
1774368232.5223963,base,522296656,1774368232,0.00034688366971221107,0.9367322463629882,0.35004541237401426,0.000887452182280719,-0.21975780159516567,0.3815826446975612,0.3428815429920419
1774368232.5233166,base,523256842,1774368232,0.00022620227289134033,0.9367339618606585,0.3500410224834935,0.0008462316919781852,-0.2197585787521729,0.3815921248220219,0.34299284078710424
1774368232.5245605,base,524423519,1774368232,0.00011933383786799477,0.93673469805955,0.3500391894460158,0.0008105940383564499,-0.2197625870578477,0.38160247269656045,0.34309110576862883
1774368232.5255356,base,525360880,1774368232,6.823966726251259e-06,0.9367349840545365,0.35003852788489404,0.0007736911249964112,-0.21976585705368776,0.38161217315310875,0.34319285174816483
1774368232.5266416,base,526319747,1774368232,-3.233732028130826e-05,0.9367352343497598,0.35003788499192157,0.0007607577673145582,-0.2197671204884238,0.38161569895923675,0.3432283969074324
1774368232.5273907,base,527273133,1774368232,-0.00013240587836045627,0.9367365132579449,0.35003450573587863,0.0007293780024930069,-0.21977045128407408,0.3816276921686289,0.3433191394786415
1774368232.528592,base,528294116,1774368232,-0.0002565403484822036,0.9367360823611441,0.3500356759377279,0.000686848282586676,-0.21977397359852882,0.3816376481725732,0.34343343593922276
1774368232.529492,base,529323612,1774368232,-0.00035976373431775995,0.9367383718058573,0.3500295236431304,0.0006526367521505759,-0.2197765228006062,0.3816477613337466,0.3435291549785852
1774368232.530568,base,530292985,1774368232,-0.0004763590839875254,0.9367391903368751,0.35002726440723747,0.0006136290609882795,-0.21977947722537974,0.3816572678073406,0.3436347822503282
1774368232.5315113,base,531361187,1774368232,-0.0005144066981512919,0.9367393774239908,0.3500267318774363,0.000600949469022055,-0.21978052885844923,0.38166057903332157,0.3436694259244758
1774368232.5324616,base,532348416,1774368232,-0.0006028605573913115,0.9367399718058003,0.3500250491436769,0.0005716225882343004,-0.2197827227589598,0.38166800770397963,0.3437512792342413
1774368232.533532,base,533369624,1774368232,-0.0007248265528694058,0.9367405331322188,0.35002338000529576,0.0005307196087236208,-0.21978622408957274,0.3816769081936756,0.34386398401158974
1774368232.5345,base,534310671,1774368232,-0.0008326897147894371,0.9367408362255372,0.3500223823661119,0.0004941842486584401,-0.21979020327869975,0.3816858992016543,0.3439622811155505
1774368232.5355449,base,535368202,1774368232,-0.000945380830332415,0.936741830982909,0.3500194854404158,0.0004562388622711329,-0.21979246397012592,0.3816971364787135,0.3440671151007629
1774368232.5364969,base,536300952,1774368232,-0.0009823421898505571,0.9367421396749055,0.35001857337081893,0.0004439105299295387,-0.21979341735356375,0.38170064334561077,0.34410130841199804
1774368232.537471,base,537318008,1774368232,-0.0010781899221791941,0.9367418639805251,0.3500190658775855,0.000413877959923515,-0.2197989882211389,0.38170782049383456,0.3441895775777346
1774368232.5384943,base,538360845,1774368232,-0.0012084327909658173,0.9367401106674295,0.35002338027865887,0.00037150405539086083,-0.21980459027801086,0.3817187877557254,0.34430833694304874
1774368232.539489,base,539343754,1774368232,-0.0013128626018658735,0.93674307819986,0.3500150993712767,0.0003347365455043332,-0.21980405534063613,0.3817282222441827,0.34440381631987055
1774368232.5406241,base,540484718,1774368232,-0.001432766913567029,0.9367440377867059,0.350012095854502,0.00029598237897564224,-0.21980868326923642,0.3817401768547578,0.34451324476935724
1774368232.541483,base,541338038,1774368232,-0.0014707124227725165,0.9367444804026114,0.35001076434302947,0.000283344700935749,-0.21980960116185078,0.3817435524328912,0.3445480156124364
1774368232.5425448,base,542394410,1774368232,-0.0015679185867595031,0.9367429168954039,0.3500145516553217,0.00025081291809957976,-0.21981578999362184,0.3817482880607497,0.3446366527638082
1774368232.5434306,base,543331988,1774368232,-0.001688612478853472,0.936744135864629,0.3500107546891722,0.00021003104940928312,-0.21981538371025472,0.3817575099528624,0.3447482888530448
1774368232.5444057,base,544307913,1774368232,-0.0017987025915366466,0.936744345654302,0.35000966448079307,0.00017413708245945866,-0.21981996098581058,0.3817667602032265,0.3448486656095112
1774368232.5454054,base,545274545,1774368232,-0.0019149311411256866,0.936744227722816,0.35000938113152597,0.00013411426480144036,-0.21982267074705666,0.38177647277146387,0.3449566709408046
1774368232.5464098,base,546256986,1774368232,-0.00195469146051198,0.9367444436951007,0.35000858830469606,0.00012041845508310866,-0.21982379252059742,0.3817795930329332,0.3449935201453519
1774368232.5474386,base,547308440,1774368232,-0.0020493465565324474,0.9367455752404817,0.3500050279835454,8.850032628352832e-05,-0.21982734869098228,0.3817860799862488,0.34507943591769286
1774368232.5484989,base,548352810,1774368232,-0.0021801599189174943,0.9367451498101337,0.3500053844318296,4.559216341397496e-05,-0.21983164182889506,0.38179552229373304,0.3451998369385106
1774368232.5494256,base,549328487,1774368232,-0.0022824501093874844,0.9367451061783822,0.35000485192966985,9.901487967028459e-06,-0.21983282891225922,0.3818007646582811,0.3452949479605313
1774368232.5504215,base,550351089,1774368232,-0.002402625420121978,0.9367442724808256,0.3500062777648357,-2.9843995637025193e-05,-0.21983823881224124,0.3818094463121584,0.3454044095960723
1774368232.5514624,base,551297213,1774368232,-0.0024431817121063288,0.9367442578145756,0.35000603483843606,-4.348812192141542e-05,-0.21983932454157296,0.3818122449553207,0.34544138670781577
1774368232.5524585,base,552314417,1774368232,-0.0025332962589837875,0.9367466420281857,0.3499990076182882,-7.566502380783164e-05,-0.21983563362852973,0.3818190271271464,0.3455245842941267
1774368232.553379,base,553238560,1774368232,-0.002660814902540707,0.9367455559292358,0.3500009560708568,-0.0001194167809155141,-0.2198411536140296,0.3818265824190316,0.34564267408834926
1774368232.5544024,base,554265685,1774368232,-0.0027649561726137825,0.9367451251912078,0.35000128852412365,-0.00015322964836243344,-0.21984438867420586,0.38183293312021227,0.34573731059222435
1774368232.5554633,base,555305487,1774368232,-0.0028801700541609887,0.9367457908520629,0.34999855854875533,-0.00019223734242486737,-0.21984570324389885,0.38184026024174655,0.34584399469157684
1774368232.5564632,base,556340348,1774368232,-0.0029184885584378505,0.9367459789460021,0.34999773017706653,-0.00020548462683135985,-0.2198467371783285,0.3818425755267561,0.3458795307324687
1774368232.5574362,base,557286475,1774368232,-0.0030167433493624683,0.9367443879910731,0.3500011350085381,-0.00023731735956135196,-0.2198541907716507,0.3818475415501936,0.34596968820340174
1774368232.5585349,base,558373765,1774368232,-0.0031458161975206744,0.9367469067011792,0.3499932245705607,-0.00028174620636758663,-0.2198537853510249,0.3818574666821438,0.3460870295535603
1774368232.5594823,base,559315179,1774368232,-0.0032533219422200216,0.9367464357999878,0.34999347059663577,-0.00031851543343752644,-0.21985595024557675,0.3818639363892402,0.34618660565354775
1774368232.56053,base,560368649,1774368232,-0.0033654301676477555,0.9367460049249643,0.34999352606864664,-0.0003575569060041736,-0.21985708456128988,0.38186981297284467,0.3462900199571136
1774368232.5614705,base,561290923,1774368232,-0.003402857582437858,0.9367459910400869,0.3499931881211375,-0.00037026936275892604,-0.21985788075064172,0.38187197381947635,0.34632449606558413
1774368232.5625377,base,562365142,1774368232,-0.003502888525801561,0.9367461513962264,0.3499917358584345,-0.00040304730951317867,-0.21986286408455658,0.3818811013299247,0.3464165723912051
1774368232.563476,base,563292627,1774368232,-0.0036248441386133837,0.9367471983431435,0.34998764015247086,-0.0004456924354199553,-0.21986223171160976,0.3818868425628156,0.346528230567419
1774368232.5644786,base,564318849,1774368232,-0.0037318504015947896,0.9367463886571512,0.34998863592446744,-0.00048099282346709504,-0.2198656290136341,0.38189317160638303,0.34662689113957484
1774368232.565442,base,565292560,1774368232,-0.0038480160677827123,0.9367478839619598,0.34998331983757935,-0.0005200967211696927,-0.21986582576074987,0.3819011219387013,0.34673410138940375
1774368232.5664935,base,566325551,1774368232,-0.0038859679354230174,0.9367479743175048,0.3499826394076099,-0.0005328963682321466,-0.21986649848358733,0.3819037093170902,0.3467690526873854
1774368232.5674708,base,567305254,1774368232,-0.003978589223595557,0.9367476550172738,0.3499824026489615,-0.0005652287048407694,-0.21986675468871217,0.3819097924399949,0.3468549023847373
1774368232.5685728,base,568395977,1774368232,-0.004108368233717865,0.9367480596740158,0.3499797450175938,-0.0006099875759288141,-0.2198721417701026,0.38191833245020873,0.34697462240223553
1774368232.5694828,base,569307475,1774368232,-0.004217509810470633,0.9367483522134241,0.34997759448446664,-0.0006485331909171022,-0.21987309991604037,0.38192645354531435,0.34707521291228915
1774368232.5705204,base,570362093,1774368232,-0.004331089760610964,0.9367486648149594,0.34997529943444305,-0.0006858678066031848,-0.21987397701282563,0.3819325990455759,0.3471788304390509
1774368232.5714428,base,571287022,1774368232,-0.004370351667577538,0.9367487474792394,0.3499745642109864,-0.0006989475715751133,-0.2198743029625297,0.38193515450508325,0.3472144986705388
1774368232.5725143,base,572362779,1774368232,-0.004465897894401517,0.9367494486657583,0.3499714157930173,-0.0007309639017500044,-0.2198753146528423,0.3819426718434266,0.34730295795741273
1774368232.5734224,base,573283588,1774368232,-0.00458845636707536,0.9367500327267598,0.34996817679942266,-0.0007729697729142224,-0.2198757401717966,0.38194784163182044,0.3474159730864089
1774368232.574529,base,574380414,1774368232,-0.004699244066664834,0.9367488365682315,0.3499698233249963,-0.000810589376657063,-0.21987806906009563,0.3819539068345407,0.3475171122384091
1774368232.5754628,base,575286563,1774368232,-0.004817159383072852,0.9367489556323084,0.3499678076888449,-0.000850105123675005,-0.21988043424594628,0.3819628887882782,0.34762628692991865
1774368232.576528,base,576378587,1774368232,-0.004856998272601486,0.9367490125515104,0.3499670715223324,-0.0008636559689940523,-0.21988088698226052,0.3819652143311952,0.34766292622385014
1774368232.5774622,base,577305496,1774368232,-0.0049499968381858895,0.9367502364718732,0.34996241273045703,-0.00089536421022094,-0.21988180344822428,0.38197221086672306,0.34774879747069154
1774368232.5785098,base,578360053,1774368232,-0.005074835560280451,0.9367515095694001,0.349957104064648,-0.0009384445488918557,-0.21987989035170447,0.381979172399084,0.34786305522008676
1774368232.5794814,base,579331775,1774368232,-0.005183863363499795,0.9367503499979873,0.34995850859946465,-0.0009754989057791329,-0.21988298817680688,0.3819850950962651,0.3479641411150516
1774368232.5805602,base,580411222,1774368232,-0.005295338857012175,0.9367498189995288,0.3499581518595501,-0.00101387266823226,-0.21988416064069785,0.3819897109880128,0.3480666942353129
1774368232.581451,base,581269146,1774368232,-0.00533374005035654,0.9367495546270864,0.34995823827253103,-0.0010269314566562658,-0.21988481897009965,0.3819917920546199,0.3481020040357835
1774368232.5825386,base,582349496,1774368232,-0.005426482392438691,0.9367513151914248,0.3499520057802031,-0.0010585019570348905,-0.21988478529445032,0.38199872533177853,0.348187039768913
1774368232.58344,base,583276045,1774368232,-0.005547223624083507,0.9367513762263154,0.3499498187663966,-0.001100814941116523,-0.21988490251622655,0.38200344629735017,0.348299040066519
1774368232.5844939,base,584341103,1774368232,-0.005656859151926292,0.9367517782300532,0.34994686963055593,-0.0011377008145140206,-0.21988550044939587,0.38201305256194484,0.34839967711858916
1774368232.585424,base,585289295,1774368232,-0.0057718205691373635,0.9367529623475664,0.3499416930023145,-0.0011769108081379756,-0.21988518046311734,0.38201997630242357,0.3485044140291956
1774368232.5865595,base,586411261,1774368232,-0.005809880634915876,0.9367533219761014,0.34994005702665976,-0.001189765491419482,-0.21988526876645073,0.3820226614871059,0.34853907342196183
1774368232.587473,base,587284396,1774368232,-0.005903935582775147,0.9367531982871008,0.3499387045846446,-0.0012215060960889701,-0.21988765951088446,0.3820318090953822,0.34862548716109243
1774368232.5884945,base,588334942,1774368232,-0.006025962107137145,0.9367542058300449,0.34993378038126816,-0.001262928533101518,-0.21988581279954877,0.3820363874893873,0.34873923207060536
1774368232.5894568,base,589327001,1774368232,-0.006128121136354616,0.9367536473250062,0.3499333736629661,-0.0012978256782374966,-0.21988717637774838,0.3820428121583072,0.34883389576335094
1774368232.5905693,base,590421828,1774368232,-0.0062382505838753126,0.9367560498567401,0.3499248502290324,-0.0013365921736618396,-0.21988555939723944,0.38205075020803697,0.3489366032159494
1774368232.591372,base,591243013,1774368232,-0.006274939449151827,0.936756368516721,0.3499232931761342,-0.001349100086741733,-0.21988532293800772,0.38205340477554367,0.3489703945763613
1774368232.592479,base,592320541,1774368232,-0.0063686136941878135,0.9367557274922745,0.3499231968743746,-0.0013798765348139617,-0.2198875754517588,0.38205879220118344,0.3490563947805042
1774368232.5934649,base,593327354,1774368232,-0.006487528187231158,0.9367572663960169,0.3499167238121525,-0.0014220509314620876,-0.2198828498842459,0.3820661444861361,0.3491665728351338
1774368232.5945802,base,594432353,1774368232,-0.006590391173859063,0.9367569154800083,0.34991559989725235,-0.0014563629705964093,-0.21988458136967076,0.38207245904333575,0.3492611033844827
1774368232.595484,base,595339056,1774368232,-0.006704722327212254,0.9367581559647512,0.3499099379278075,-0.0014964195239850675,-0.21988332332363278,0.3820804961153577,0.34936700293166334
1774368232.5965796,base,596431787,1774368232,-0.006742861938101723,0.9367585439809892,0.34990811063695937,-0.0015093713837520432,-0.21988314492642883,0.38208312471108263,0.34940208613929225
1774368232.5974214,base,597276975,1774368232,-0.006827373314848151,0.9367603882158969,0.34990140282276605,-0.0015395927650832285,-0.21988075134919466,0.3820884420705002,0.3494800440565518
1774368232.5984747,base,598325723,1774368232,-0.0069462904740206,0.936758877338618,0.34990292391596406,-0.0015806995292606564,-0.21988058318739748,0.3820929765836206,0.349591477188788
1774368232.599484,base,599282120,1774368232,-0.007051462239024969,0.9367619827522179,0.34989234317641654,-0.0016163962824042202,-0.21987658348712572,0.38210251544287327,0.3496868866755341
1774368232.6005638,base,600412924,1774368232,-0.007154416232929551,0.9367624731708498,0.34988877464819734,-0.0016518360638324546,-0.21987522965571718,0.38210537414919343,0.3497830649337709
1774368232.6014616,base,601315420,1774368232,-0.007191342625275181,0.9367627281029804,0.3498872754524704,-0.0016644232498164442,-0.21987477880875317,0.3821075105650038,0.34981732369132595
1774368232.6025507,base,602397602,1774368232,-0.007283223452110966,0.9367622476848526,0.3498865078703682,-0.0016963427861579237,-0.21987744046360588,0.3821151404125904,0.3499021375392831
1774368232.60348,base,603314415,1774368232,-0.007398990412015766,0.9367644557865437,0.34987796313473,-0.0017378804666140525,-0.21987199949965103,0.3821216566173823,0.3500089701833916
1774368232.6045399,base,604383549,1774368232,-0.007494740592862247,0.9367648075339706,0.34987482394567426,-0.001769688750047822,-0.21987112577492132,0.3821257705415529,0.35009717910051813
1774368232.605531,base,605339637,1774368232,-0.007601843889127164,0.9367662654164073,0.34986841725227735,-0.0018073617980323834,-0.21986635371150395,0.3821337998099047,0.3501970272689796
1774368232.6065822,base,606356588,1774368232,-0.007637280149151248,0.936766530580609,0.34986687192721494,-0.0018196328634872386,-0.21986566490251888,0.38213596480660683,0.3502300348982994
1774368232.6075172,base,607318959,1774368232,-0.0077267833967168045,0.9367680658778911,0.3498606345025181,-0.0018504040722932033,-0.21986464269285586,0.3821430895535461,0.35031285435952697
1774368232.6085987,base,608379628,1774368232,-0.007837858032400261,0.9367682912869364,0.3498573577120384,-0.0018882996499875679,-0.21986137850548593,0.38214757804079486,0.3504147528603866
1774368232.6094768,base,609299201,1774368232,-0.007932522420921018,0.9367711207356761,0.3498474584452702,-0.0019230868549797008,-0.21985765889071013,0.3821526043708686,0.35050254590828345
1774368232.6106298,base,610384858,1774368232,-0.008038324458112724,0.9367721323403448,0.3498421338626695,-0.0019592817162588628,-0.2198543110585794,0.38215977157107733,0.35059938899395376
1774368232.611485,base,611266474,1774368232,-0.008071810201271705,0.9367726842981795,0.34983981869164893,-0.0019710633303576712,-0.2198530079518249,0.3821617577421246,0.3506302559353857
1774368232.6126232,base,612395748,1774368232,-0.008156441453351003,0.9367732629581776,0.34983614666701457,-0.001999188505863689,-0.21984972160462904,0.3821680976123132,0.3507079808458752
1774368232.61341,base,613262743,1774368232,-0.008272273110124176,0.9367744438134953,0.3498300347092481,-0.0020390514545614675,-0.21984505958497497,0.38217425797621035,0.3508151168087939
1774368232.6146142,base,614395150,1774368232,-0.008367498973485142,0.9367773762381575,0.34981971482048824,-0.002073512043492767,-0.21984056026426382,0.38218106027633386,0.35090254539596044
1774368232.6154647,base,615243613,1774368232,-0.008467494112941924,0.9367778873936556,0.3498157365160291,-0.002107538724375419,-0.21983796641655098,0.38218386921990743,0.35099473544991405
1774368232.616498,base,616334988,1774368232,-0.0085009564021926,0.9367783760572068,0.3498135472972755,-0.0021189665328482533,-0.2198364101529121,0.38218572297526204,0.35102551252818953
1774368232.6174839,base,617314059,1774368232,-0.008580554041797419,0.9367814718695286,0.34980313437941396,-0.002148309249868638,-0.2198290649781795,0.3821915357316417,0.35110020904961636
1774368232.618536,base,618378013,1774368232,-0.008693708194079209,0.9367824307938013,0.34979752504898115,-0.0021882101134168917,-0.21982550741781923,0.38219776945505785,0.3512049109691989
1774368232.61955,base,619402166,1774368232,-0.008790257813936584,0.9367841734328851,0.34979023413155214,-0.002221683916463724,-0.21982212502545487,0.3822043289384193,0.3512934327327777
1774368232.6206546,base,620493848,1774368232,-0.008890341603524627,0.9367874636205773,0.34977866496954885,-0.0022572907695566653,-0.21981390214955177,0.38221206750950987,0.351385478224291
1774368232.6215167,base,621384419,1774368232,-0.008925473571367287,0.9367882898810611,0.3497754756548422,-0.0022699104988384896,-0.21981200596317121,0.38221443819718764,0.3514175526496497
1774368232.622543,base,622396918,1774368232,-0.009002350553165547,0.9367891650295763,0.3497709770982373,-0.00229816175487348,-0.2198069645429723,0.3822166957893747,0.35149013533189777
1774368232.6234846,base,623338845,1774368232,-0.009115219134970796,0.9367914349272962,0.3497617099515569,-0.0023380502008672694,-0.21980073900207567,0.38222528526947447,0.3515939905330634
1774368232.6246986,base,624389406,1774368232,-0.009205089520962226,0.9367925599678832,0.34975613159224883,-0.002369457608085799,-0.21979607407041948,0.38222796289435995,0.35167912900761283
1774368232.6255655,base,625398626,1774368232,-0.009302536305746097,0.9367950391450534,0.3497466854138137,-0.002402809511596205,-0.21978727653230443,0.38223361466321426,0.35176914619672817
1774368232.6265411,base,626408282,1774368232,-0.009337084472435496,0.936795787333486,0.3497436794746757,-0.002414612868333868,-0.21978479935076717,0.38223584693504065,0.3518010626129753
1774368232.6275866,base,627398377,1774368232,-0.009414618282128216,0.9367973985178224,0.34973708326444997,-0.002443702624549315,-0.21978124678469457,0.3822389991747012,0.3518731658976967
1774368232.6286178,base,628431055,1774368232,-0.009523107014816724,0.9368004681986453,0.349725644266153,-0.0024833361044513764,-0.2197721938538172,0.38224539111534017,0.3519728721662391
1774368232.6295016,base,629335249,1774368232,-0.009611528962635141,0.9368025008795112,0.3497175460481233,-0.002516116645265728,-0.21976828525897996,0.38224868083139757,0.3520563065537305
1774368232.6305234,base,630319142,1774368232,-0.009710695064443732,0.9368055312876438,0.34970643738911206,-0.0025508035706266357,-0.21975929228165297,0.3822556585367999,0.35214774585435166
1774368232.6315017,base,631314596,1774368232,-0.009743361468677483,0.9368064818849968,0.349702898839154,-0.0025622156502205216,-0.21975641230261395,0.3822576595848054,0.35217795114069694
1774368232.6326482,base,632461501,1774368232,-0.009817990259403322,0.9368061181282809,0.34970159369939746,-0.0025883332067863827,-0.21975355752875134,0.38225902348998325,0.3522467291837596
1774368232.6335256,base,633349386,1774368232,-0.009924669280401399,0.9368091696010684,0.34969011026277247,-0.002628207648050117,-0.21974398874237133,0.38226449526543543,0.35234626425328536
1774368232.6347663,base,634383746,1774368232,-0.01001263704320832,0.9368121147324152,0.3496794770291493,-0.0026593485370897023,-0.2197359701050245,0.38226942867286756,0.3524282355427185
1774368232.6355677,base,635405934,1774368232,-0.010108305106226493,0.9368166630851312,0.34966427257013605,-0.002694145860325971,-0.21972607661450808,0.3822775443379126,0.35251481749417024
1774368232.636634,base,636433110,1774368232,-0.01013888796909669,0.9368177180454398,0.3496604721207348,-0.002705613274263108,-0.21972321673465312,0.38227920200258353,0.35254278548539125
1774368232.6373904,base,637282671,1774368232,-0.01021767208854349,0.9368187891115377,0.3496550977836673,-0.002732789523071973,-0.21971614235086154,0.3822837269597611,0.3526160128089118
1774368232.6383832,base,638260442,1774368232,-0.010320503636246512,0.9368234539426744,0.3496392702692138,-0.002772008878707832,-0.21970474566694978,0.38228986552599353,0.3527118494353749
1774368232.6394703,base,639384318,1774368232,-0.01040689545268567,0.9368263002129634,0.34962882979055077,-0.002803771677160314,-0.2196978713981768,0.3822936052420704,0.3527915230465434
1774368232.640604,base,640476670,1774368232,-0.01049893020006675,0.9368283991967905,0.34962019968907204,-0.0028352940599659705,-0.21968722088322745,0.38229880897757296,0.35287641349055665
1774368232.6415083,base,641381648,1774368232,-0.01052886108921308,0.9368291170851711,0.34961729167397204,-0.002845668311591711,-0.2196844302321666,0.38230018203197663,0.35290396319437634
1774368232.6425638,base,642426063,1774368232,-0.010604892048707982,0.9368314850042313,0.3496084074407019,-0.0028751375928968144,-0.21967747830187925,0.38230597421142215,0.35297537188558215
1774368232.643487,base,643383821,1774368232,-0.01070925958658648,0.9368344825419935,0.3495968909106165,-0.002911691091587712,-0.21966612719429243,0.3823105722960659,0.3530723307865702
1774368232.6445894,base,644469307,1774368232,-0.010790213732435293,0.936838415438971,0.3495835980249543,-0.0029432358609942227,-0.21965517832904755,0.3823151403497571,0.35314612855359373
1774368232.6454508,base,645368555,1774368232,-0.010884480716498108,0.9368424232934845,0.34956963033465827,-0.002979185260109581,-0.2196462518026567,0.3823210796373411,0.3532347980999984
1774368232.646465,base,646338203,1774368232,-0.010914758707295451,0.936843699590568,0.34956517020516537,-0.0029903777776280403,-0.21964289034186968,0.3823229477210976,0.3532630423600451
1774368232.647531,base,647417040,1774368232,-0.010986005468876259,0.9368449605504464,0.3495593490403758,-0.003014809038540268,-0.2196365624640801,0.3823258415256981,0.35332889332093537
1774368232.6484888,base,648369290,1774368232,-0.011082747961656963,0.9368498597207547,0.34954284645266,-0.003051480393599715,-0.2196218830906525,0.3823307251275041,0.3534186904654143
1774368232.6493807,base,649298193,1774368232,-0.01116223324354188,0.9368535972199469,0.34953004218424655,-0.0030808336114069757,-0.21961032976736553,0.38233643360483777,0.3534918062520846
1774368232.650545,base,650321546,1774368232,-0.011254716450163038,0.9368566169580325,0.3495186913418658,-0.0031136830677158107,-0.21959958441556135,0.3823442024323964,0.353578191280213
1774368232.6515512,base,651355520,1774368232,-0.011285393732432217,0.9368579910582137,0.34951391734382276,-0.003125069862807088,-0.21959552525717252,0.38234635434005365,0.35360691580160053
1774368232.652557,base,652451351,1774368232,-0.01135128289236064,0.936861061711098,0.34950331197416745,-0.003151879651835184,-0.21958633279747644,0.3823469704922857,0.35366910529035506
1774368232.653434,base,653347923,1774368232,-0.011449986705266802,0.9368657188713548,0.3494872932341148,-0.003186608855943779,-0.21957276862827024,0.38235404087279834,0.3537594858719287
1774368232.6545644,base,654434312,1774368232,-0.011528363828642177,0.936868121821736,0.3494780020496036,-0.003216399394462237,-0.2195623357874804,0.3823581687534105,0.35383171458517987
1774368232.6555202,base,655413722,1774368232,-0.011614618293649674,0.9368732078409322,0.3494612080510699,-0.0032491751601221174,-0.21955094896216723,0.38236357016218225,0.35391351797945103
1774368232.6566174,base,656506802,1774368232,-0.011644329567879851,0.9368746446539669,0.34945626355041776,-0.0032603157513706365,-0.21954660542361812,0.38236555907933734,0.3539413604229975
1774368232.6574986,base,657412715,1774368232,-0.011712659114868896,0.9368770877285837,0.34944719378775585,-0.003285553154218131,-0.21953581734537733,0.3823696548728875,0.35400429939197975
1774368232.6584637,base,658389806,1774368232,-0.011806693312050013,0.9368826582643168,0.34942875903648374,-0.0033209930511091997,-0.21952209644011147,0.3823756716728414,0.3540912992261158
1774368232.659476,base,659393609,1774368232,-0.011878581854898356,0.9368868437651388,0.34941482255461875,-0.003350082392594366,-0.2195076906906761,0.38237930010911225,0.35415830574488677
1774368232.6605384,base,660422577,1774368232,-0.011966170998754902,0.9368904750294172,0.34940178051461757,-0.0033829460528668823,-0.2194954963231166,0.3823852080949575,0.3542390313875836
1774368232.6614094,base,661289417,1774368232,-0.011993827176413657,0.9368918455638575,0.34939705833636203,-0.0033931477285994993,-0.21949100496430843,0.3823869702720783,0.35426455751854774
1774368232.6626058,base,662387818,1774368232,-0.012058155547871752,0.9368964052261672,0.3493823730802673,-0.003418207113335297,-0.21947895305162576,0.3823939177767532,0.3543239351768531
1774368232.6634715,base,663382484,1774368232,-0.012147119598090431,0.9369005056355155,0.3493679537694014,-0.003452955888286392,-0.21946695622163712,0.3823976111912089,0.35440640572057824
1774368232.6645193,base,664445205,1774368232,-0.012223796068247169,0.9369038124943267,0.34935612456648674,-0.003481834453647707,-0.2194548928128074,0.382402812430786,0.35447699817590494
1774368232.6654422,base,665342809,1774368232,-0.01230510283306424,0.9369099552336243,0.3493364736026272,-0.003514034615172387,-0.21943909302253928,0.3824082782047647,0.3545526911485939
1774368232.6664925,base,666274570,1774368232,-0.012330976834489195,0.9369114522035251,0.3493314464867416,-0.003523951712171965,-0.21943466336411727,0.3824099617443159,0.3545766354626506
1774368232.6674645,base,667315677,1774368232,-0.012399676834948034,0.9369132815213186,0.3493238635966956,-0.003548132638505038,-0.21942539720614637,0.38241556965732076,0.3546412794119346
1774368232.668551,base,668348750,1774368232,-0.012485362205278005,0.9369197514174483,0.34930312085944315,-0.0035811858822333343,-0.21940906363769258,0.3824193790360815,0.3547206434924166
1774368232.6694841,base,669316570,1774368232,-0.012557170374348793,0.9369236190991117,0.3492898815077241,-0.003609449089859747,-0.219395540870391,0.38242535303979636,0.3547884554962064
1774368232.6705194,base,670351082,1774368232,-0.012636154633968208,0.9369285124204292,0.3492735790570631,-0.0036410413864334224,-0.21938088272101533,0.38242935545099266,0.35486212217678176
1774368232.6714473,base,671331566,1774368232,-0.012661910765200924,0.9369300610055155,0.34926838797369786,-0.0036510220801339766,-0.2193762240498803,0.38243100832466637,0.35488573590767736
1774368232.6724741,base,672307987,1774368232,-0.012725795597693785,0.9369345796624898,0.3492536973162725,-0.0036745707222301163,-0.2193631951503988,0.3824366957474954,0.3549448825886588
1774368232.6733575,base,673261413,1774368232,-0.012810040832541511,0.9369392483144818,0.3492377350570456,-0.0037084004621021124,-0.21934846253696555,0.38244078093488415,0.35502228201626923
1774368232.6744356,base,674301652,1774368232,-0.012880479164890686,0.9369445767142762,0.34922055442193267,-0.0037360127712069246,-0.2193325418500943,0.38244629155176507,0.35508865778857235
1774368232.6753967,base,675283039,1774368232,-0.012958438006200616,0.9369494730474595,0.3492042013404036,-0.0037669094412153058,-0.21931657111618272,0.3824528580238743,0.3551603809030113
1774368232.6765075,base,676359801,1774368232,-0.012984599310025666,0.936950975947349,0.3491990877834245,-0.003777028367950515,-0.21931184522495717,0.38245448064065396,0.355184318893989
1774368232.6773999,base,677304451,1774368232,-0.013042997868794577,0.9369544629967601,0.349187302774753,-0.0038002707719974084,-0.21930031260957109,0.3824576160513442,0.3552406615460236
1774368232.6784306,base,678308933,1774368232,-0.01312371693787076,0.9369621398733647,0.3491633138846489,-0.0038336320572024732,-0.21928095219106508,0.38246275676444846,0.3553149478416472
1774368232.6793644,base,679278864,1774368232,-0.013193963973719197,0.9369658201993328,0.34915049088277905,-0.0038608042123604823,-0.21926635871008424,0.3824681448160696,0.35538005262030853
1774368232.6804662,base,680354391,1774368232,-0.013267453260952793,0.9369718948921898,0.3491310584963974,-0.0038918966189864317,-0.21924951120405703,0.3824720792572143,0.3554489885796113
1774368232.6813412,base,681269522,1774368232,-0.013293108969774432,0.9369737828988149,0.34912489724930007,-0.003902503666582991,-0.21924412045873506,0.3824737842479781,0.3554728273320403
1774368232.6825,base,682389607,1774368232,-0.013352592528726096,0.9369777822470238,0.34911165297351027,-0.003923978378396575,-0.2192317917455726,0.3824778461793972,0.3555270016412786
1774368232.6834373,base,683326777,1774368232,-0.013430293434557754,0.936983451099056,0.34909311826290607,-0.00395403164443509,-0.21921390046294217,0.3824840880751632,0.3555994234934827
1774368232.6845248,base,684393438,1774368232,-0.013495319382638244,0.9369885662160122,0.34907658369722766,-0.003980182093141995,-0.21919795426339747,0.38248775648200795,0.3556608596258986
1774368232.6853838,base,685309907,1774368232,-0.013566391581276697,0.9369934326003527,0.349060442124595,-0.004008494362472425,-0.21918184687650555,0.3824921194943306,0.35572735757465374
1774368232.6865041,base,686393436,1774368232,-0.01359074466474685,0.9369951201549571,0.3490548531112843,-0.004018206654096981,-0.21917657842628585,0.38249374665757213,0.35575006023958183
1774368232.6874218,base,687317332,1774368232,-0.01364654728371969,0.9370004859318161,0.3490380094401859,-0.004040925241383641,-0.2191605392502867,0.3824995513203965,0.3558027328714839
1774368232.688523,base,688387359,1774368232,-0.013722631444433133,0.9370056734136025,0.3490207436702085,-0.004071592422630744,-0.21914487485355602,0.3825042986960275,0.3558748132291433
1774368232.6894178,base,689306649,1774368232,-0.013781926081353103,0.9370093838554162,0.3490081624029829,-0.004095809623829159,-0.21912982051929167,0.3825066258871651,0.3559310879715721
1774368232.6905227,base,690390616,1774368232,-0.013852612172917856,0.9370163032748932,0.3489864235665805,-0.004126584452971964,-0.21911216116162338,0.3825117836776443,0.3559975051869045
1774368232.6913393,base,691262746,1774368232,-0.013875784151437026,0.9370181844865529,0.34898033665434636,-0.004136324978300764,-0.21910681797765855,0.38251349362590154,0.3560191262090029
1774368232.692497,base,692377742,1774368232,-0.013925942678632114,0.9370220434295082,0.3489677387248266,-0.004156389897682127,-0.21909377432802998,0.3825157767584393,0.3560658221904812
1774368232.693304,base,693242791,1774368232,-0.013999669136092968,0.9370292308927152,0.3489451324117253,-0.004186201482264792,-0.2190731673917046,0.38252363810200035,0.35613531065440734
1774368232.6944282,base,694310601,1774368232,-0.014057975096086549,0.937033299158217,0.3489315855921797,-0.004209296971294972,-0.21906023939314345,0.382525913503218,0.35619130188661424
1774368232.6954145,base,695338716,1774368232,-0.014124098098788847,0.9370380220793763,0.34891589654233773,-0.004237000179705252,-0.21904458789128306,0.3825303417223506,0.3562530213037076
1774368232.6964955,base,696371018,1774368232,-0.014145392078608997,0.9370399196622078,0.3489098279347953,-0.0042460349618382055,-0.21903925239693658,0.38253209982988207,0.35627301324219834
1774368232.6974397,base,697325586,1774368232,-0.014196094728526789,0.9370447486673386,0.34889454868798764,-0.004266589414103914,-0.21902391819886471,0.38253541953106024,0.3563208483428264
1774368232.698384,base,698276312,1774368232,-0.0142682515239208,0.9370493682030937,0.348878846634654,-0.004295220542237976,-0.2190073536660457,0.3825410808321395,0.3563897302730151
1774368232.699397,base,699331074,1774368232,-0.014321554540050017,0.9370561348774444,0.3488581813268047,-0.004320009890656081,-0.2189884720657446,0.382545025259283,0.35644147014172506
1774368232.7005045,base,700392810,1774368232,-0.014387811146830552,0.937060490165118,0.3488434498002886,-0.00434467413569562,-0.21897387672967647,0.3825490998767748,0.35650482340443473
1774368232.7012937,base,701236027,1774368232,-0.014408918429068324,0.9370622064300612,0.34883786513427967,-0.0043529528699211015,-0.21896829104872578,0.382550795595505,0.3565249115536329
1774368232.7025185,base,702406049,1774368232,-0.014458093717708188,0.9370654234103399,0.34882692380008495,-0.004374129287058908,-0.21895626281666886,0.3825536329425566,0.35657172873200393
1774368232.7034128,base,703337962,1774368232,-0.014524064796776863,0.9370722872978724,0.34880537731982636,-0.004403257076998482,-0.21893758490250376,0.3825582808009655,0.35663454094000063
1774368232.70445,base,704333667,1774368232,-0.014581826654374675,0.9370785078611771,0.34878593417059695,-0.004428607098803491,-0.2189193815968091,0.3825632147505406,0.3566891695090721
1774368232.7054338,base,705328830,1774368232,-0.01464266442326525,0.9370842665243176,0.34876757509759365,-0.004455151143736477,-0.21890332034175203,0.3825688162311606,0.35674860475363057
1774368232.7064574,base,706357603,1774368232,-0.014663027867147448,0.9370861070900464,0.3487616637954789,-0.0044637852993600555,-0.21889774243773585,0.38257037391981596,0.35676834222906595
1774368232.7074034,base,707338422,1774368232,-0.01471056351190521,0.937091197958938,0.34874571670964716,-0.004484540747841064,-0.21888288677611903,0.3825730640499574,0.3568128415522148
1774368232.7084782,base,708351615,1774368232,-0.014774906036293245,0.9370947156553192,0.34873320534262114,-0.004510824088391835,-0.21886698379278188,0.3825770183797413,0.35687593563808356
1774368232.7094402,base,709334013,1774368232,-0.01482821709219008,0.9371009684936965,0.34871385297052054,-0.00453294302820679,-0.21885115723264836,0.38258291287566637,0.3569268558578937
1774368232.7104673,base,710346703,1774368232,-0.01488655171860373,0.9371069581957616,0.3486949457186235,-0.00455788430114612,-0.21883461111724917,0.3825893537248294,0.35698361258099054
1774368232.7114463,base,711376285,1774368232,-0.014907107038811162,0.9371087558206097,0.3486891238485829,-0.00456649031420601,-0.2188291253784255,0.3825910366271466,0.35700333539392726
1774368232.7125578,base,712411045,1774368232,-0.014955438573636733,0.9371132132520398,0.34867480468345613,-0.0045870452865341815,-0.21881562187316714,0.3825941545449177,0.35705037486915475
1774368232.713528,base,713382581,1774368232,-0.01501752904137261,0.9371159848364585,0.3486643526332378,-0.004612373394600613,-0.21880045256213398,0.3825978754000125,0.3571104371651966
1774368232.714476,base,714353453,1774368232,-0.015070312286150123,0.9371218504428627,0.34864600273733665,-0.004635502714903873,-0.21878476128129368,0.3826032727428194,0.3571617835050501
1774368232.7154758,base,715398422,1774368232,-0.015123936496953708,0.9371254958921904,0.34863360033601953,-0.004656630798867258,-0.21877340095546974,0.382606275372543,0.3572135344029924
1774368232.7165704,base,716461365,1774368232,-0.015143219168524532,0.9371270792161552,0.3486284021591151,-0.004664495792062165,-0.21876857986999967,0.38260756674210333,0.35723203474169524
1774368232.717521,base,717383723,1774368232,-0.015185091201478108,0.9371333698761032,0.3486093816473915,-0.004686053487188659,-0.21875264794356666,0.3826134389985486,0.35727292574560027
1774368232.7184455,base,718346533,1774368232,-0.01524250935635073,0.9371399925210434,0.3485887252187376,-0.004711791225815236,-0.21873092171078828,0.38261848126929415,0.3573296608507352
1774368232.7194624,base,719389975,1774368232,-0.015296505158010523,0.9371438556285702,0.348575674138699,-0.004733939830634802,-0.21872036344759033,0.3826216458411321,0.35738191816847864
1774368232.7205138,base,720387774,1774368232,-0.01534733451664556,0.9371494637301679,0.3485580617285768,-0.004756002261411606,-0.21870285270151538,0.3826274878709171,0.3574328257510126
1774368232.7214487,base,721334857,1774368232,-0.015364866483246935,0.9371510173170942,0.34855301399627153,-0.004763197833627756,-0.2186976489810504,0.38262887665453976,0.35745009530308286
1774368232.7224584,base,722351903,1774368232,-0.015410576828417923,0.9371535751531871,0.3485438715273057,-0.004781246717361265,-0.2186870460990053,0.3826321973555781,0.35749245739886115
1774368232.7234464,base,723380052,1774368232,-0.015463046778312341,0.9371598123772187,0.3485244069314644,-0.00480812047467208,-0.21866815959051397,0.38263464821282384,0.3575458676037836
1774368232.7245522,base,724415636,1774368232,-0.015511844582017258,0.9371636775919273,0.3485115606793776,-0.004828680240184735,-0.2186553572013724,0.3826386420833564,0.35759296444166355
1774368232.7255037,base,725385568,1774368232,-0.015562264004988415,0.9371715348665243,0.3484878645577345,-0.004851642088225129,-0.21863545953713792,0.38264447478434593,0.35764326689001624
1774368232.726439,base,726330224,1774368232,-0.015578744281529817,0.9371735558001392,0.3484815912106567,-0.004858973433016871,-0.2186299809169747,0.38264631005553307,0.357659633919267
1774368232.727448,base,727380121,1774368232,-0.01562234173645058,0.9371756780331962,0.34847369752989793,-0.004875763686823386,-0.21862121169891352,0.38265022828223827,0.3576999874501793
1774368232.7285774,base,728442467,1774368232,-0.015677132729452193,0.9371815986911538,0.3484549803004755,-0.004899519146980136,-0.21860367010272397,0.3826555920481022,0.3577533505055522
1774368232.7294388,base,729363993,1774368232,-0.015722094998758433,0.9371862247483371,0.3484402107803556,-0.004920912735535865,-0.21859037456471808,0.3826594114386442,0.35779719306827323
1774368232.730451,base,730348434,1774368232,-0.015774342029260348,0.9371926936750904,0.34842009688598896,-0.00494582061242074,-0.21857264490906275,0.38266574531655406,0.3578476570835905
1774368232.731489,base,731395958,1774368232,-0.01579087566307028,0.9371945102553894,0.3484143564339308,-0.004953223564937208,-0.2185674056672995,0.38266747885054536,0.35786367119815987
1774368232.7324083,base,732303311,1774368232,-0.01582489270942991,0.9371993121058573,0.3483996823935146,-0.0049682458817139116,-0.2185523764895737,0.3826695609029151,0.35789959744728245
1774368232.7334847,base,733367175,1774368232,-0.015881113717203046,0.9372029021730529,0.34838712924631404,-0.004991849458918354,-0.218538759349759,0.38267564917797986,0.35795391906226526
1774368232.734422,base,734298826,1774368232,-0.01592364329037454,0.9372080808169613,0.3483709899163888,-0.0050104112031247455,-0.2185229360469409,0.3826785799776067,0.3579953348346988
1774368232.735458,base,735366186,1774368232,-0.015972079975046797,0.9372139416788388,0.34835269278629655,-0.0050320584874292374,-0.21850733126887797,0.3826851317974522,0.3580434359832034
1774368232.7365432,base,736419409,1774368232,-0.015987633586306144,0.93721525521318,0.3483483454118726,-0.005038969816798703,-0.21850262649472094,0.38268658497939523,0.3580588902912748
1774368232.737399,base,737306033,1774368232,-0.016022197281444814,0.9372192658522863,0.3483357065099818,-0.005056923943247088,-0.21849054852347008,0.38268918565096,0.3580929439502568
1774368232.7385013,base,738388549,1774368232,-0.01607674615577102,0.9372255095516837,0.3483160276182337,-0.005082064824811324,-0.21847205853819415,0.3826970723472351,0.3581464242597088
1774368232.7395022,base,739413413,1774368232,-0.01611783286160351,0.9372304731417652,0.3483005270012781,-0.005098879184694518,-0.21845609614692252,0.3827012399128798,0.3581863894749252
1774368232.7405758,base,740464053,1774368232,-0.01616097051036162,0.9372356724609084,0.34828420301066193,-0.005121643499898786,-0.21844265086434572,0.3827052206530748,0.35823012851772507
1774368232.7414868,base,741347232,1774368232,-0.016175772283247056,0.93723754090829,0.3482783820325429,-0.00512883144740419,-0.21843787520186397,0.38270669917737443,0.35824499610732
1774368232.7426043,base,742392504,1774368232,-0.016209927725915275,0.9372400059573721,0.3482699362418009,-0.005144024327072169,-0.2184266891460811,0.382708543570519,0.3582787360735881
1774368232.7436235,base,743510338,1774368232,-0.016256929886552557,0.9372468528371348,0.34824899421515526,-0.005165956415078151,-0.2184087722488839,0.3827140117766544,0.358325656055221
1774368232.7445776,base,744416290,1774368232,-0.0163018306732791,0.9372521110373232,0.3482324289224882,-0.005187110903488578,-0.21839419010802244,0.38272078283685884,0.3583684861832729
1774368232.7453663,base,745291760,1774368232,-0.01633881750919449,0.9372586860397093,0.34821273119572116,-0.005205028216567847,-0.21837740892098242,0.38272571901865055,0.3584043977127532
1774368232.7464402,base,746357663,1774368232,-0.01635307118065805,0.9372606463782431,0.348206684476101,-0.005211784700011524,-0.21837187148817752,0.38272764928250785,0.35841825317564213
1774368232.7474327,base,747360109,1774368232,-0.016389012772113867,0.9372643595416349,0.3481947411099772,-0.005229039751279418,-0.21835976376039254,0.38273174894505746,0.3584543996479448
1774368232.748514,base,748420643,1774368232,-0.016435158599760247,0.9372717110431421,0.3481724396958924,-0.0052514261178697695,-0.218342107008873,0.3827393453126675,0.3584999398993263
1774368232.7493777,base,749320037,1774368232,-0.01647150967902822,0.9372756248531123,0.34815993377181603,-0.005268106026462514,-0.21832954042913105,0.38274361928955697,0.3585361776329562
1774368232.750424,base,750334904,1774368232,-0.016510054555111734,0.9372811362893579,0.34814295790323113,-0.005288716016788292,-0.21831228553232665,0.38274952983805144,0.35857429149188874
1774368232.7514083,base,751354405,1774368232,-0.01652303452010946,0.9372829570779392,0.34813734232416343,-0.005295146924275243,-0.2183070280092722,0.3827512156169576,0.3585870423282326
1774368232.7525017,base,752410571,1774368232,-0.01655583499338278,0.9372866320676302,0.34812568911439257,-0.00530831928392215,-0.21829689549737094,0.38275474893661915,0.35861787772018994
1774368232.7533958,base,753300797,1774368232,-0.016597043662628177,0.9372923985669565,0.34810788271761345,-0.005329138778704612,-0.2182802832542423,0.3827602917410967,0.35865809146271194
1774368232.7545419,base,754424148,1774368232,-0.016629538290983466,0.9372979216260144,0.3480911891333546,-0.005346832661447043,-0.21826570025223374,0.38276496357728934,0.35869047503166723
1774368232.755438,base,755363895,1774368232,-0.016671851219594254,0.9373040544747312,0.3480723500829539,-0.005366372133141209,-0.2182495505204565,0.3827719729724567,0.3587314438260617
1774368232.7564986,base,756376913,1774368232,-0.01668482201248962,0.9373059485032776,0.34806653484655703,-0.005372423539990536,-0.21824407337300938,0.38277409303550275,0.3587437667424448
1774368232.757313,base,757249340,1774368232,-0.016714057241878865,0.9373095542055883,0.34805521430936487,-0.005385877597816574,-0.21823185044149238,0.3827793487533746,0.3587722381486627
1774368232.7584589,base,758331501,1774368232,-0.01675149223431602,0.9373149135213615,0.3480386884150232,-0.005404790904060489,-0.21821742040809575,0.38278113340699016,0.3588080452341173
1774368232.7593186,base,759255430,1774368232,-0.016786703063021075,0.9373194050221123,0.3480246214580646,-0.005422400597338469,-0.2182040440920641,0.3827875328522195,0.35884221059858484
1774368232.7604644,base,760330042,1774368232,-0.01682174332989278,0.9373246013220048,0.348008686349219,-0.005438284047280318,-0.21818720705614875,0.38279418366361445,0.3588752370754474
1774368232.76133,base,761277087,1774368232,-0.016834088461611302,0.9373262077260428,0.34800367627840795,-0.005443810457288675,-0.21818239777090548,0.38279615884850143,0.3588868767447665
1774368232.7623947,base,762267582,1774368232,-0.016859825989071806,0.9373307850148417,0.34798988271809045,-0.005457770325741095,-0.2181717690756816,0.38279965169199015,0.3589130065605238
1774368232.763395,base,763325614,1774368232,-0.016894950062939004,0.9373361966910162,0.3479733144317435,-0.005476082411576428,-0.21815639630488853,0.38280478497615983,0.3589467456829922
1774368232.7645102,base,764389228,1774368232,-0.01692356860614981,0.9373404467521802,0.3479602272932755,-0.005491805720193967,-0.21814431064677864,0.38280847663245965,0.35897370394088135
1774368232.7653544,base,765280083,1774368232,-0.01695528043289332,0.937346388290437,0.3479424328194931,-0.005507292253707576,-0.2181283509256675,0.3828144738222539,0.3590053596530565
1774368232.7664635,base,766339586,1774368232,-0.016965878926253296,0.9373482306818725,0.3479368667394732,-0.005512726488861114,-0.21812333806927417,0.38281643417945,0.35901572080636457
1774368232.7675066,base,767360454,1774368232,-0.01699505613635096,0.9373509553640524,0.34792788173634864,-0.005526631476590961,-0.218113425504158,0.3828199719941477,0.3590420500612734
1774368232.7685475,base,768368891,1774368232,-0.017032033912929775,0.9373561619942014,0.3479117595831263,-0.005544631282811112,-0.21810068137974128,0.3828257391315689,0.35907783969623447
1774368232.7695081,base,769334014,1774368232,-0.017059316784406704,0.9373603508150229,0.34789892309074794,-0.005558034102463996,-0.21808642116710242,0.3828306992677875,0.3591033115462091
1774368232.770543,base,770364719,1774368232,-0.017089328463583214,0.9373654250851728,0.3478835133850044,-0.0055745692625013155,-0.218073173942331,0.3828358674441844,0.35913131097914197
1774368232.7714155,base,771337460,1774368232,-0.017099932496670422,0.9373673255955852,0.3478777785086227,-0.005580361484269357,-0.21806830115864426,0.3828379392644959,0.35914138603059775
1774368232.7725275,base,772391064,1774368232,-0.017120708794842256,0.937372032797202,0.3478638671287748,-0.005593157088578353,-0.21805513130780588,0.38284090280104466,0.35916281215503515
1774368232.7733424,base,773264575,1774368232,-0.01714930566880055,0.9373780557331587,0.3478459650475286,-0.005609504893917458,-0.21804026149509054,0.3828470959992491,0.3591917897928812
1774368232.7745066,base,774379247,1774368232,-0.01717658811684985,0.9373829706096413,0.3478311427661521,-0.005623820205268501,-0.2180257105228914,0.38285322942053357,0.3592182665861108
1774368232.7754097,base,775335443,1774368232,-0.017199664402738908,0.9373875204665868,0.34781751641228886,-0.0056376674897174114,-0.2180127801777575,0.38285625539431534,0.3592412033965936
1774368232.7764943,base,776366501,1774368232,-0.01720902041933422,0.9373893271672008,0.3478121019417603,-0.005642753945007268,-0.21800808852939538,0.38285829605773675,0.3592504798803921
1774368232.7774076,base,777333241,1774368232,-0.017234430634309066,0.9373936009134103,0.3477991107899762,-0.00565596154539821,-0.2179975609438193,0.38286356719384695,0.3592740260838441
1774368232.7790403,base,778329432,1774368232,-0.017261085133877255,0.937398807370805,0.3477835211884517,-0.00567038530921853,-0.21798230648473504,0.38286891488152064,0.359300526956798
1774368232.77941,base,779338215,1774368232,-0.01728462512608728,0.9374040130734963,0.3477680931554335,-0.005684310951102564,-0.2179688145834916,0.38287567519354126,0.3593233306694529
1774368232.7805474,base,780418101,1774368232,-0.017310017800133175,0.9374087055064081,0.34775396180092205,-0.0056977343148138975,-0.21795728477582194,0.38287995707450045,0.35934805023813543
1774368232.7814305,base,781333536,1774368232,-0.017318163247109965,0.9374103217168004,0.34774912563784227,-0.005702243301316339,-0.21795307477541273,0.3828817130869983,0.3593558321623621
1774368232.7825375,base,782412701,1774368232,-0.017339090890320333,0.9374144134388577,0.3477368626214398,-0.005713823446466841,-0.21794298532398845,0.38288620607146606,0.3593768452340975
1774368232.7833405,base,783284525,1774368232,-0.01736198456637037,0.9374208700431674,0.34771808709673024,-0.005727635220473626,-0.21792567430815704,0.3828926623711742,0.3594006591392864
1774368232.7844977,base,784390001,1774368232,-0.017383975454466048,0.9374241565980191,0.34770791982658217,-0.005740253806414348,-0.21791604778348916,0.3828965620270449,0.35942181184231037
1774368232.785428,base,785322614,1774368232,-0.017412292155079195,0.9374275418479526,0.34769715586813826,-0.005753578714057393,-0.21790415129756185,0.3829031615208023,0.359447932719911
1774368232.7865129,base,786391054,1774368232,-0.01741993356209328,0.9374289102659439,0.34769301275916203,-0.005757863384484683,-0.21790004916871084,0.3829049650456957,0.3594552300442629
1774368232.7873998,base,787337434,1774368232,-0.017433152701302468,0.9374339390560621,0.3476786226757443,-0.00576805227314757,-0.21788853211515877,0.3829078810229265,0.359469250367135
1774368232.7885368,base,788414308,1774368232,-0.01745763854990133,0.9374406862510027,0.34765895911316874,-0.005782626207718789,-0.21787299155391102,0.3829157403516404,0.35949266787874534
1774368232.7893732,base,789324148,1774368232,-0.017478852388211858,0.9374430642353915,0.3476512847823269,-0.005794413287658741,-0.2178640999600073,0.3829191759559085,0.35951318808094157
1774368232.790468,base,790341239,1774368232,-0.01749961911812933,0.9374502511197641,0.3476306503549486,-0.00580697339471848,-0.2178496545633437,0.38292798807261,0.35953365766692047
1774368232.7914116,base,791313571,1774368232,-0.017506543347691417,0.9374521150163421,0.34762520607540337,-0.005811118002212365,-0.2178452812948488,0.3829300885993625,0.35954064638635086
1774368232.7925332,base,792411035,1774368232,-0.017519546067539832,0.9374555366987394,0.3476151926665097,-0.005818938553656095,-0.21783496057406113,0.3829322109611183,0.3595527899020313
1774368232.7933178,base,793265454,1774368232,-0.01754360776360355,0.9374603457798392,0.3476007761729281,-0.005832865587262302,-0.2178219489377447,0.3829386021851734,0.3595765539579673
1774368232.7945366,base,794417863,1774368232,-0.017558486546728317,0.9374650526408375,0.34758718736684463,-0.005841387310071825,-0.21780982529124374,0.3829434011953271,0.35959140263962575
1774368232.795391,base,795333699,1774368232,-0.01757438870096713,0.9374683007593494,0.3475774546962833,-0.005851403252080877,-0.21779932598251503,0.3829480182672434,0.35960675587194646
1774368232.7965417,base,796410643,1774368232,-0.017580018000563222,0.9374700536582863,0.3475723768554266,-0.00585528036041439,-0.21779508217837948,0.38294990706267873,0.359612323883419
1774368232.7973325,base,797272582,1774368232,-0.017594909134406575,0.9374742560207187,0.34756009590938236,-0.0058667028570637755,-0.21778522894399513,0.3829542934091254,0.3596272295875972
1774368232.7984014,base,798287585,1774368232,-0.017613505339409807,0.9374786811404178,0.34754704842148965,-0.00587673126765004,-0.21777407809636412,0.38296032381095074,0.3596445402572136
1774368232.7994325,base,799333191,1774368232,-0.017625977422916016,0.9374845317862831,0.3475304843714619,-0.0058855767667535756,-0.21776071232902453,0.3829672344984519,0.3596566008448127
1774368232.8004477,base,800364787,1774368232,-0.01764222214759673,0.9374894935624671,0.34751610402228317,-0.005895668143419861,-0.21774875651548123,0.38297306507910794,0.3596715975983496
1774368232.8014562,base,801358474,1774368232,-0.01764704389205331,0.9374911302227124,0.34751138816854044,-0.0058989565846305535,-0.21774470578241306,0.3829749863466859,0.35967624462374287
1774368232.8024547,base,802366112,1774368232,-0.017659319243525578,0.937495126554177,0.3474998459030299,-0.00590704904274162,-0.21773622414965257,0.3829803775280148,0.3596883651153936
1774368232.8034668,base,803329608,1774368232,-0.01767568851441773,0.9375000280353563,0.34748559134199136,-0.005918722746832693,-0.21772262182378502,0.38298742942867553,0.35970372948764884
1774368232.8045502,base,804410248,1774368232,-0.01768541182166901,0.9375050934796018,0.3474712838048373,-0.005927296139002911,-0.21770987932010744,0.3829917114123033,0.3597132779922398
1774368232.8053966,base,805273680,1774368232,-0.017698300584770555,0.9375096882696614,0.3474580835786987,-0.005935883485331282,-0.21769796733971525,0.38299678148169475,0.3597256333327477
1774368232.8065367,base,806413437,1774368232,-0.01770232652138769,0.9375112581546984,0.34745359486549265,-0.0059386769545776924,-0.21769414199238474,0.38299866621304623,0.3597295149082916
1774368232.8074474,base,807327671,1774368232,-0.017711191065268663,0.937516499674401,0.3474388545111196,-0.005947177928185495,-0.21768388452972087,0.38300497832653496,0.35973930137099286
1774368232.8085623,base,808409874,1774368232,-0.01772154619880228,0.9375215809396603,0.34742448351526883,-0.005954857418299404,-0.21766922641680192,0.3830124544285493,0.3597498744974935
1774368232.809403,base,809259792,1774368232,-0.017728318224318307,0.9375251808820346,0.347414315358144,-0.005961160061394847,-0.21765976529466696,0.38301454585007255,0.35975605937318283
1774368232.8104086,base,810266039,1774368232,-0.017740335397475587,0.9375315381308823,0.34739638627221775,-0.005970453494607533,-0.217646276017696,0.3830237224877451,0.3597690158616169
1774368232.811386,base,811241421,1774368232,-0.0177431900469604,0.9375333550065181,0.34739128750734655,-0.005973342545631809,-0.2176422739719515,0.3830258739347369,0.35977220530798426
1774368232.8124564,base,812307917,1774368232,-0.017753119984093006,0.9375373568997264,0.34737987950532434,-0.005979169103801625,-0.21763418443809598,0.3830316484074465,0.3597809182448643
1774368232.813487,base,813333387,1774368232,-0.017757809733924212,0.9375423243089849,0.34736612662010397,-0.005985348753891401,-0.21761985420981386,0.3830362670826148,0.35978456178964535
1774368232.8145742,base,814410248,1774368232,-0.01776788612067079,0.9375474201215837,0.34735173893386867,-0.005992220438471456,-0.21760924845148524,0.3830446759205553,0.35979534191339624
1774368232.8154142,base,815243494,1774368232,-0.01777151253661411,0.9375517871892484,0.3473396360389218,-0.005999743057561841,-0.2175992425023753,0.38304865195464977,0.3597998915213413
1774368232.8164604,base,816319149,1774368232,-0.017773348741445424,0.937553458929045,0.3473349848413501,-0.006002335375295359,-0.2175956224230108,0.38305058470133674,0.35980197435976524
1774368232.8173885,base,817267762,1774368232,-0.017777909748724313,0.9375581232258199,0.347322080392698,-0.006006993418736474,-0.21758456766550105,0.383056454251647,0.35980655253802657
1774368232.8184483,base,818309710,1774368232,-0.01778314887712458,0.9375611275083966,0.3473136146017064,-0.006012063996282384,-0.21757280671781523,0.3830631238169147,0.3598106462989566
1774368232.819537,base,819316905,1774368232,-0.0177848278581387,0.9375678294458892,0.3472953252867833,-0.006018481546683409,-0.21756049116458687,0.38306850361726896,0.3598142515622559
1774368232.820533,base,820388198,1774368232,-0.017788110437922413,0.9375747750674123,0.3472763042252356,-0.006024351251481151,-0.21754645799966119,0.38307765062700805,0.3598179171039376
1774368232.8214545,base,821245113,1774368232,-0.017789083138569778,0.9375765466392912,0.34727143878823863,-0.006026235556017918,-0.2175424528787915,0.38307979394738395,0.35981909837463766
1774368232.8225725,base,822356337,1774368232,-0.017791407403646476,0.9375793494751199,0.34726368257781226,-0.006030258941765359,-0.21753369751139287,0.3830848601368249,0.3598211412637397
1774368232.8235304,base,823308284,1774368232,-0.01779165388177163,0.9375848723295337,0.34724866405139465,-0.006035689313147524,-0.2175205755841059,0.3830902125033258,0.359823101766352
1774368232.8246362,base,824421363,1774368232,-0.01779282359446211,0.9375897029967307,0.3472354826913127,-0.006040184034412783,-0.21751061537740363,0.3830960401229208,0.35982420236707896
1774368232.8254428,base,825240271,1774368232,-0.017791385181474433,0.9375952165834047,0.34722060539154015,-0.006043810451616942,-0.2174978797675837,0.38310254686121364,0.3598233874524725
1774368232.826535,base,826317770,1774368232,-0.017791194446426743,0.9375969819472044,0.34721582285864844,-0.006045262629093812,-0.2174939526646828,0.38310477428290696,0.3598234142610036
1774368232.8274677,base,827266531,1774368232,-0.017790628569647207,0.9376013761896087,0.34720393570665425,-0.006048134609796547,-0.21748393474122787,0.38311097313421555,0.35982380165277117
1774368232.8287172,base,828400325,1774368232,-0.017790365083096362,0.9376059143653818,0.34719158851726756,-0.006054182035826208,-0.21747261409166668,0.3831178436667218,0.35982476618476444
1774368232.8294594,base,829303792,1774368232,-0.017787714896003386,0.9376111050896913,0.34717763984431577,-0.0060579867445467095,-0.21746330594619528,0.38312160503708514,0.35982330296559917
1774368232.8306243,base,830362044,1774368232,-0.01778696062356736,0.9376151656229736,0.34716665694721077,-0.006061149204317543,-0.2174550518490106,0.3831278206209239,0.35982174566664554
1774368232.8315196,base,831286304,1774368232,-0.017786388188131153,0.9376168300537125,0.34716216878958317,-0.006062421674673355,-0.21745139179125975,0.38312996551344297,0.3598213349189382
1774368232.832534,base,832357720,1774368232,-0.017785110247685056,0.937621151585952,0.34715048383695346,-0.0060669204609744894,-0.2174407545395441,0.3831357552614459,0.3598213593423007
1774368232.8334737,base,833257597,1774368232,-0.017778837521126276,0.9376268815668445,0.34713527195031546,-0.006070162074652042,-0.21742666250987205,0.38314235087201454,0.3598168275429084
1774368232.8345244,base,834291973,1774368232,-0.01777078577619574,0.9376321042494318,0.3471215581289242,-0.006071254880754035,-0.21741569765257882,0.38314784250062595,0.35981069488887657
1774368232.835372,base,835270104,1774368232,-0.017772015307205798,0.937637362407183,0.34710721938346584,-0.0060753882098020665,-0.21740399060396848,0.38315539326723774,0.3598118898972286
1774368232.836465,base,836350079,1774368232,-0.01777221901455319,0.93763884270394,0.3471031862894753,-0.006076755039370998,-0.21740071207551206,0.38315736311281823,0.3598120024639823
1774368232.8373559,base,837260991,1774368232,-0.017763867609688254,0.9376430696158923,0.34709218147118825,-0.006077546413163232,-0.21738932535759778,0.3831618190831962,0.3598054413411923
1774368232.8385134,base,838389033,1774368232,-0.017758384593452817,0.9376477414948722,0.34707978246745447,-0.006080892084289035,-0.2173797134358443,0.38316750463077465,0.3598009613855129
1774368232.8393633,base,839312017,1774368232,-0.017751674844071662,0.9376533552504844,0.3470649383609323,-0.006082103933796784,-0.21736846584081362,0.3831735719139454,0.3597963352936061
1774368232.8405015,base,840388940,1774368232,-0.017745991575503644,0.9376578714030305,0.3470529674479602,-0.006085537322641323,-0.21735771886808766,0.383179304202038,0.3597907456194825
1774368232.8414118,base,841318868,1774368232,-0.01774525730622168,0.937659500005269,0.34704858519404747,-0.0060866581812156215,-0.21735375153304234,0.38318180187374445,0.35978997437367866
1774368232.842504,base,842390026,1774368232,-0.017738702709966477,0.9376628338329944,0.34703992745762174,-0.006085821608814948,-0.21734408282424533,0.38318330918902094,0.3597851830924417
1774368232.8433118,base,843254658,1774368232,-0.01772907985457803,0.9376682264383085,0.34702581772219393,-0.006087584889749413,-0.21733271703175147,0.38319022694891397,0.3597779683424348
1774368232.8444278,base,844318433,1774368232,-0.017721919266826952,0.9376739887719865,0.34701055732046165,-0.006090768923156987,-0.21732138296774386,0.38319504637932394,0.3597725201509394
1774368232.8452919,base,845235899,1774368232,-0.017711654161381228,0.9376777866746342,0.3470007971861161,-0.00609199770409519,-0.21731102365641886,0.3832001181938282,0.3597648692346826
1774368232.846435,base,846293978,1774368232,-0.017709563394399486,0.937679253638314,0.34699691924241916,-0.006093168054823015,-0.21730766605620785,0.3832018868351262,0.35976360179875466
1774368232.8473716,base,847296133,1774368232,-0.017699667022479434,0.9376838357777926,0.3469850445162358,-0.00609301160387265,-0.21729748853625783,0.38320422478022914,0.3597554569118076
1774368232.848493,base,848370302,1774368232,-0.017693641679617334,0.9376889231629257,0.3469715671121162,-0.006095083053437034,-0.21728517025425964,0.38321029680378077,0.35975072149809373
1774368232.8493476,base,849289339,1774368232,-0.01768773790143261,0.9376933891438467,0.3469597650732994,-0.006096991400486412,-0.21727665832282017,0.3832152358319232,0.3597455660076488
1774368232.8505414,base,850388230,1774368232,-0.017675188531307923,0.9376993119502998,0.3469443839771801,-0.006097745896008887,-0.21726398375996042,0.38321940757104367,0.35973581474597055
1774368232.8513672,base,851305328,1774368232,-0.017672601007617868,0.93770087075005,0.3469402949985292,-0.006098186169426025,-0.2172604441265201,0.3832210565647967,0.3597339924782624
1774368232.8524675,base,852375935,1774368232,-0.017664787313310837,0.9377049871955839,0.34692956451876056,-0.006098322763545894,-0.2172508741793586,0.38322518172766057,0.3597272368364938
1774368232.853344,base,853294943,1774368232,-0.017648862084186614,0.9377075538082232,0.346923449613644,-0.006097647603852519,-0.21724125891642518,0.383227931894389,0.3597148616814481
1774368232.8544936,base,854382380,1774368232,-0.017640385371664655,0.937712433107194,0.34691067466365827,-0.00609863956393384,-0.21723216734798004,0.3832311289816207,0.35970845779536337
1774368232.8553786,base,855321926,1774368232,-0.017630431427208704,0.9377171586160942,0.3468983984167606,-0.006099139327465046,-0.21722062708401504,0.38323729290176856,0.3597007793076654
1774368232.8564212,base,856316796,1774368232,-0.017626642900115404,0.9377188454607287,0.34689402938501956,-0.00609923805855666,-0.2172169270025819,0.38323898506716797,0.35969788367752115
1774368232.8573787,base,857309876,1774368232,-0.017617889832033298,0.9377222331123639,0.3468853066094705,-0.0060997986099111815,-0.2172097847875723,0.38324194277800905,0.35969128673178763
1774368232.8584096,base,858301658,1774368232,-0.01760355400518292,0.9377268940088429,0.34687342083521944,-0.006100578414190102,-0.2171988989892189,0.38324494838934897,0.35967951559129496
1774368232.8593533,base,859284637,1774368232,-0.01759273372220875,0.937731296856079,0.3468620764814229,-0.006100042277822365,-0.21718901368549406,0.3832483042434727,0.35967115062392513
1774368232.8604324,base,860306185,1774368232,-0.01757993506015383,0.9377342456246526,0.34685480777918837,-0.006096948950647468,-0.2171800885066665,0.38325089079996183,0.35966143629096964
1774368232.8613496,base,861290682,1774368232,-0.01757477975781538,0.9377354195578621,0.3468519116304629,-0.006096016846957723,-0.21717682569405708,0.38325163964831005,0.3596576331157291
1774368232.8624265,base,862306836,1774368232,-0.017566768001497673,0.9377406834483509,0.34683804601155965,-0.0060982871926944324,-0.21716710887131718,0.38325740362604604,0.3596516084841839
1774368232.8633747,base,863303166,1774368232,-0.017550558844509227,0.9377433841418685,0.3468315762562175,-0.006097630197791194,-0.21715803155330896,0.3832591764495441,0.35963876899548175
1774368232.864508,base,864396859,1774368232,-0.017538844748772608,0.9377484410666327,0.34681851557198773,-0.006096511988135514,-0.2171490851567543,0.38326327952028855,0.3596296008192781
1774368232.8653781,base,865331154,1774368232,-0.01752724212730187,0.9377517923537357,0.3468100393946936,-0.006096580666075836,-0.2171406074360191,0.3832672873079184,0.35962079389796425
1774368232.8663628,base,866252157,1774368232,-0.017522908528645062,0.9377530044520735,0.34680698441278895,-0.006096382559653217,-0.21713742292418375,0.38326854396738874,0.35961750437170864
1774368232.8673575,base,867304915,1774368232,-0.017511857357841037,0.9377561242899732,0.3467991247216277,-0.006095350756096733,-0.21712993211835996,0.3832705008194243,0.3596083774432774
1774368232.8684487,base,868353637,1774368232,-0.017495374860857144,0.937759883051393,0.3467898205730283,-0.006093762781957589,-0.2171203543327034,0.3832721918702137,0.35959519044776184
1774368232.869366,base,869302933,1774368232,-0.0174891084371058,0.9377639835116526,0.3467790349983505,-0.006094522134267181,-0.21711323572345187,0.38327822682105794,0.3595904001264545
1774368232.8703744,base,870259331,1774368232,-0.017468291811212185,0.9377677271811604,0.34677000750887055,-0.00609184134533877,-0.2171048535564181,0.38327867353923784,0.3595741599648512
1774368232.8713424,base,871286149,1774368232,-0.017463405068420278,0.937769045095923,0.3467666941783388,-0.006091580412639335,-0.21710176713108326,0.3832795656234394,0.3595706338963038
1774368232.8724384,base,872325382,1774368232,-0.0174546859590339,0.9377729722182824,0.3467565200485556,-0.00609116727530201,-0.21709294516804978,0.38328415260390036,0.3595640396465657
1774368232.873341,base,873291383,1774368232,-0.017442000927469867,0.9377754408693697,0.3467504947545091,-0.006090442792483874,-0.21708478991465177,0.3832886810101779,0.359554477649541
1774368232.8744376,base,874329481,1774368232,-0.01742660188918813,0.937780294389529,0.3467381616030158,-0.006089358705545075,-0.217075348615391,0.38329121325376064,0.3595427609712611
1774368232.8753865,base,875330618,1774368232,-0.017409781154693653,0.9377840565643063,0.34672887454235174,-0.006086898433004933,-0.21706719979620948,0.383294100206941,0.3595302844545881
1774368232.8764875,base,876344356,1774368232,-0.017404733889882354,0.9377852979104305,0.34672578056959874,-0.006086324808115479,-0.21706440504474522,0.383294949166032,0.3595264575562218
1774368232.877441,base,877349638,1774368232,-0.017394284583743782,0.9377885898107122,0.3467174091368671,-0.006085875949586712,-0.21705888735096546,0.3832981892388632,0.35951754189396934
1774368232.878511,base,878390301,1774368232,-0.017377549524195773,0.9377916497186577,0.3467100185522185,-0.006083216748796593,-0.21704953768221968,0.38330055105583016,0.3595044454727007
1774368232.8793414,base,879280003,1774368232,-0.017362688691205237,0.9377959250625127,0.34669921638858453,-0.0060822144897802926,-0.21704084267046395,0.38330238864626237,0.3594931588405455
1774368232.8804603,base,880342647,1774368232,-0.01734451173737901,0.9377997799863125,0.34668975771022065,-0.006078854254254611,-0.21703219810904006,0.3833056015362391,0.3594793858145304
1774368232.8814363,base,881332749,1774368232,-0.01733858580450402,0.9378009293790498,0.34668695846758385,-0.006078085766604004,-0.21702949616126535,0.3833062849502531,0.3594750553632341
1774368232.8824668,base,882346971,1774368232,-0.017326917696983683,0.9378042287070082,0.34667863887659756,-0.006076832155426456,-0.21702219213058382,0.383309508731689,0.35946695652848787
1774368232.8833861,base,883327342,1774368232,-0.017306152525392426,0.937805412584264,0.3466765357153845,-0.006073285503410131,-0.2170161889086974,0.383309646101245,0.35945161340815446
1774368232.8844252,base,884323501,1774368232,-0.01728851215551638,0.9378097024448688,0.3466658654796273,-0.006070177837263508,-0.21700727123009128,0.38331145351229245,0.3594375425542188
1774368232.8853827,base,885326671,1774368232,-0.017274593704772453,0.9378131030881779,0.3466573806433357,-0.006068981295004447,-0.21700210696841635,0.3833160623943705,0.35942778160597255
1774368232.8864071,base,886298826,1774368232,-0.017268151314750593,0.9378142135691991,0.34665471181942276,-0.006068158793929696,-0.21699992260931797,0.3833166820077264,0.3594230491114395
1774368232.8873868,base,887326116,1774368232,-0.017249549093348294,0.9378172574039239,0.3466474767152807,-0.00606396391706197,-0.21699181172347462,0.38331678413873593,0.3594094470849631
1774368232.8883693,base,888249959,1774368232,-0.01723272196366669,0.9378203771833606,0.3466399176430087,-0.006061429685348477,-0.2169825661162074,0.3833222457293543,0.3593972144711218
1774368232.8894677,base,889346507,1774368232,-0.017212417086798673,0.9378251577717194,0.34662805498450994,-0.006057858213532862,-0.2169739675273664,0.3833232087598878,0.3593807678336146
1774368232.890513,base,890397136,1774368232,-0.017190267320240444,0.9378273126387987,0.3466234005721317,-0.006053474536104904,-0.21696814962061176,0.38332245971483736,0.3593656609175812
1774368232.8914425,base,891327611,1774368232,-0.01718353755312701,0.937828160546416,0.34662146378745295,-0.0060521207133963735,-0.2169660707985973,0.38332261656835526,0.3593609468761789
1774368232.8924923,base,892392816,1774368232,-0.017170257831629402,0.9378303504565841,0.34661624371140304,-0.006049430045324478,-0.2169619536254608,0.3833245891877769,0.35935053569853603
1774368232.8933566,base,893269204,1774368232,-0.017146568752852982,0.9378341919829251,0.3466070851376175,-0.0060458299795916265,-0.21695205988651434,0.3833273232717175,0.35933205807514995
1774368232.8944905,base,894397135,1774368232,-0.017133549901917813,0.9378364151918429,0.3466017555060174,-0.006043416915837013,-0.2169465069387096,0.3833301329881213,0.35932323461892823
1774368232.8954222,base,895324425,1774368232,-0.017112507434867943,0.9378385044083625,0.3465972287286192,-0.006038441522338198,-0.2169408222783802,0.3833302102550769,0.35930707461057
1774368232.8963714,base,896290742,1774368232,-0.01710591313484041,0.9378394130198111,0.3465951165931927,-0.006037240779568934,-0.21693863704344024,0.38333080277424353,0.35930223057310606
1774368232.8973305,base,897264578,1774368232,-0.017085485512665182,0.9378432236284054,0.3465858646141916,-0.006034279469035324,-0.21693127868096398,0.3833313211687881,0.3592856835463518
1774368232.8984737,base,898383146,1774368232,-0.017069717240622062,0.9378458431500545,0.3465796094272561,-0.006031050384399281,-0.21692393501325763,0.38333545982819417,0.3592733071711618
1774368232.899349,base,899269956,1774368232,-0.017051729080254884,0.937849160911765,0.34657158439609076,-0.006027171945066203,-0.21692008379379984,0.3833369361436519,0.3592593208834155
1774368232.9004796,base,900389610,1774368232,-0.017032082704496417,0.9378510232337159,0.3465676015302033,-0.006021955481525319,-0.21691314480415097,0.3833379669254291,0.35924221057157213
1774368232.9013212,base,901251022,1774368232,-0.017026204033641884,0.93785177833433,0.3465658759015528,-0.0060202916813927605,-0.21691088367790354,0.38333894531003765,0.3592371249350419
1774368232.9023938,base,902282842,1774368232,-0.017011825602405557,0.9378547948281047,0.3465584549035247,-0.00601821755077436,-0.21690493576380562,0.3833406690338253,0.35922687137759585
1774368232.9033947,base,903325132,1774368232,-0.01698939418442093,0.9378581179192965,0.3465506182194246,-0.006014993753613595,-0.2168979330070655,0.38334229314015433,0.3592084703369524
1774368232.9044795,base,904383762,1774368232,-0.016971596774125845,0.9378592254216274,0.3465485696582201,-0.0060105792003220145,-0.21689410276366294,0.38334240999643787,0.3591937975895305
1774368232.9054034,base,905326954,1774368232,-0.01694857038773465,0.9378638776007298,0.34653719981537934,-0.006005180900799154,-0.21688551920483007,0.3833453452581781,0.3591748595646965
1774368232.906484,base,906382672,1774368232,-0.016941885689001655,0.9378649416345517,0.3465346714654266,-0.006003768355663604,-0.21688323409173016,0.383346203659871,0.35916938987352093
1774368232.9074273,base,907330704,1774368232,-0.01692931492025943,0.9378649921781366,0.34653516871038753,-0.006002631914240269,-0.21688183690140217,0.38334572338431333,0.3591598616752757
1774368232.9084616,base,908360714,1774368232,-0.01690787214659134,0.9378680117245819,0.3465281424882778,-0.005996908109843968,-0.21687401450087043,0.3833493036486152,0.3591426821252709
1774368232.90941,base,909336894,1774368232,-0.01688996250729078,0.9378694510985389,0.34652519416198174,-0.005992634948722436,-0.21687114111286226,0.38334969044615297,0.3591267611813618
1774368232.9104285,base,910330830,1774368232,-0.01687149264720003,0.9378733178500768,0.34651570462367925,-0.005988225939229545,-0.21686514949343563,0.38335095269958186,0.35911025973904964
1774368232.911337,base,911248169,1774368232,-0.016865037755437042,0.9378741325207222,0.34651384120583967,-0.005986643699491043,-0.21686368932415956,0.3833510871691159,0.3591044880423255
1774368232.9125156,base,912416049,1774368232,-0.016847624242882903,0.9378756165502805,0.34651074855404135,-0.0059821880879586745,-0.21686119152344877,0.38335120673421924,0.35909066183976485
1774368232.9134107,base,913317979,1774368232,-0.016823402019719633,0.9378776417711938,0.34650653111155943,-0.005977132023048042,-0.2168539458426335,0.3833536715660547,0.3590718137048285
1774368232.914482,base,914394469,1774368232,-0.016804844954352294,0.9378800498365185,0.34650100496029046,-0.005971839433402337,-0.2168501903378412,0.3833532980955377,0.35905461316526655
1774368232.9153929,base,915309011,1774368232,-0.016784037923359765,0.9378809848869163,0.34649958046266605,-0.005966154350287683,-0.21684667248589284,0.3833533168636159,0.35903723614306965
1774368232.9164438,base,916358342,1774368232,-0.016777490455593087,0.937881315779171,0.3464990306464346,-0.005964485512143801,-0.21684552350923125,0.3833533380095516,0.3590317176075392
1774368232.9173846,base,917304677,1774368232,-0.016764230910830815,0.9378828336464077,0.34649562561580965,-0.005960901145108319,-0.2168441915049831,0.3833535991785527,0.35902118106963044
1774368232.9184124,base,918342990,1774368232,-0.016740676420994673,0.9378846647399007,0.3464919304428589,-0.005953783391480264,-0.21683948282394333,0.3833539965153507,0.35899971394429997
1774368232.9193869,base,919310296,1774368232,-0.016724953754345344,0.9378876679748679,0.34648460699519384,-0.0059510753620716,-0.21683574236415828,0.3833569166947129,0.35898553438089237
1774368232.9204388,base,920324169,1774368232,-0.016702211351664394,0.9378885838052763,0.3464833291691111,-0.005945007282329089,-0.21683247559277943,0.38335472295412876,0.3589664683657956
1774368232.921539,base,921328318,1774368232,-0.01669556371602632,0.937889112703187,0.34648225248718434,-0.005942990529999862,-0.21683114230017392,0.38335488534874307,0.35896074720859034
1774368232.9224253,base,922332597,1774368232,-0.016678482370799646,0.9378902871129644,0.34648001526068567,-0.005936041603889335,-0.21682774007357036,0.3833555629648725,0.3589457205076407
1774368232.923395,base,923304355,1774368232,-0.016659347342302455,0.9378915643095453,0.3464775448201348,-0.005932173171264259,-0.21682478902776317,0.38335755437651947,0.3589286664260645
1774368232.9243932,base,924325205,1774368232,-0.01664191240489398,0.9378926649759574,0.34647551250573577,-0.005925788529134565,-0.21682320131047134,0.3833572669957128,0.35891235612839645
1774368232.9253423,base,925259006,1774368232,-0.016620887085605936,0.937895163165983,0.3464698512106409,-0.005920407453708922,-0.21681868975988763,0.38335818594907545,0.35889354450453914
1774368232.9264464,base,926332896,1774368232,-0.016614903340675658,0.9378958529488682,0.34646829373960775,-0.005919074375244947,-0.21681760522084692,0.38335871887770107,0.3588881654151956
1774368232.9274743,base,927282931,1774368232,-0.01659770948496238,0.9378948710538357,0.34647185072754544,-0.005914688849908624,-0.21681988255758022,0.38335661924110925,0.35887403602118617
1774368232.928527,base,928441050,1774368232,-0.016573421497045184,0.9378970773122927,0.3464671545961898,-0.00590803308727859,-0.21681455996689614,0.38335553641350684,0.3588524376843535
1774368232.9294355,base,929346685,1774368232,-0.01655812648198141,0.9378979296105403,0.34646565513758504,-0.005903548911683584,-0.21681380657226376,0.3833565167194628,0.35883862813740663
1774368232.93053,base,930356038,1774368232,-0.01653222798358961,0.9378986029735473,0.3464652025942759,-0.0058957077161352145,-0.21681050759460274,0.38335369261430263,0.3588159389538346
1774368232.931554,base,931381474,1774368232,-0.01652540224679098,0.9378990493768999,0.3464643525285444,-0.0058937836290187335,-0.21680962760948144,0.3833537001721759,0.35881009123016255
1774368232.9326105,base,932459794,1774368232,-0.01651217352080471,0.9379007063510958,0.34646055671485565,-0.005890313452343713,-0.21680772014390434,0.3833557533419239,0.3587985191110665
1774368232.9335325,base,933357306,1774368232,-0.016490184993972028,0.9378999513594583,0.34646378417265666,-0.005882286592246698,-0.21680836845094106,0.3833550371173336,0.3587784842021633
1774368232.934424,base,934312939,1774368232,-0.016471187511189745,0.937901485614062,0.34646063462311805,-0.005876386768509709,-0.21680750390485984,0.3833541178767418,0.3587616934246988
1774368232.9354992,base,935382321,1774368232,-0.016453678626280555,0.9379024086513403,0.3464590537437863,-0.005871318815870525,-0.21680715596899858,0.3833543760205673,0.35874498405137484
1774368232.9364455,base,936330898,1774368232,-0.01644700663399684,0.9379029899252322,0.34645783177097234,-0.005869264574682906,-0.21680651229542924,0.3833545897210446,0.35873862855141164
1774368232.9374478,base,937356648,1774368232,-0.016428393215940997,0.9379038495931747,0.3464564967027944,-0.005862824155006868,-0.2168044799069525,0.38335449331741583,0.3587224831272948
1774368232.9385037,base,938378343,1774368232,-0.01640624769332587,0.9379032531665666,0.34645928153773564,-0.005855678658582422,-0.21680345533022657,0.3833527236500021,0.3587021585630019
1774368232.939563,base,939411393,1774368232,-0.016386222030829664,0.9379036342741441,0.34645930185455986,-0.005849504368707898,-0.2168041429424869,0.3833518377601834,0.35868423577810354
1774368232.940565,base,940427699,1774368232,-0.01636565251125444,0.9379028188860677,0.3464626104680001,-0.005841856823615468,-0.21680513796886974,0.3833508200838007,0.35866525564340535
1774368232.9415584,base,941356496,1774368232,-0.016358728352683777,0.9379030109419881,0.3464624546193947,-0.005839658529396303,-0.2168049151652727,0.3833505706728719,0.35865891857471033
1774368232.942557,base,942420785,1774368232,-0.01634232629001134,0.937904895791379,0.3464581995183958,-0.005835307058291744,-0.2168013479321619,0.3833518471392007,0.3586437348377158
1774368232.9435587,base,943400392,1774368232,-0.01632066570507199,0.9379034269857016,0.3464633199705345,-0.005827987166684678,-0.2168048610638946,0.3833488414859161,0.35862528347210865
1774368232.9446254,base,944483785,1774368232,-0.016297073834072258,0.9379041333295017,0.3464626529268657,-0.005819982367782623,-0.21680411239545572,0.3833471916379809,0.35860476510286143
1774368232.9454637,base,945312278,1774368232,-0.01628028577898121,0.9379048116550235,0.3464617167017155,-0.005813383645501259,-0.21680376578881458,0.38334837720617454,0.3585877493820023
1774368232.9466116,base,946316689,1774368232,-0.016273389463087845,0.937904785067969,0.3464621527621808,-0.005810993493786524,-0.2168040717195557,0.38334775277704347,0.35858118785035015
1774368232.9474168,base,947307027,1774368232,-0.016256060137406065,0.937905159787609,0.3464620518777203,-0.00580502896361514,-0.21680356735527834,0.38334795568038166,0.358566572759251
1774368232.9485712,base,948431478,1774368232,-0.01623639792848663,0.9379055618024764,0.34646199580584247,-0.005798446733503796,-0.21680457263260372,0.3833477995880214,0.3585477742853988
1774368232.9494224,base,949350108,1774368232,-0.016214382598291083,0.9379056738330521,0.34646284270162425,-0.0057913224598591965,-0.21680660904766436,0.3833458507588582,0.3585273479621517
1774368232.9505427,base,950369806,1774368232,-0.01619514733561096,0.9379040744054847,0.34646822991258,-0.005781874921891311,-0.2168071541062408,0.3833448253549689,0.3585099020259384
1774368232.951437,base,951350680,1774368232,-0.016187929478360785,0.9379038558857916,0.3464692084809823,-0.005778895078599494,-0.2168075918273916,0.38334433239955407,0.3585035144123193
1774368232.9525683,base,952437018,1774368232,-0.01617554374439951,0.937905622428312,0.346465056638674,-0.005775788283343456,-0.21680686089425652,0.3833458846775545,0.35848963815147084
1774368232.9534643,base,953335017,1774368232,-0.016151064973185202,0.9379047956126547,0.34646857289355687,-0.005767622050583597,-0.216808762461149,0.383343975246035,0.3584676176173977
1774368232.9545767,base,954433036,1774368232,-0.016132218782035482,0.937904306271314,0.3464708830093051,-0.0057611649556362915,-0.21681152502419512,0.3833428454076712,0.35845047848737027
1774368232.9555473,base,955399332,1774368232,-0.016111361912145093,0.9379055049826276,0.3464687467176228,-0.005752850470676087,-0.2168091104039165,0.38334545189394176,0.35843116483617876
1774368232.956485,base,956346009,1774368232,-0.016104386839084106,0.9379057617901915,0.34646841665059097,-0.005750390328515152,-0.2168089508151675,0.3833457274287998,0.35842476197726775
1774368232.9574766,base,957338897,1774368232,-0.016086368537551445,0.9379059603688639,0.34646880517995937,-0.005745022976863907,-0.21681066990125006,0.3833428569932708,0.35840801034024694
1774368232.9586825,base,958379667,1774368232,-0.016065960038923112,0.93790555156515,0.3464709762543691,-0.005737933830564756,-0.21681342957142105,0.383341521799478,0.358390100667158
1774368232.9595277,base,959396813,1774368232,-0.016046044615199172,0.937906225921363,0.34647018625187576,-0.005731131541213655,-0.21681287948248734,0.3833425668549258,0.35837089682480405
1774368232.960737,base,960439321,1774368232,-0.016024155310226055,0.9379054327602477,0.3464734905723759,-0.005722409981828029,-0.21681576727747442,0.3833416840770911,0.358351128349262
1774368232.9614909,base,961359408,1774368232,-0.016016313235543277,0.9379054106163868,0.34647395819982174,-0.005719679728448065,-0.21681615312550578,0.38334143680667926,0.3583441726932716
1774368232.9624858,base,962371093,1774368232,-0.015994948511463127,0.937905257341457,0.346475460555202,-0.005713589627513621,-0.21681677888512937,0.3833385313241243,0.3583258578289068
1774368232.9635277,base,963394629,1774368232,-0.015974983404884287,0.9379047021309583,0.34647802162328784,-0.005705274565217061,-0.2168182327396592,0.3833399248512786,0.3583063485065094
1774368232.9647639,base,964468017,1774368232,-0.015955769213606405,0.9379060154730853,0.3464754363726653,-0.005700136715377583,-0.21681801446702453,0.3833411776732602,0.3582884870311562
1774368232.9654992,base,965357087,1774368232,-0.015934898698908722,0.9379057729268183,0.34647720102321455,-0.0056911585043916985,-0.21681909317786946,0.3833413061861038,0.35826945124042786
1774368232.966433,base,966346878,1774368232,-0.015928149504978964,0.9379057960543823,0.34647749393028865,-0.005688407574108017,-0.21681929527670932,0.38334151689215135,0.3582631529311359
1774368232.9674032,base,967310772,1774368232,-0.01591138902365029,0.9379050209507805,0.34648045805369726,-0.005682566458403491,-0.21682149365165168,0.38333995376641034,0.35824745802613456
1774368232.9685898,base,968449620,1774368232,-0.01588763447224047,0.9379059627055123,0.3464791379212495,-0.005674079455776677,-0.21682239912092138,0.3833411380361232,0.35822587782907006
1774368232.9694626,base,969350909,1774368232,-0.01586729736867117,0.9379047046518958,0.34648360755089336,-0.005666000756520622,-0.21682571360102748,0.3833395797757772,0.3582070231082776
1774368232.9704294,base,970301850,1774368232,-0.0158448451641339,0.9379060130274574,0.34648121998957926,-0.005658250895486231,-0.21682436034722397,0.38334081961117983,0.35818610955843744
1774368232.971464,base,971304007,1774368232,-0.015837578208699417,0.9379059668753674,0.34648171914079384,-0.005655680092228596,-0.21682483096784105,0.3833406510082553,0.35817941956131266
1774368232.9725337,base,972367310,1774368232,-0.015823348948292015,0.9379043482051516,0.34648685305626115,-0.0056494163503261145,-0.2168291900961907,0.38333972547945205,0.35816617646002724
1774368232.9734488,base,973285503,1774368232,-0.015796690931861694,0.9379036797455438,0.3464900314068845,-0.005640054168882681,-0.21683144773941662,0.38333758715789074,0.35814189699846977
1774368232.9745195,base,974406260,1774368232,-0.015775231679370033,0.9379042482446612,0.34648958000632507,-0.00563330605590541,-0.21683136276447534,0.3833377038367721,0.35812253070372657
1774368232.9754467,base,975308003,1774368232,-0.01575356382821385,0.9379050509297367,0.34648851969024275,-0.005625512426669743,-0.2168323109995235,0.38333788336045205,0.35810205816172525
1774368232.9764605,base,976290540,1774368232,-0.015746356564673276,0.9379051102562114,0.34648872856117835,-0.00562293431228344,-0.21683256564035988,0.38333788267111557,0.3580954197505659
1774368232.977489,base,977346847,1774368232,-0.015729283400100377,0.9379051856137075,0.3464893993780698,-0.005616810595050529,-0.21683096140508262,0.3833398682458051,0.3580794142913098
1774368232.9784346,base,978330209,1774368232,-0.015707649746839147,0.93790518207365,0.3464905223041037,-0.005608665817594849,-0.21683359189351392,0.3833410447234714,0.35805950737922737
1774368232.9794462,base,979317306,1774368232,-0.01568461878345744,0.9379047677624975,0.3464928261231445,-0.005600070284335691,-0.21683443131836458,0.38334007981576135,0.35803847146548357
1774368232.9805603,base,980375523,1774368232,-0.015664717952074865,0.9379048323896803,0.34649367247075497,-0.005592578054605584,-0.21683625023555944,0.38334146011545633,0.3580204100161378
1774368232.9814312,base,981344189,1774368232,-0.0156576045353749,0.9379048724398097,0.3464939285445695,-0.005589915529674402,-0.21683696550097034,0.38334145143060233,0.3580138504271348
1774368232.9825737,base,982437227,1774368232,-0.015634932137018467,0.9379053318386613,0.3464938378395171,-0.005581912299913639,-0.21683701839029002,0.38334061600336095,0.35799407016390183
1774368232.9835052,base,983414730,1774368232,-0.015612116739000318,0.9379056185008895,0.34649423390961653,-0.0055730120024791606,-0.21683805133296813,0.38334183187565307,0.3579716921626132
1774368232.9845738,base,984407939,1774368232,-0.015591368162030021,0.9379042749388925,0.34649896095497446,-0.005563303632677591,-0.21684030926518733,0.38334107573248793,0.35795218688583486
1774368232.9854443,base,985381477,1774368232,-0.015569837614997516,0.9379060904483115,0.34649512521532827,-0.0055564249855526195,-0.216839588090012,0.38334207907211393,0.3579321623635448
1774368232.9864182,base,986315480,1774368232,-0.015562043622818643,0.937906174822962,0.346495294088568,-0.005553485546727285,-0.21683973632766287,0.3833421911404247,0.3579249290187153
1774368232.9874318,base,987363956,1774368232,-0.015539697129769695,0.9379059850998408,0.3464969121946377,-0.00554714039788568,-0.2168389663043168,0.38334180019839065,0.3579056851796368
1774368232.9884381,base,988308923,1774368232,-0.015517532183036782,0.9379074948294559,0.3464939362491148,-0.005539808685932109,-0.216839758388015,0.3833435035567069,0.3578849507582833
1774368232.989515,base,989407490,1774368232,-0.01549655708585041,0.9379080811308262,0.3464934039474953,-0.00553254813393912,-0.21683925505423737,0.38334487866669203,0.3578654440856701
1774368232.9904246,base,990296608,1774368232,-0.015475860510098291,0.9379079381891894,0.34649483941087006,-0.005524806314342033,-0.21684099051087224,0.38334589698454274,0.35784601436773994
1774368232.9913752,base,991311948,1774368232,-0.015468257833280923,0.9379080649880751,0.3464948780681562,-0.00552214654473045,-0.21684127516518656,0.3833461712726138,0.35783900042143957
1774368232.992457,base,992332807,1774368232,-0.015449040751558644,0.9379080277206859,0.3464959465914929,-0.005515221900776789,-0.21684204636098117,0.383345486993741,0.35782128100312105
1774368232.9934418,base,993382179,1774368232,-0.015423766707902973,0.9379095444625725,0.3464931095747466,-0.005506254968009766,-0.21684283200861473,0.3833463089113527,0.3577980244247483
1774368232.9944978,base,994323864,1774368232,-0.015403245759914247,0.9379092644468681,0.3464949055576183,-0.005498373160492108,-0.21684378045146077,0.38334719906252046,0.35777988271245814
1774368232.995498,base,995354680,1774368232,-0.015379495193808605,0.9379098381082306,0.3464945447752323,-0.005489731175643162,-0.2168438844408825,0.3833472199032607,0.35775806725271003
1774368232.996472,base,996301220,1774368232,-0.015372591704016317,0.9379099757291604,0.34649451895575484,-0.005487183762869176,-0.21684405469580847,0.38334749936065216,0.3577514543878938
1774368232.9974105,base,997283670,1774368232,-0.015357889607226836,0.9379095098615686,0.34649653333236435,-0.005480777928188563,-0.2168455583989356,0.3833484299971304,0.35773713105702964
1774368232.9984977,base,998324409,1774368232,-0.015331833784519602,0.9379109502268189,0.34649391413383457,-0.00547282245686823,-0.21684382820359785,0.3833493883654734,0.35771441921588937
1774368232.9994755,base,999315182,1774368232,-0.01530761373857919,0.9379102978644659,0.3464968729760173,-0.005465083646299666,-0.21684552749039354,0.3833473183640518,0.35769262033108745
1774368233.0004873,base,323316,1774368233,-0.015286339420853974,0.9379115882585282,0.34649443864388835,-0.005457511001579733,-0.21684420777563168,0.38334968934379304,0.3576723152993926
1774368233.0014596,base,1308818,1774368233,-0.015279400051300483,0.9379117436831664,0.3464943683842619,-0.005454692774670644,-0.2168441422548685,0.38335005113210713,0.3576655361133262
1774368233.0025089,base,2330503,1774368233,-0.015260589297463783,0.9379129069775919,0.3464921553747875,-0.005447898940994314,-0.21684327055873948,0.38335177398666204,0.35764782479186713
1774368233.0034487,base,3305635,1774368233,-0.015240125132729041,0.9379120861563932,0.3464953982762279,-0.005440239066366485,-0.21684811888562988,0.3833515342023001,0.35762925202491475
1774368233.0044718,base,4280484,1774368233,-0.015218726380435341,0.9379121000408309,0.3464964437208425,-0.005431155785359725,-0.2168460314595541,0.38335186430650126,0.35760894663042025
1774368233.005506,base,5338017,1774368233,-0.015197915689233885,0.9379121217223669,0.34649741222787256,-0.005423891991793851,-0.2168490673308629,0.38335291801998306,0.3575904412760452
1774368233.0064502,base,6268318,1774368233,-0.0151909163224321,0.9379122178122912,0.34649749886336,-0.0054213486467843,-0.21684929891633178,0.3833531072688869,0.35758399191343515
1774368233.0073814,base,7292748,1774368233,-0.015167367255209369,0.9379125390549737,0.3464977886067698,-0.005413182485025649,-0.2168481348878662,0.3833523025930383,0.35756338973830415
1774368233.008411,base,8263233,1774368233,-0.015142841956094904,0.9379146607756352,0.3464932535577443,-0.005404505397035875,-0.21684694331828835,0.3833529618251958,0.35754030990922314
1774368233.0093832,base,9290573,1774368233,-0.015122980339714768,0.9379138202468502,0.3464965064053928,-0.00539743498907589,-0.2168481196215333,0.3833535966800134,0.3575215222051413
1774368233.010499,base,10357974,1774368233,-0.015100848640033361,0.9379130823638587,0.34649959086094007,-0.005389604278380308,-0.2168508020952478,0.38335169879784065,0.35750080189402056
1774368233.0114026,base,11338353,1774368233,-0.015093950013158476,0.9379130191214652,0.3465001016246544,-0.005387096580026309,-0.2168512679933618,0.3833514946828365,0.3574944136169963
1774368233.0125382,base,12396362,1774368233,-0.015074264727890706,0.9379139875328468,0.3464984434736694,-0.005380260539472014,-0.2168503239427771,0.3833507457608188,0.3574778999252845
1774368233.0134149,base,13355930,1774368233,-0.015052130093793017,0.9379151796874508,0.34649630089857997,-0.005372388211696429,-0.2168498047072033,0.38335243654088685,0.357456804737575
1774368233.014467,base,14341899,1774368233,-0.015032790946501721,0.937915604279895,0.34649609246784446,-0.005365850273093892,-0.2168502332279793,0.3833543943218851,0.35743806203941353
1774368233.0153656,base,15306674,1774368233,-0.015011242586722706,0.9379142363930926,0.3465008673603033,-0.00535692875834696,-0.21685031535183077,0.3833529807927607,0.3574178401977985
1774368233.0164654,base,16301173,1774368233,-0.015003800689730742,0.9379141686729626,0.346501419865036,-0.005353895673456198,-0.21684999086853957,0.3833529824397703,0.35741087631369783
1774368233.0173626,base,17299678,1774368233,-0.014984291317392335,0.9379152763444488,0.3464993436909405,-0.005348853632267688,-0.216849764907616,0.38335305853201684,0.3573937560976562
1774368233.0183713,base,18248275,1774368233,-0.014961569321647664,0.9379161712780484,0.34649803706850146,-0.005340169120491843,-0.21685099452217219,0.38335430420430905,0.3573727794360789
1774368233.019369,base,19305124,1774368233,-0.014942428747523762,0.9379145752163437,0.34650330923330425,-0.005331989332304216,-0.2168545056380829,0.3833537047734155,0.35735523442625766
1774368233.0204737,base,20347306,1774368233,-0.014918515480282144,0.9379164783248464,0.346499277765383,-0.0053261703550020875,-0.21685425066882774,0.38335142053215165,0.35733335819394113
1774368233.0214517,base,21354900,1774368233,-0.014911403614603398,0.9379166728520962,0.34649908685756803,-0.005324249728169539,-0.21685480006347782,0.38335139443572425,0.35732693181178665
1774368233.0225556,base,22388541,1774368233,-0.014892414503647082,0.9379167501324341,0.3464998068333507,-0.005316923519780134,-0.2168532880683984,0.3833517969702552,0.35731041174808226
1774368233.0233774,base,23324663,1774368233,-0.014872717732288133,0.9379171364221103,0.34649972960645814,-0.00530894110492849,-0.21685462331039837,0.38335304823688676,0.35729226058059815
1774368233.0244234,base,24287378,1774368233,-0.014848598775772331,0.9379171239870915,0.34650095613775056,-0.005298588661484793,-0.21685489600742835,0.3833524722886833,0.35726983322105593
1774368233.025362,base,25305140,1774368233,-0.014829788453957845,0.9379184131189287,0.34649835085476116,-0.005293445174214416,-0.2168541571760077,0.3833536250750751,0.35725198647526735
1774368233.0264757,base,26348949,1774368233,-0.01482310323706496,0.937918495251952,0.34649844691479453,-0.005291328790832883,-0.21685449696761372,0.3833535303776265,0.35724551993981224
1774368233.0273871,base,27322025,1774368233,-0.014806864882451927,0.9379181400750074,0.34650019855641334,-0.005285042190722669,-0.21685538582041564,0.38335317053172413,0.35723035071244935
1774368233.028469,base,28329214,1774368233,-0.014784863328514803,0.9379176644818551,0.34650254658876134,-0.005277089800509591,-0.21685595467610538,0.3833536374124306,0.3572100389010097
1774368233.029322,base,29257418,1774368233,-0.014763697288388944,0.937918614337375,0.34650097744327646,-0.005270555254356921,-0.2168549766224705,0.3833529264605476,0.35719011454903354
1774368233.0304754,base,30350210,1774368233,-0.014741881116206994,0.9379198044762992,0.346498802059932,-0.005262839853962601,-0.2168550840380912,0.38335430516507785,0.35717058963397735
1774368233.0313718,base,31310932,1774368233,-0.014735101497739756,0.9379199020114026,0.34649886287831144,-0.005260439031993343,-0.216855181498283,0.38335431270368264,0.35716434552457976
1774368233.032445,base,32315556,1774368233,-0.014718309781964877,0.9379186058046323,0.34650317606810416,-0.005254447389889172,-0.21685643464101073,0.3833530717754139,0.3571497102065425
1774368233.0333247,base,33263980,1774368233,-0.014693968992882082,0.937918997704992,0.3465032872932134,-0.005245275426162138,-0.21685697320276096,0.383352778784404,0.3571273099115539
1774368233.0344276,base,34301248,1774368233,-0.014675811550680231,0.9379202943399838,0.34650063389158753,-0.005239535595370722,-0.21685643005421637,0.38335275768449567,0.35710969636238676
1774368233.0354145,base,35314986,1774368233,-0.014657682106081992,0.9379215116229124,0.34649818501714036,-0.005234326135774845,-0.21685665758791492,0.3833543508416039,0.35709294748724296
1774368233.03639,base,36276778,1774368233,-0.014650712900014736,0.9379217510939638,0.34649786260055554,-0.005232270023679078,-0.21685678170326803,0.38335442571443945,0.3570864982037268
1774368233.0373762,base,37292119,1774368233,-0.014632222027247295,0.9379201805009925,0.3465030113579032,-0.005224577249478224,-0.2168587680016904,0.3833511093811185,0.3570694276670313
1774368233.0384278,base,38317580,1774368233,-0.014608550307777156,0.9379195208448093,0.34650591568972783,-0.005216614627498349,-0.21685943737563138,0.3833514652119541,0.35704772112910543
1774368233.039382,base,39302357,1774368233,-0.01459076065207226,0.9379214244509791,0.34650161410474567,-0.005209863937383981,-0.21685806324843027,0.38335348180569745,0.35703127032815235
1774368233.040462,base,40342297,1774368233,-0.014569195136386548,0.9379214015056518,0.3465026993883324,-0.005202159873618228,-0.216857825804242,0.38335301455118004,0.35701163267601366
1774368233.0414057,base,41310795,1774368233,-0.01456213081794335,0.9379213482715887,0.34650317862180996,-0.0051996160847106645,-0.21685776517973634,0.3833528884571895,0.3570051101231302
1774368233.0424886,base,42324214,1774368233,-0.014544267412317137,0.9379214041795099,0.34650388211256833,-0.005192643671079763,-0.21685797797131431,0.38335147972412326,0.3569882298720302
1774368233.043397,base,43301406,1774368233,-0.014528896434996778,0.9379224452413923,0.3465017942691845,-0.00518694987677392,-0.21685787918325522,0.3833560550813285,0.3569736067453433
1774368233.0444527,base,44299541,1774368233,-0.014503965281702759,0.9379237480827511,0.346499433723363,-0.005178822539917275,-0.2168557184891201,0.3833539983242411,0.35695206451665673
1774368233.0453885,base,45306486,1774368233,-0.014480927101425267,0.9379238881785972,0.34650012633591065,-0.005171574559405945,-0.21685611703554433,0.3833521897820187,0.35693133848621084
1774368233.0464613,base,46312022,1774368233,-0.014474215255163637,0.9379238849568508,0.34650045208493074,-0.005169122278876096,-0.21685647229422597,0.3833521169359251,0.35692527462839146
1774368233.047397,base,47291653,1774368233,-0.014461713413876419,0.9379243615698025,0.34649974092592445,-0.005165303212833734,-0.21685833638743954,0.3833513541034115,0.35691308100323216
1774368233.048446,base,48317111,1774368233,-0.014441150344182967,0.937924680538617,0.34649986650676023,-0.0051564836921476976,-0.2168583338900015,0.3833543246087245,0.3568933234097496
1774368233.0494351,base,49333077,1774368233,-0.014420175179108501,0.9379247761455161,0.3465005977672971,-0.0051486490551604655,-0.21685884079176948,0.38335329022072884,0.35687405304834746
1774368233.0504904,base,50349246,1774368233,-0.014401886222499704,0.9379244197133035,0.34650242490617783,-0.005141800544126314,-0.2168605205246062,0.3833543488017958,0.3568574462652527
1774368233.0515513,base,51336018,1774368233,-0.014395274130667239,0.9379245034341535,0.34650250861116666,-0.005139403337746723,-0.21686069472743158,0.3833545138862316,0.3568513417665054
1774368233.0524585,base,52391927,1774368233,-0.01438190625259137,0.9379252538964856,0.34650109267711526,-0.005135333418572459,-0.21686074380958192,0.38335558801916225,0.3568383466816092
1774368233.0533936,base,53260837,1774368233,-0.014356621899635843,0.9379251898752573,0.3465024500350795,-0.005126180330482219,-0.21686014594685218,0.3833548384492627,0.35681638524066245
1774368233.054445,base,54295628,1774368233,-0.014339281237954743,0.9379253669123521,0.34650278500578274,-0.00511967764072013,-0.21686095265424263,0.38335543661730986,0.35679964283259646
1774368233.0553923,base,55305794,1774368233,-0.01431813083822822,0.9379258468737011,0.34650248055445604,-0.005111542346393686,-0.216860246771967,0.38335557490042826,0.35677977388997717
1774368233.0563326,base,56262170,1774368233,-0.01431169468892845,0.9379258178211092,0.3465028656532061,-0.005108791819072986,-0.21686032680754264,0.38335563362875164,0.35677368090743367
1774368233.057378,base,57309905,1774368233,-0.014298112553290245,0.9379263248766149,0.3465020979122568,-0.005105802901112844,-0.21686071637063434,0.3833554445514221,0.35676117322976003
1774368233.058444,base,58357954,1774368233,-0.014279014589695315,0.9379263225441418,0.34650299942254675,-0.00509849118351402,-0.2168617403917349,0.3833566004144735,0.3567435454166204
1774368233.0594442,base,59301454,1774368233,-0.014259756820432908,0.9379264336175535,0.3465035953638872,-0.0050914493789940675,-0.21686156755086125,0.38335592123489226,0.3567260414535933
1774368233.060457,base,60326473,1774368233,-0.014243029351815418,0.9379263160070144,0.34650469121885824,-0.0050853534505754805,-0.21686227212266654,0.3833571635298945,0.3567103395724267
1774368233.06144,base,61305707,1774368233,-0.01423644188221724,0.9379264449262972,0.34650464750467896,-0.005082999912462041,-0.2168623648350297,0.38335717784011636,0.356704270624029
1774368233.062492,base,62357034,1774368233,-0.01422158179287523,0.9379256550811736,0.3465074812127836,-0.005077166082817558,-0.21686374951065499,0.38335761852016104,0.3566911027249985
1774368233.063445,base,63302646,1774368233,-0.01420142447760482,0.9379275847165724,0.3465031832148308,-0.005070443031251689,-0.21686290183187917,0.3833588669536828,0.3566717919985426
1774368233.0644767,base,64347882,1774368233,-0.014182441245385865,0.9379273509200198,0.3465047017559222,-0.005063044293178824,-0.21686504481128605,0.38335745375898567,0.356655044512886
1774368233.0654142,base,65287724,1774368233,-0.014163424687553338,0.9379275553652587,0.3465050266253731,-0.0050561656439358635,-0.21686496779404277,0.3833569686946555,0.3566380312798501
1774368233.0663874,base,66322519,1774368233,-0.014156557878602786,0.9379276671683483,0.34650503948522665,-0.00505377487740305,-0.21686502590873008,0.38335694637108003,0.3566320866484866
1774368233.0674062,base,67277591,1774368233,-0.014141072833655077,0.9379277933346846,0.346505403755606,-0.0050487342579129775,-0.21686557244233606,0.38335730369306514,0.35661693519697907
1774368233.068403,base,68277552,1774368233,-0.014120183299670562,0.9379291633472098,0.3465026569426778,-0.0050412000606762835,-0.21686468659735947,0.3833585537616227,0.35659847001033673
1774368233.0693696,base,69284921,1774368233,-0.014104237896102545,0.9379281449309357,0.3465061677037057,-0.005034000702748447,-0.21686715943507695,0.3833593332212622,0.3565824791558543
1774368233.0704348,base,70341586,1774368233,-0.014086104694540148,0.9379272191337821,0.3465095013746442,-0.005027794705456669,-0.2168681803056997,0.3833589582798352,0.356564630600589
1774368233.0713565,base,71279274,1774368233,-0.014080569997466773,0.9379273025522321,0.34650953149390246,-0.005025660107522855,-0.21686848436910122,0.3833593584324882,0.3565590351963399
1774368233.0723991,base,72322374,1774368233,-0.014066309634622581,0.9379275192896194,0.34650960391827723,-0.005020147894460472,-0.21686995286164856,0.3833588821098552,0.35654797199100013
1774368233.0733294,base,73260788,1774368233,-0.014049030174064057,0.9379282247967182,0.3465084875954905,-0.0050137715475283215,-0.21687195947786028,0.38336027044412807,0.35653142830634055
1774368233.0744715,base,74319984,1774368233,-0.014029004605149678,0.9379292691433223,0.3465065699745432,-0.005007002949771076,-0.21686981227188248,0.38336133919483945,0.35651398888989105
1774368233.0753946,base,75254040,1774368233,-0.014010613158448556,0.9379276354547098,0.34651183252904383,-0.00500032865172464,-0.21687264667695705,0.3833605200554726,0.35649601588299223
1774368233.076412,base,76330802,1774368233,-0.014004681701139015,0.9379277235961337,0.3465118658948653,-0.0049980990669649065,-0.21687290267430323,0.3833608411105498,0.3564902821269262
1774368233.0774362,base,77308271,1774368233,-0.013993397188373375,0.9379274920552201,0.3465130170324675,-0.004993346492123178,-0.21687497932356414,0.38336069025159675,0.3564805522207447
1774368233.0784473,base,78324918,1774368233,-0.013971780824411228,0.9379274595660554,0.3465140997919093,-0.004984834797958712,-0.2168764477852441,0.38336094658014996,0.3564593465399674
1774368233.0794182,base,79293914,1774368233,-0.013955402936318455,0.9379274352653624,0.34651491052606337,-0.004978924435923881,-0.21687736835575958,0.38336083875694876,0.35644471458953675
1774368233.080481,base,80332242,1774368233,-0.01393775874837155,0.9379288756778739,0.3465118192988668,-0.004972136050142843,-0.21687662234456834,0.3833624343610097,0.3564284070944792
1774368233.0813901,base,81299035,1774368233,-0.0139317257888112,0.9379290610162268,0.34651159198164716,-0.004969923551619864,-0.21687660757960178,0.38336279421070396,0.35642293395019115
1774368233.0823672,base,82275877,1774368233,-0.013919648986763638,0.9379273090007726,0.34651690708982247,-0.004963819452589587,-0.21687945611901216,0.38336296046123275,0.3564110250212831
1774368233.0833547,base,83283187,1774368233,-0.013899775990514453,0.9379281579556901,0.3465154958855916,-0.004957605512965915,-0.21688104735954378,0.383362909803593,0.35639319320866114
1774368233.084374,base,84313450,1774368233,-0.013882220983493981,0.9379292031245882,0.3465134499989315,-0.004952053763696151,-0.2168801561308602,0.3833633181223438,0.3563774128379467
1774368233.0852923,base,85224469,1774368233,-0.013867950050033656,0.9379269621057368,0.3465201847799673,-0.00494522563397865,-0.2168840670942883,0.38336299137999486,0.35636313440718126
1774368233.0863538,base,86288488,1774368233,-0.013862605594333133,0.9379270050421348,0.34652031148613877,-0.004943187875920949,-0.2168844297228738,0.3833632657726236,0.3563578132817738
1774368233.0873382,base,87270648,1774368233,-0.013848946388929436,0.9379276710246433,0.34651912693078596,-0.004938145535619939,-0.21688584214610426,0.38336373287648384,0.3563457543025261
1774368233.088394,base,88316109,1774368233,-0.013823503696797657,0.9379268291008611,0.34652254482197004,-0.004929495760663145,-0.21688690674879665,0.3833632973452885,0.356323269310885
1774368233.0894191,base,89351966,1774368233,-0.01380966977066528,0.937927711112523,0.34652078294508964,-0.004924300475252875,-0.21688650922713806,0.3833635452333644,0.3563103261871694
1774368233.090501,base,90391908,1774368233,-0.013793228297462193,0.9379279986698902,0.34652073754145285,-0.0049188024920834164,-0.21688814524920044,0.3833638237586197,0.3562945152897539
1774368233.091407,base,91338313,1774368233,-0.013787726037318393,0.9379279424474876,0.34652113786586386,-0.004916746799370506,-0.21688870362715157,0.3833639947837398,0.35628945807705786
1774368233.092496,base,92392450,1774368233,-0.013774021934345673,0.9379275889028154,0.346522700417802,-0.004912472886216625,-0.21688920953172883,0.3833642392629064,0.3562774935309022
1774368233.0934446,base,93346121,1774368233,-0.013756511252343805,0.9379263542808837,0.3465268538196972,-0.004904276231666323,-0.2168938967553005,0.3833640538250932,0.35626114237481016
1774368233.0944724,base,94392609,1774368233,-0.013738762114653422,0.937927827355515,0.3465236456372756,-0.004898989893022566,-0.21689259072787945,0.3833643311952465,0.35624492843550076
1774368233.095437,base,95299591,1774368233,-0.013721116905496596,0.9379275093586735,0.3465253097835098,-0.00489160694902032,-0.21689329764475176,0.38336476733710073,0.35622850845417586
1774368233.0964353,base,96339169,1774368233,-0.013715448448701827,0.9379275444639857,0.34652546748054786,-0.004889600903633227,-0.2168934596951955,0.38336471379738674,0.35622328961401434
1774368233.0974467,base,97353720,1774368233,-0.013702793932516616,0.9379270649099449,0.3465273242654377,-0.004885476977229757,-0.21689638541424228,0.3833623520999895,0.3562114437944938
1774368233.0984519,base,98336215,1774368233,-0.013687343375006116,0.9379261302120735,0.34653056471635224,-0.004878382324640242,-0.2168984281450437,0.3833648041592705,0.3561973036072669
1774368233.099387,base,99309774,1774368233,-0.013669597114877148,0.9379267690191312,0.3465296075694913,-0.004873309941362322,-0.21689792748205033,0.3833639286519903,0.35618113340282564
1774368233.1004243,base,100326660,1774368233,-0.01365325195361317,0.937926643056271,0.346530686346376,-0.004866659695821712,-0.21689909183065995,0.3833643272686998,0.35616570319891
1774368233.1014748,base,101328884,1774368233,-0.013647967438725055,0.9379265294613417,0.3465312302283092,-0.004864647350950015,-0.21689968388384193,0.38336428592085015,0.35616082464103843
1774368233.1024902,base,102345154,1774368233,-0.013637283824107163,0.9379246460710362,0.3465368250149826,-0.004859186244384565,-0.21690179414850774,0.3833643815681461,0.35615072155163907
1774368233.103494,base,103329075,1774368233,-0.013618909718485618,0.937925245854129,0.3465360104105175,-0.004853037843783417,-0.21690284953992162,0.38336479548476343,0.35613390163913683
1774368233.1044896,base,104344759,1774368233,-0.013601623113254309,0.9379257128687386,0.3465355046584213,-0.00484737036822728,-0.21690485703803314,0.3833638767243949,0.35611946164646385
1774368233.1054456,base,105301164,1774368233,-0.013583912875881881,0.9379260130227485,0.3465354729841267,-0.004841215745981427,-0.21690502860954758,0.38336462426677076,0.3561021887483688
1774368233.1064973,base,106348510,1774368233,-0.013578494863501347,0.9379258492322976,0.3465361579965638,-0.004839113565078674,-0.21690585715695443,0.3833645886192292,0.3560969375140448
1774368233.1074724,base,107336848,1774368233,-0.013568050058316471,0.9379247819405894,0.34653952878848265,-0.004833883156368561,-0.2169078238128982,0.383364265450599,0.35608671992031593
1774368233.108497,base,108350424,1774368233,-0.01355175657327016,0.9379246032763018,0.3465407116440219,-0.0048294550443629064,-0.21690956650386775,0.3833646971666326,0.3560722407341884
1774368233.109497,base,109345089,1774368233,-0.013536320365481672,0.9379245858929565,0.3465414506487805,-0.0048230893344490345,-0.21691129610023316,0.38336392237122596,0.35605787376335846
1774368233.1104386,base,110345297,1774368233,-0.013521608810279803,0.9379244667741656,0.3465424045309114,-0.0048189815846343,-0.21691172052589774,0.38336432257930675,0.35604334548685307
1774368233.1114678,base,111323724,1774368233,-0.013516836166075205,0.9379245016715907,0.3465425211968911,-0.004817188667673787,-0.2169121618021508,0.38336454524429653,0.35603855575391613
1774368233.112438,base,112343170,1774368233,-0.013507914495821035,0.9379235471409471,0.346545522531914,-0.004812148958617655,-0.21691474830116547,0.38336575538758816,0.356030245291218
1774368233.1134143,base,113332092,1774368233,-0.013489798093490778,0.9379236472859356,0.3465460480837178,-0.004805597444892541,-0.21691556506212062,0.38336598110478626,0.356014145408453
1774368233.1145275,base,114384191,1774368233,-0.013471368349683085,0.937922706869179,0.3465493960564661,-0.004799402762621038,-0.21691691010650146,0.3833628841731938,0.3559978287790564
1774368233.1154547,base,115304684,1774368233,-0.01346182143033049,0.9379226119990945,0.34655009028470435,-0.004794599903775862,-0.21692060456979056,0.38336535380194237,0.35598906086540494
1774368233.1165383,base,116425524,1774368233,-0.01345679349076967,0.9379224227253701,0.34655082378863433,-0.004792722539201162,-0.21692143890213336,0.3833653098221784,0.35598447037099923
1774368233.1175,base,117388698,1774368233,-0.013440981978287806,0.9379238091938724,0.3465477536939693,-0.004787751077470172,-0.21691965283565862,0.38336603693459237,0.3559697480916968
1774368233.1184044,base,118254409,1774368233,-0.013422897564562053,0.9379231828369119,0.34655025207083046,-0.004780345980359201,-0.21692032993392835,0.3833666882526035,0.355952923261396
1774368233.1194646,base,119300793,1774368233,-0.013411491588183859,0.9379234100136474,0.34655012747760294,-0.004776817665434184,-0.21692311635949982,0.3833670666278762,0.3559425954778086
1774368233.120449,base,120324595,1774368233,-0.013390024035017765,0.937922662989475,0.3465530928679496,-0.004768577432702369,-0.21692344640843436,0.38336436842986804,0.35592290626613043
1774368233.1214535,base,121342171,1774368233,-0.013384784096703125,0.9379225093511975,0.3465537421609092,-0.004766319471818917,-0.21692398134393442,0.3833643611629373,0.3559180178770749
1774368233.1224766,base,122379353,1774368233,-0.013377966554198506,0.9379235461881507,0.3465512226474173,-0.004764619428556362,-0.2169247725929629,0.3833668063953315,0.35591137215351026
1774368233.123406,base,123319541,1774368233,-0.013359536457477167,0.9379223303565669,0.34655531060366135,-0.004758329176110625,-0.21692686378617823,0.38336627487200464,0.3558936752765368
1774368233.1244671,base,124340675,1774368233,-0.013351276034305241,0.9379219068489344,0.34655682916273045,-0.00475439184213403,-0.2169290584256344,0.38336707604701253,0.35588647511238186
1774368233.1254628,base,125380417,1774368233,-0.013332484838319463,0.9379223108631942,0.34655655127816154,-0.004747673037256462,-0.21693096959903732,0.38336585929628736,0.355869172048105
1774368233.126462,base,126350196,1774368233,-0.013327719238537799,0.9379223893507755,0.3465565520406583,-0.004745491768116793,-0.21693124423176352,0.3833660310241313,0.35586470476679927
1774368233.1274147,base,127322814,1774368233,-0.013314639264857979,0.9379217824140984,0.3465587510894015,-0.004741571233418348,-0.21693189167196328,0.3833661396752332,0.3558530665487491
1774368233.1285477,base,128382253,1774368233,-0.013300696395162648,0.9379220463962152,0.3465586272754519,-0.004737533144367282,-0.2169325108082132,0.38336734138552203,0.355839895937866
1774368233.129458,base,129340659,1774368233,-0.013286606832941122,0.937921504138501,0.3465607154242053,-0.004731667581508287,-0.2169341099126062,0.38336580723744507,0.3558270215110205
1774368233.1305597,base,130375634,1774368233,-0.013273346965736638,0.9379210920310914,0.3465624304095527,-0.004724956312628898,-0.2169348458403781,0.38336702282863555,0.355814227998858
1774368233.1314316,base,131298978,1774368233,-0.013268382264620003,0.9379210639832074,0.34656272479799644,-0.004722875106989902,-0.21693490312833813,0.38336702985579335,0.35580959380433463
1774368233.1325543,base,132394965,1774368233,-0.01325892301597003,0.9379223095936204,0.34655973249716343,-0.004721645742739243,-0.21693420778284178,0.38336830945595163,0.35580035270776716
1774368233.133446,base,133304547,1774368233,-0.013241849158243812,0.9379208014876957,0.3465645836684978,-0.004713057842811275,-0.21693833021985556,0.38336808798199384,0.35578479144508224
1774368233.1344304,base,134323193,1774368233,-0.013230474591245971,0.9379208511939537,0.3465649172203898,-0.004710582737192421,-0.21693789740310512,0.38336888353553755,0.35577369312491014
1774368233.1354334,base,135285315,1774368233,-0.013213662743789408,0.9379212937342742,0.3465644385089538,-0.004704873823184751,-0.21693966527142197,0.3833676315277242,0.35575886875216056
1774368233.1365342,base,136315729,1774368233,-0.013208784431580965,0.9379214590414778,0.34656419883114215,-0.004703272464351035,-0.2169398556538679,0.3833675759541208,0.3557546914168116
1774368233.1374104,base,137275739,1774368233,-0.013197599040147494,0.9379221708715499,0.34656275383694235,-0.004699193561617177,-0.21694024867983508,0.38336919751213816,0.35574478086087225
1774368233.1384413,base,138316297,1774368233,-0.013184438785099973,0.9379201094367169,0.3465689181150819,-0.004692961184653213,-0.21694398974132414,0.38336820064050064,0.3557307280291544
1774368233.1393695,base,139276129,1774368233,-0.013172499485316153,0.9379216546899661,0.3465652305620277,-0.004689977231693699,-0.21694250625452138,0.3833701749164632,0.3557201466799234
1774368233.140486,base,140347207,1774368233,-0.013155280198267578,0.9379201938311859,0.34656992152027427,-0.004683812977363969,-0.216943309716834,0.3833694982508316,0.3557055720057535
1774368233.141436,base,141330543,1774368233,-0.013150234046314085,0.9379199540652968,0.3465707871059005,-0.0046819478291922215,-0.21694368142225845,0.38336944542597967,0.3557012665507094
1774368233.142493,base,142373217,1774368233,-0.01313993229805819,0.9379199206560558,0.34657131795670804,-0.004678267359918282,-0.216945140263573,0.38336782951757253,0.3556916282530189
1774368233.143357,base,143249823,1774368233,-0.01312425325932753,0.9379192930428122,0.34657370973287005,-0.004670913877691238,-0.21694670745369832,0.3833667588441337,0.3556774300687154
1774368233.1445687,base,144373593,1774368233,-0.01311314038050922,0.9379197471978264,0.3465729472543937,-0.004667504379180678,-0.21694784196436137,0.38336773376011435,0.3556676627358833
1774368233.145384,base,145310420,1774368233,-0.01309934169106486,0.9379189044817071,0.3465758179616019,-0.004662431483848968,-0.2169505356640322,0.38336797974024617,0.35565416128734617
1774368233.1464686,base,146333121,1774368233,-0.013094945301151524,0.9379187591035264,0.3465763978657263,-0.004660919617274942,-0.2169507789493674,0.3833680504787005,0.3556501282473865
1774368233.147381,base,147289948,1774368233,-0.013085842907590569,0.9379194334206635,0.34657496905575724,-0.0046570324521542136,-0.21694863974887094,0.3833692866031659,0.3556426988922321
1774368233.1484547,base,148364903,1774368233,-0.01307294468027959,0.9379189974980006,0.34657669141525466,-0.004652871950453655,-0.2169524072653102,0.38336804955018156,0.35562977237990673
1774368233.1494637,base,149298320,1774368233,-0.013055423848807214,0.9379198293511538,0.3465751703555873,-0.004647678025220207,-0.21695135488358325,0.38336861468513794,0.3556143318817578
1774368233.150435,base,150359444,1774368233,-0.013045053814365064,0.9379188421218495,0.3465783062760152,-0.004642174343778593,-0.21695273390723835,0.38336867515927425,0.3556035639565047
1774368233.1514332,base,151299805,1774368233,-0.013041246558789802,0.9379187502552812,0.34657871782740296,-0.0046407065062922,-0.216953367349913,0.3833688665917051,0.3555997506221322
1774368233.152568,base,152359223,1774368233,-0.01302607722399149,0.9379193834072796,0.346577627056704,-0.004636805452802618,-0.21695318699997396,0.38336767613154216,0.35558734546311643
1774368233.153382,base,153251168,1774368233,-0.013012408102283032,0.9379186505625433,0.3465802024896229,-0.0046309183289419634,-0.21695436450354363,0.3833671782364361,0.3555737699692974
1774368233.154481,base,154329355,1774368233,-0.013001983398347955,0.937917621277357,0.3465834283117459,-0.004627239437310446,-0.21695728044744586,0.3833666161453023,0.35556454122655956
1774368233.1553724,base,155295574,1774368233,-0.012986188715879492,0.9379173505219012,0.34658482030018234,-0.004622210521283173,-0.21695929785320148,0.3833657775016366,0.3555498104791208
1774368233.1564245,base,156345073,1774368233,-0.012982692876983934,0.9379173371506421,0.346585004817396,-0.00462090831289017,-0.21695988659386614,0.38336603663673396,0.35554630863086356
1774368233.157374,base,157292697,1774368233,-0.012973287089341486,0.9379176826150102,0.34658447527440883,-0.004616920938138432,-0.21695874758222175,0.3833672482703139,0.3555388816530861
1774368233.158411,base,158322837,1774368233,-0.01296182579156049,0.9379177524008803,0.3465847655277569,-0.004613145076871121,-0.21695975544012214,0.3833670150733807,0.3555284714129627
1774368233.159369,base,159283732,1774368233,-0.01294996600246916,0.9379172419790874,0.34658664822565116,-0.004608779728477609,-0.21696143918803876,0.3833657319568155,0.35551648125235374
1774368233.1604762,base,160312964,1774368233,-0.012937527887703571,0.9379174681177904,0.34658655754002815,-0.004604509118362372,-0.2169615376793996,0.3833655823928569,0.3555049718759639
1774368233.1613224,base,161226683,1774368233,-0.012933868404269865,0.9379172368045167,0.3465873392145484,-0.004603069547686095,-0.21696188750879783,0.38336563660576856,0.355501469168097
1774368233.1624498,base,162312010,1774368233,-0.012921126450745266,0.9379170485505921,0.34658838879794723,-0.0045981822313811566,-0.21696306068242366,0.3833657029825025,0.3554910914146967
1774368233.1633596,base,163267463,1774368233,-0.012907696766176341,0.9379175154370835,0.3465877047999344,-0.0045922197284444695,-0.2169640545201439,0.383364991950427,0.3554786175946044
1774368233.1643865,base,164310489,1774368233,-0.012898241840278315,0.9379164805036418,0.34659089951201427,-0.0045890448400795515,-0.21696616974683103,0.3833641476007593,0.3554698279212699
1774368233.1653187,base,165244378,1774368233,-0.012890461093657431,0.9379168971381864,0.34659009217795284,-0.00458672863244563,-0.2169674373216024,0.3833668515479386,0.3554617018157045
1774368233.1663854,base,166307863,1774368233,-0.012887230827710077,0.9379170345905538,0.3465898550958157,-0.004585613494033184,-0.21696753156974544,0.3833672324430913,0.35545836642093603
1774368233.1673353,base,167245778,1774368233,-0.012872057154184375,0.9379168942361021,0.3465908773501755,-0.004579671250139664,-0.2169674502674964,0.3833652908757041,0.3554452837506144
1774368233.1685908,base,168350542,1774368233,-0.012863507537409107,0.9379154691289456,0.34659509001427585,-0.0045767368791473344,-0.21697060247857258,0.3833663839951163,0.35543642070078324
1774368233.1694295,base,169289264,1774368233,-0.012853063809113007,0.9379154738824886,0.3465955279970486,-0.004571933393304446,-0.2169725741461315,0.38336527580540325,0.3554275450270919
1774368233.170484,base,170360603,1774368233,-0.012839098027021522,0.9379161249228741,0.3465943408244925,-0.004567612061882693,-0.21697244598064935,0.38336523651940035,0.35541507222654767
1774368233.1713848,base,171297101,1774368233,-0.012834796341104794,0.9379159970097753,0.34659486680392765,-0.004566055322620638,-0.2169729616456919,0.3833651133067476,0.35541121100137746
1774368233.1725118,base,172350864,1774368233,-0.012822762538276931,0.9379145521178914,0.34659928959414704,-0.004560936221277544,-0.21697395435975617,0.38336296073973786,0.3553999786165472
1774368233.173395,base,173302874,1774368233,-0.01281431409505098,0.9379157201773589,0.3465964776624922,-0.004558165246355472,-0.21697444475194425,0.383365353168391,0.35539232318877195
1774368233.1744654,base,174325011,1774368233,-0.01280515592837974,0.9379150556096142,0.34659865998544576,-0.004554705122990132,-0.2169771985501323,0.3833655694514288,0.35538275452973633
1774368233.1753557,base,175285670,1774368233,-0.012794440490329297,0.9379147304972872,0.34659999493569277,-0.00455017794357376,-0.21697640166314905,0.38336508503110905,0.3553728666186524
1774368233.1764777,base,176355937,1774368233,-0.012791157171498342,0.9379147375989064,0.3466001175884735,-0.004548602053932406,-0.2169763447175409,0.3833653695896419,0.35536964248264374
1774368233.1773522,base,177278535,1774368233,-0.012781188855452772,0.9379152324458733,0.34659918491118985,-0.004545654666116093,-0.21697731654071725,0.38336503641142616,0.35536116325334616
1774368233.178461,base,178335615,1774368233,-0.012771929491947344,0.9379137152428287,0.3466036786198528,-0.004542085823993923,-0.21698052752010988,0.38336486204709685,0.35535272202478113
1774368233.1793659,base,179276082,1774368233,-0.012763765396990766,0.9379142955160494,0.3466024688001798,-0.0045375302912164335,-0.21698132188697442,0.3833654599828987,0.3553456461982204
1774368233.1804595,base,180340687,1774368233,-0.012750791173897458,0.9379132207176187,0.3466058945796975,-0.00453448675712144,-0.2169823444767388,0.3833620504285168,0.3553336730304215
1774368233.1813583,base,181284796,1774368233,-0.01274768202351102,0.9379131556874036,0.346606196143402,-0.004533628406165692,-0.2169828883657987,0.38336191586361756,0.35533087583760864
1774368233.1825147,base,182380767,1774368233,-0.012738929403998313,0.9379131415700255,0.3466066017828058,-0.004530137797097148,-0.21698387730300178,0.38336328095915484,0.3553228099196076
1774368233.1833534,base,183276825,1774368233,-0.012728561952174342,0.9379125499806256,0.3466086321368856,-0.004526414438330742,-0.21698514681227354,0.3833631209166477,0.35531328326579464
1774368233.1844735,base,184367293,1774368233,-0.012720986747190875,0.9379132034261976,0.3466071972522309,-0.004522183978913228,-0.2169855320314857,0.38336505378215874,0.3553063503341148
1774368233.1854274,base,185331096,1774368233,-0.012710229797032296,0.9379132606941221,0.34660746470454196,-0.004520053508118214,-0.21698659374815016,0.3833643888652521,0.35529498534182663
1774368233.1864896,base,186357568,1774368233,-0.012707676280673133,0.9379132346349668,0.3466076381169979,-0.004519342770312287,-0.2169870900443492,0.38336441809751565,0.3552922890841974
1774368233.1874049,base,187326060,1774368233,-0.012701767449223448,0.9379124532299341,0.34661002927377726,-0.004514729970199908,-0.21698855288828386,0.38336529303905187,0.3552866275701269
1774368233.1885302,base,188387569,1774368233,-0.012690494934037127,0.9379114035180641,0.34661332293760705,-0.004511635097660065,-0.216990337224644,0.38336359964484634,0.3552775311377685
1774368233.189431,base,189321787,1774368233,-0.012681451589820507,0.9379121675288212,0.3466116194207929,-0.004509109608206356,-0.216990138763376,0.3833635043660507,0.3552691274650413
1774368233.1904836,base,190361729,1774368233,-0.012673544307809932,0.9379124566149981,0.34661115824012884,-0.0045066600197615275,-0.2169917328952038,0.38336436608613916,0.35526234736544027
1774368233.1914072,base,191323030,1774368233,-0.012671014203892625,0.9379124090010905,0.3466113918434212,-0.004505716944303403,-0.2169922104103984,0.38336446723042217,0.3552600630839115
1774368233.1924896,base,192359739,1774368233,-0.012663298625142686,0.9379117458707565,0.34661351054542006,-0.004502458548380414,-0.21699099385120163,0.3833634317970826,0.3552528290334152
1774368233.1933467,base,193243407,1774368233,-0.012652021467856467,0.9379113564873759,0.34661503623064793,-0.004497819873443524,-0.21699244076798896,0.3833642716153367,0.3552426980904464
1774368233.1945128,base,194397256,1774368233,-0.01264143439740455,0.9379117922045683,0.3466142804325027,-0.004494972775127988,-0.21699237556849044,0.38336201452050567,0.35523328965165984
1774368233.1954134,base,195322118,1774368233,-0.012633624877931357,0.9379116744136057,0.3466149388964219,-0.004490729889458433,-0.21699243432166715,0.38336319343192277,0.35522529540562137
1774368233.1965208,base,196389678,1774368233,-0.012630418169042056,0.9379116385643483,0.346615169680814,-0.004489424189686969,-0.21699257993706314,0.38336321874012874,0.35522231498923257
1774368233.1974294,base,197331919,1774368233,-0.012622825242417014,0.9379126374561266,0.34661276423902393,-0.004487811223145845,-0.21699287979872103,0.38336499811062646,0.35521531395675887
1774368233.1984925,base,198370336,1774368233,-0.012616055683905579,0.9379110806666041,0.34661725958506007,-0.004485003849121208,-0.21699704633055233,0.3833634741379199,0.3552081457099176
1774368233.199451,base,199336164,1774368233,-0.012610120270297155,0.9379122745101722,0.3466142784973475,-0.004482424755321003,-0.21699490433674676,0.38336551783657036,0.35520311893302126
1774368233.200501,base,200411366,1774368233,-0.012601902722367941,0.9379115241633267,0.3466166334598001,-0.004480435067732608,-0.21699514697607442,0.3833645829834682,0.3551965240552776
1774368233.201369,base,201238450,1774368233,-0.012599203595828069,0.9379113112741991,0.34661731913738353,-0.004479545364912596,-0.21699534891299813,0.3833645655610541,0.3551941368846857
1774368233.2024455,base,202348693,1774368233,-0.012594159260331299,0.9379120421078738,0.34661555467997185,-0.0044772397142398895,-0.21699579216390383,0.38336535251195314,0.35518947309870474
1774368233.2033718,base,203270056,1774368233,-0.01258386233609033,0.9379112245257631,0.34661818464714905,-0.004473856189544073,-0.216997776663937,0.3833649306139753,0.3551797507549596
1774368233.2044618,base,204310952,1774368233,-0.012577732171833894,0.9379109109776625,0.34661929193760993,-0.004471037814071667,-0.21699809454926747,0.38336508353986365,0.35517401022105405
1774368233.2054696,base,205338537,1774368233,-0.012570322396974825,0.9379124070678606,0.34661555774582914,-0.004467526335203888,-0.21699744486701397,0.38336728533145037,0.35516564435289705
1774368233.2064612,base,206358158,1774368233,-0.012567751790031391,0.937912480779405,0.3466154655822447,-0.004466433965706397,-0.21699783079148902,0.3833674114330661,0.35516286847723794
1774368233.207423,base,207331875,1774368233,-0.012561455808243523,0.9379121615046371,0.34661656868940743,-0.00446558391012809,-0.2169993902140166,0.3833662419765351,0.3551571746080066
1774368233.208445,base,208353010,1774368233,-0.012552873649277447,0.9379121343508657,0.34661699879334845,-0.004462034069857047,-0.21699951490446856,0.38336656936005525,0.3551505807449918
1774368233.2094247,base,209328970,1774368233,-0.01254546836133283,0.9379126777534298,0.34661584489204506,-0.0044582735178007316,-0.21699824451103664,0.3833674841291922,0.35514250682355836
1774368233.2105043,base,210383911,1774368233,-0.012535017408316262,0.9379133519187517,0.34661442946881027,-0.004455885446917176,-0.2169961790218893,0.3833677802043789,0.3551339759046835
1774368233.211572,base,211433008,1774368233,-0.012532170840772464,0.9379135457782998,0.3466140162493731,-0.004455230529869142,-0.2169961134469321,0.3833679752777145,0.35513172274000393
1774368233.2125282,base,212380309,1774368233,-0.012526699624289464,0.9379120074683652,0.34661841100209906,-0.004452549557725084,-0.2170006412488727,0.38336797138506257,0.35512647968793787
1774368233.213437,base,213315202,1774368233,-0.012519567912201915,0.937913052052174,0.3466158602116975,-0.004451141333701339,-0.2169985438703499,0.3833672664202904,0.3551203434086201
1774368233.2144995,base,214365507,1774368233,-0.01251426337973625,0.9379133323390029,0.3466153350161031,-0.004447894387719611,-0.21699717764525725,0.38337152070037167,0.35511477651855167
1774368233.2154632,base,215340891,1774368233,-0.012505113173872474,0.9379134485900844,0.34661538594617963,-0.004445146088098144,-0.21700072523407396,0.383368392892579,0.3551067275043339
1774368233.216504,base,216395349,1774368233,-0.012503075766223842,0.937913436838196,0.34661550123830254,-0.004444366779161754,-0.21700087519847822,0.383368416558987,0.3551048469392465
1774368233.2174067,base,217311726,1774368233,-0.012497953891458581,0.9379132749055535,0.3466161528766419,-0.004442124431290439,-0.21699935906515758,0.3833690283415191,0.3550997624532536
1774368233.2183933,base,218285604,1774368233,-0.012487787652620673,0.9379125861308478,0.3466184231977294,-0.004438990516757959,-0.2169992082006427,0.38336858712042654,0.3550909846343505
1774368233.219425,base,219333242,1774368233,-0.012481445874579541,0.9379142354700137,0.3466142096908122,-0.004437347405066042,-0.2169976945001473,0.38336977506601627,0.3550852372240686
1774368233.2204726,base,220388071,1774368233,-0.012481647543283465,0.9379141467263006,0.3466144553173549,-0.004436351015666717,-0.21700016336910904,0.38337136112661535,0.3550838973522069
1774368233.2213311,base,221237795,1774368233,-0.012480620746280948,0.9379141800948841,0.3466144086029225,-0.004435834935512473,-0.21700036627489744,0.3833717670259618,0.35508254912427173
1774368233.2224307,base,222273420,1774368233,-0.012469849952652967,0.9379145166079064,0.3466139416248568,-0.004431461338641502,-0.21699884938531916,0.38337249583716076,0.3550738271790683
1774368233.2235038,base,223287551,1774368233,-0.012465392952136632,0.937913794237022,0.34661606736418366,-0.004430621113305759,-0.21699961336391488,0.38337164334838125,0.35506936704392533
1774368233.2245562,base,224358966,1774368233,-0.012459540478777134,0.9379128903664677,0.3466187693564691,-0.004427037980736587,-0.21700038502172297,0.38337221021961443,0.35506359190847675
1774368233.2255123,base,225352207,1774368233,-0.012451590480218194,0.9379141398129718,0.3466157042233631,-0.004424682943262748,-0.21700036194953734,0.3833712934842603,0.3550562899245628
1774368233.2266338,base,226422119,1774368233,-0.012449692051912528,0.9379143380427692,0.3466152420646313,-0.0044242095433493014,-0.2170006030719797,0.38337144413642604,0.35505420994584863
1774368233.227472,base,227334181,1774368233,-0.012441779264144812,0.9379148839013657,0.3466140618900994,-0.004423209815999635,-0.21699835130559766,0.3833720574376341,0.355047714551093
1774368233.2285762,base,228413681,1774368233,-0.012440681376998037,0.9379150673921035,0.3466136338825477,-0.004420928915632915,-0.2169990674841196,0.38337492522771344,0.3550459168124197
1774368233.229464,base,229332986,1774368233,-0.012435021992171856,0.937915076967627,0.34661382649408545,-0.004419718089707243,-0.21699936445142054,0.3833745719960811,0.3550417283762522
1774368233.2306254,base,230416289,1774368233,-0.01242622391528252,0.9379162422180172,0.34661103167436047,-0.004416363263656904,-0.21699815336057407,0.3833739290579981,0.35503294656607615
1774368233.2314613,base,231329253,1774368233,-0.012424291991631716,0.9379161713949805,0.3466113022394314,-0.00441560462155247,-0.21699850133468,0.3833739885237815,0.3550308711081488
1774368233.232516,base,232356202,1774368233,-0.012420976396478867,0.9379162909876858,0.346611120394929,-0.0044138037827740765,-0.21699799455478286,0.3833750454354342,0.3550278710970831
1774368233.2334242,base,233298046,1774368233,-0.01241192750286715,0.9379143150489913,0.3466168296490134,-0.004410791982397693,-0.21699854864870546,0.3833739348226049,0.3550206942196239
1774368233.2344928,base,234328981,1774368233,-0.012404920863868185,0.9379156734761221,0.34661343321344523,-0.00440854876142779,-0.216998008631493,0.38337477597363273,0.355015241395771
1774368233.2355611,base,235337389,1774368233,-0.012400014045668812,0.9379164726149917,0.3466114575640997,-0.004407667683597584,-0.21699899391699018,0.3833744844883509,0.35500958133406
1774368233.236455,base,236263370,1774368233,-0.012398819355528178,0.9379166123249462,0.3466111245749981,-0.004407485035810396,-0.21699915535992206,0.38337463521492376,0.35500818445283283
1774368233.2374134,base,237262002,1774368233,-0.012398386776238293,0.9379154964206572,0.34661418293929974,-0.004405651445677529,-0.2169986383695222,0.383375389211997,0.3550079861048409
1774368233.238585,base,238348629,1774368233,-0.012388841568451948,0.9379174709651386,0.3466092081893827,-0.00440352827620694,-0.21699733625168935,0.38337642693407487,0.3549997643101646
1774368233.2395473,base,239269110,1774368233,-0.012386043970693122,0.9379172483542796,0.346609939035137,-0.004401285761144305,-0.2169977079587009,0.38337618431860115,0.3549973439052625
1774368233.2404637,base,240282107,1774368233,-0.012381350271011232,0.9379170728994825,0.3466106122263757,-0.004398865898227554,-0.21699714547884152,0.3833766338619532,0.3549929342327037
1774368233.2413588,base,241254585,1774368233,-0.012379463471410498,0.937917106976574,0.3466105972508874,-0.004398090294322703,-0.21699687659483424,0.3833766225012158,0.3549911844336346
1774368233.24243,base,242330702,1774368233,-0.012375572447121251,0.9379176128616487,0.34660936679198484,-0.0043981294400980255,-0.21699709694138328,0.3833766473288562,0.3549866869340106
1774368233.243477,base,243311824,1774368233,-0.012370925076213337,0.9379166393984516,0.3466121915680378,-0.004396181146824729,-0.21699816276540942,0.38337656250161867,0.3549823045159439
1774368233.2445333,base,244372280,1774368233,-0.012367570025611974,0.9379170983795039,0.3466110944236615,-0.004394200890407916,-0.21699857196525,0.38337635237525985,0.3549795353446729
1774368233.2454782,base,245310651,1774368233,-0.012367271406266365,0.9379173301365882,0.3466104829052956,-0.0043938101433326155,-0.21699981041659938,0.38337794247572765,0.35497903879656123
1774368233.2464767,base,246370882,1774368233,-0.012366188037915235,0.9379173035859086,0.34661059520483095,-0.004393668091962544,-0.2170002135377485,0.38337792017569433,0.3549778174068493
1774368233.2474656,base,247308536,1774368233,-0.012359051818806437,0.937917371302671,0.3466106879058218,-0.00439197862933485,-0.21699900656425533,0.3833771116817238,0.35497212537940126
1774368233.2484186,base,248251079,1774368233,-0.012357012326538823,0.9379164926141247,0.3466131792605283,-0.004388746026957528,-0.2170013560092099,0.38337755336246515,0.35497080197836633
1774368233.249383,base,249228623,1774368233,-0.012350528598291301,0.9379175769340569,0.3466104833481189,-0.004388183527797384,-0.2169988204469635,0.3833775675304418,0.3549643594352354
1774368233.250401,base,250297152,1774368233,-0.01235055714368002,0.9379166316747883,0.34661304476557353,-0.004387820005281798,-0.21700144899236914,0.3833789539715654,0.3549644581112401
1774368233.2513351,base,251248721,1774368233,-0.012349558750217671,0.9379165541594605,0.34661329336423957,-0.0043875614541999414,-0.2170017421458402,0.3833788318624416,0.35496357124764616
1774368233.2524114,base,252293743,1774368233,-0.012346277211380118,0.9379174912770757,0.34661088390695055,-0.004386815790386475,-0.21700010969527433,0.3833789547054012,0.35495967467151507
1774368233.253311,base,253248525,1774368233,-0.012345110050351401,0.9379166712472639,0.34661315170177204,-0.004386242316730547,-0.21700302352428144,0.38337916080307805,0.35495797726823186
1774368233.2544866,base,254328520,1774368233,-0.01234005172903579,0.9379167417498472,0.3466131622240338,-0.0043845685911699265,-0.2170029670868979,0.3833790429940119,0.35495411156737633
1774368233.255479,base,255323980,1774368233,-0.012340443915414175,0.9379167256714446,0.346613197474341,-0.004384117509858761,-0.21700321033303221,0.3833802549962096,0.3549536001812895
1774368233.2565117,base,256311253,1774368233,-0.01233962166245363,0.9379165845294137,0.3466136136894949,-0.004383720681796045,-0.21700315194827413,0.383380305142811,0.35495255135069115
1774368233.2574103,base,257280775,1774368233,-0.012334536155847248,0.9379169616398232,0.3466128104075993,-0.004380861500694114,-0.21700198387134187,0.3833800986075443,0.35494846314896444
1774368233.2584753,base,258315762,1774368233,-0.01233360588948434,0.9379169987860435,0.34661273628954736,-0.0043813919952926245,-0.2170041763656412,0.3833804288776966,0.35494760689362814
1774368233.2594445,base,259292657,1774368233,-0.012332110268787297,0.9379162222307869,0.34661489450702193,-0.004381100151076191,-0.21700651050689262,0.3833790875166757,0.35494497220425764
1774368233.2605395,base,260355056,1774368233,-0.01232885784730724,0.9379155842859723,0.3466167639945505,-0.0043789194592024575,-0.21700580734466038,0.3833798231772044,0.3549417099835081
1774368233.2614074,base,261280060,1774368233,-0.012328431949261672,0.9379156107912315,0.34661671012961176,-0.004378705140587118,-0.21700595441322973,0.3833800821440649,0.354941199967854
1774368233.2625015,base,262329134,1774368233,-0.012327020744723065,0.9379160178690137,0.3466156734414086,-0.004377546007752294,-0.2170075751520186,0.3833813789122838,0.35494126253811775
1774368233.2634654,base,263328721,1774368233,-0.012323498322768682,0.9379154649114775,0.34661730772072363,-0.004376534863678203,-0.21700856849728667,0.3833786908798672,0.3549369636664156
1774368233.264494,base,264323744,1774368233,-0.01232098965128285,0.9379149017915032,0.3466189245989158,-0.004376222267999622,-0.21700922101804693,0.38337964584797474,0.3549347744763566
1774368233.2653992,base,265241227,1774368233,-0.012321579450496303,0.9379144773493331,0.3466200614051092,-0.004375487388960528,-0.21700882554964068,0.38338076402550736,0.3549345593707929
1774368233.266357,base,266248447,1774368233,-0.012320911951314514,0.9379144810587875,0.34662007817318996,-0.004375243550355291,-0.21700885215390048,0.38338077202643667,0.3549339146312157
1774368233.2674382,base,267282465,1774368233,-0.012320341799609152,0.9379149135585914,0.3466189313655158,-0.004374988154117963,-0.21701042823983116,0.3833801867968594,0.3549328550261982
1774368233.2684696,base,268306483,1774368233,-0.012315736536483834,0.9379145356024912,0.3466201482680231,-0.004372568327768202,-0.21701148668413806,0.3833791407883738,0.3549287230643825
1774368233.2694094,base,269279210,1774368233,-0.01231615124137734,0.9379149015360955,0.34661913742265466,-0.0043730387044568905,-0.21701034312670525,0.3833801605714747,0.35492889388325305
1774368233.270418,base,270300784,1774368233,-0.012314016189270742,0.937913494783856,0.34662302811950196,-0.0043723774872545225,-0.2170111209630813,0.38337952470333936,0.35492749031855847
1774368233.2714286,base,271302927,1774368233,-0.012313484500271829,0.9379133325697881,0.3466234865066555,-0.004372332245620995,-0.2170110576454486,0.3833793565941427,0.35492701957594464
1774368233.27242,base,272310886,1774368233,-0.012309988166270665,0.9379144464529432,0.34662062444306185,-0.004370130080127962,-0.2170103327094859,0.3833785877806092,0.3549233145435464
1774368233.2734272,base,273362006,1774368233,-0.012310313737625126,0.9379154508607406,0.3466178802071435,-0.004371307937144519,-0.21700833065592462,0.3833809679745187,0.35492409690759263
1774368233.2744858,base,274387336,1774368233,-0.012307968919793933,0.9379146800165192,0.34662005822338043,-0.00437060039355155,-0.2170098728530643,0.38337848063455443,0.3549224498411902
1774368233.2755609,base,275335640,1774368233,-0.012311706325046705,0.9379130666407085,0.34662431183219694,-0.004368953975909714,-0.21701258020308917,0.3833795220729143,0.35492576637123846
1774368233.276551,base,276345813,1774368233,-0.012312055272059,0.9379129982108044,0.34662448871028867,-0.004368627762611709,-0.21701256708977304,0.3833797763567233,0.3549260121286258
1774368233.2775068,base,277347661,1774368233,-0.012304120150056202,0.9379134610628056,0.34662351885133014,-0.0043685653987921794,-0.21701221460011902,0.38337673415906437,0.35491937437843146
1774368233.278553,base,278390446,1774368233,-0.012306658034848282,0.9379139021655943,0.3466222204728242,-0.004369733059337248,-0.21701307718007087,0.38337796132978624,0.35492207076916416
1774368233.2795057,base,279325685,1774368233,-0.012302294868189869,0.9379142232723686,0.34662151767481936,-0.0043688452902983475,-0.21701175511951346,0.38337769582100817,0.35491787228602356
1774368233.2805626,base,280352556,1774368233,-0.01229961783535607,0.9379123367545649,0.34662672729314153,-0.004368053427087705,-0.21701288687519502,0.3833744385525993,0.35491620420149567
1774368233.2813632,base,281231006,1774368233,-0.012299437439361858,0.9379122090969824,0.34662708081219856,-0.004367918624144829,-0.21701316449083521,0.3833742253035594,0.3549160282915655
1774368233.282459,base,282306425,1774368233,-0.012297869219885326,0.9379134376025666,0.34662383788637346,-0.004365888925302258,-0.21701150281070036,0.3833744732490496,0.354914297105381
1774368233.2834961,base,283330346,1774368233,-0.012293292768414822,0.9379135785756674,0.3466236180285237,-0.004365947905279126,-0.21701065199046574,0.3833743194386659,0.3549108854345544
1774368233.2845752,base,284398809,1774368233,-0.012291031678370623,0.9379140972168707,0.3466223052077008,-0.0043651248141773165,-0.21700950842145558,0.38337262020596974,0.3549082054284448
1774368233.2855163,base,285326217,1774368233,-0.012292765774590314,0.9379142616833825,0.3466217836508097,-0.004366318730666137,-0.2170105075743427,0.3833741652399061,0.3549111354093411
1774368233.2864978,base,286342929,1774368233,-0.012292415171733448,0.9379143698184534,0.3466215032825453,-0.004366334784181731,-0.21701029670455202,0.3833742960587057,0.3549112253048952
1774368233.2874153,base,287273828,1774368233,-0.012291214733047527,0.9379147138546561,0.34662061465646254,-0.004366356662112542,-0.21700878120870828,0.383373324085159,0.3549096325787699
1774368233.2884736,base,288314074,1774368233,-0.012287362145963425,0.9379144596565298,0.3466214507035165,-0.00436543364207981,-0.2170082168651355,0.3833722493512791,0.35490721139184656
1774368233.2894204,base,289283341,1774368233,-0.012286961816756724,0.9379141396249188,0.3466223394485345,-0.004364751560737532,-0.21700858116638297,0.383372326215066,0.3549061260583541
1774368233.2904837,base,290341802,1774368233,-0.012286136603917093,0.9379137551710849,0.3466234051829539,-0.004365052989123877,-0.21700929083523,0.3833717035466364,0.3549046261888814
1774368233.2914305,base,291281688,1774368233,-0.012286197731730638,0.9379138595829662,0.3466231193192819,-0.0043651461431937245,-0.21700907432337607,0.38337186625449093,0.3549045928152009
1774368233.2924924,base,292311675,1774368233,-0.01228374519806907,0.9379146606410363,0.3466210517478341,-0.004364108585256929,-0.2170070546469188,0.38337142659184426,0.3549027633295396
1774368233.2934291,base,293288918,1774368233,-0.012283930849961835,0.937915313089125,0.34661927982435214,-0.004364100119075251,-0.21700575877178097,0.3833737500805572,0.35490265775370977
1774368233.2944715,base,294311307,1774368233,-0.01228220054518422,0.9379157113811964,0.34661826996609174,-0.004363578781881929,-0.21700580773605668,0.3833739481422451,0.354900839565453
1774368233.295467,base,295279540,1774368233,-0.012278718290160378,0.9379143253207741,0.3466221606394459,-0.0043622458516497506,-0.21700734809012576,0.38337126531136334,0.3548984106340863
1774368233.2964694,base,296310312,1774368233,-0.012278242627775058,0.9379141069262021,0.34662277022294263,-0.004362103823991296,-0.21700732882228935,0.3833710426745932,0.3548979702327655
1774368233.297483,base,297320725,1774368233,-0.01227686245071162,0.9379149635514182,0.34662049010205376,-0.004362984771923516,-0.2170049677631881,0.38337173269402436,0.3548980617069982
1774368233.2984807,base,298295733,1774368233,-0.012274182160895498,0.9379173105157603,0.3466142418544577,-0.004362388201826725,-0.21700116444089554,0.38337389826783874,0.35489601658883685
1774368233.2995038,base,299315012,1774368233,-0.012276160362571455,0.9379151483410909,0.3466200312573678,-0.004361688916368368,-0.21700453359582947,0.3833738331688175,0.3548972237291565
1774368233.3005419,base,300351266,1774368233,-0.012277515137646551,0.937915881649916,0.346617986515953,-0.004362682034296314,-0.2170048667522006,0.38337360649638047,0.3548971767516664
1774368233.3014889,base,301327290,1774368233,-0.012277590694361705,0.9379159648223945,0.346617757825673,-0.004362758063618228,-0.21700468279885815,0.38337367411544077,0.35489687474499165
1774368233.3025923,base,302404329,1774368233,-0.01227558629442947,0.9379168695979999,0.3466153876454951,-0.004362195775033793,-0.21700255372989127,0.3833756613023191,0.35489636247093514
1774368233.3033805,base,303281971,1774368233,-0.0122733945855509,0.9379175917237639,0.3466135071836083,-0.004362517429333424,-0.21700260472545801,0.38337419550269614,0.35489511923504735
1774368233.3045053,base,304331484,1774368233,-0.012275450184820598,0.9379167357792624,0.34661576003552386,-0.004361761448009843,-0.21700301053249804,0.38337681320600236,0.35489639558201264
1774368233.305506,base,305323717,1774368233,-0.012274397377217233,0.9379184244327868,0.3466112043525456,-0.004363633328179821,-0.2170008119141035,0.3833769491236818,0.3548955719926999
1774368233.3065362,base,306356025,1774368233,-0.01227398969976682,0.9379184860844668,0.346611047597836,-0.00436397994981909,-0.2170008142189961,0.38337676169452733,0.3548952932845716
1774368233.307574,base,307323888,1774368233,-0.012274332262033784,0.9379168050855986,0.3466156059451598,-0.004362249513053513,-0.2170026104773321,0.38337713482964464,0.35489531752737236
1774368233.3086221,base,308375475,1774368233,-0.012275650103042438,0.9379178263853453,0.34661280748618045,-0.004361312839606934,-0.21700185925718427,0.38337775673689717,0.35489628562823833
1774368233.30956,base,309323867,1774368233,-0.012277272660642654,0.9379172163047003,0.3466143760168269,-0.004363287032055236,-0.21700204811787088,0.38337766057797684,0.354897462332158
1774368233.3106272,base,310385224,1774368233,-0.012274995086358287,0.9379168349786412,0.3466155094798271,-0.004361622097130823,-0.217001673846539,0.3833771684291421,0.3548951859782502
1774368233.3114755,base,311326022,1774368233,-0.012274823723555647,0.9379168328624364,0.34661552218604624,-0.004361549672613208,-0.21700166966637832,0.3833771600607917,0.35489502574989984
1774368233.312617,base,312390922,1774368233,-0.01227676399478488,0.9379155761488446,0.3466188457780523,-0.004362205255152903,-0.2170051452918742,0.3833766148763955,0.354895441022143
1774368233.3135421,base,313308160,1774368233,-0.01227709044978205,0.9379180793658229,0.346612058628794,-0.004362368843100877,-0.21700146178597618,0.38337864172114916,0.354897073683617
1774368233.3145823,base,314368034,1774368233,-0.012273099739725568,0.9379190042816318,0.3466096966319019,-0.004362411130570178,-0.21699975867328974,0.3833783700493069,0.35489355914654824
1774368233.3154676,base,315301763,1774368233,-0.012276480191553972,0.937917482812197,0.34661369601802783,-0.004362247363534732,-0.2170027736876557,0.38337774280206743,0.3548968863155198
1774368233.3165884,base,316364753,1774368233,-0.012276429894277768,0.9379174895605272,0.34661367981898084,-0.004362225105854104,-0.21700248356446408,0.3833778944153304,0.3548968666446637
1774368233.3174849,base,317297289,1774368233,-0.012272660470451268,0.9379194662079057,0.3466084685412515,-0.004361908841609914,-0.2169981440549884,0.3833784167014883,0.3548935022691797
1774368233.3185544,base,318360251,1774368233,-0.012276184055578922,0.9379184141929581,0.34661119128545936,-0.004361845764697819,-0.21699981444610758,0.38337858971420546,0.35489538597371256
1774368233.3194213,base,319283803,1774368233,-0.012275034204087997,0.9379181905824004,0.34661183804361084,-0.0043617700482801985,-0.21700075240610991,0.38337848034661814,0.3548951842869945
1774368233.3205273,base,320369901,1774368233,-0.012276463941656626,0.9379182822392748,0.346611527811304,-0.0043626898504265325,-0.21700032464360822,0.3833794366666637,0.3548965520321904
1774368233.3214402,base,321300349,1774368233,-0.012276569793919632,0.9379182869571671,0.3466115113988469,-0.0043626816564127195,-0.21700039981733696,0.3833796015542393,0.354896734477471
1774368233.3225286,base,322367810,1774368233,-0.012271177705131331,0.937918003067142,0.3466124955429605,-0.00436069418269314,-0.2169994954969292,0.3833777849353614,0.35489227091736647
1774368233.323407,base,323303708,1774368233,-0.012275399856290801,0.9379180451538575,0.34661222074840575,-0.004361600737490762,-0.21700078180642082,0.3833786079949534,0.35489613513135615
1774368233.3245313,base,324364280,1774368233,-0.0122758314779921,0.9379173781073508,0.3466140085839962,-0.0043617495446490245,-0.21700155414586497,0.38337835898692674,0.35489655116668883
1774368233.3255107,base,325308671,1774368233,-0.012278132112839214,0.9379168217463443,0.34661544076475964,-0.004361098543644614,-0.2170018481037552,0.38337943512721323,0.35489751154177296
1774368233.3265436,base,326319388,1774368233,-0.012278477868973138,0.9379167450882446,0.3466156404772022,-0.00436073856963107,-0.2170018250901994,0.38337948407748523,0.35489735291844055
1774368233.3274581,base,327302202,1774368233,-0.012275182935379696,0.9379171729596343,0.34661458798566663,-0.004361644969182302,-0.21700155347682817,0.38337652791855314,0.3548953930052502
1774368233.3284643,base,328246017,1774368233,-0.012272353215221406,0.9379179537068878,0.3466125794372929,-0.004361334276514223,-0.21700040032529191,0.38337620042435455,0.35489348379207736
1774368233.3294942,base,329299902,1774368233,-0.012272046969877161,0.9379163568223128,0.34661691519928384,-0.004361028096881994,-0.21700216579207945,0.38337431503222064,0.35489327880755656
1774368233.3305948,base,330363648,1774368233,-0.012271980889505433,0.9379178765657459,0.3466128104536219,-0.004360611527249351,-0.21700066806939797,0.3833764877944852,0.35489321381257655
1774368233.3314655,base,331276292,1774368233,-0.012272202233706803,0.9379178819379155,0.34661278743176405,-0.004360663047310167,-0.21700073237708717,0.383376618017056,0.35489343074477575
1774368233.3325741,base,332355385,1774368233,-0.012272100021555559,0.9379165464852773,0.34661642023745165,-0.004359427940212684,-0.21700064388785548,0.3833751650720516,0.3548933506524226
1774368233.333477,base,333263808,1774368233,-0.01227824063879139,0.9379163887210562,0.3466165977625297,-0.004361964098568553,-0.2170033513628365,0.3833768334241585,0.35489800333249244
1774368233.3345063,base,334278616,1774368233,-0.012276120182087577,0.9379165427934274,0.3466162445141505,-0.004362873663798189,-0.2170020404310447,0.3833757860844625,0.354896788146834
1774368233.3354716,base,335246230,1774368233,-0.012276493803135778,0.937915289600226,0.3466196370930111,-0.004361698698350959,-0.21700306304202788,0.3833757659040731,0.3548969274159576
1774368233.3364794,base,336295850,1774368233,-0.01227638595082843,0.9379151122457254,0.3466201212241224,-0.004361666155165549,-0.21700340545816763,0.3833757178667287,0.35489692075861096
1774368233.3374195,base,337231578,1774368233,-0.01227825224849438,0.937916314161193,0.34661680400426936,-0.0043615747007698285,-0.21700396230868113,0.38337714802774925,0.35489795013213893
1774368233.3384838,base,338302637,1774368233,-0.012278352281900861,0.9379159389557777,0.3466178082189732,-0.004362171869413358,-0.2170050717866434,0.3833758587105528,0.3548981328162816
1774368233.3395615,base,339246443,1774368233,-0.012276579484020196,0.937915965203142,0.3466178088825086,-0.004361465203315315,-0.21700295321860805,0.3833755737615205,0.35489637170966026
1774368233.3405263,base,340333359,1774368233,-0.01227958713099004,0.9379157564739141,0.34661825996972223,-0.0043620354674951895,-0.2170058884154018,0.38337522255258666,0.35489888563712574
1774368233.3416116,base,341313270,1774368233,-0.012280594521160048,0.937915716610838,0.3466183290545167,-0.004362281059263627,-0.21700610815955354,0.38337542341004033,0.3548994420119956
1774368233.342589,base,342358796,1774368233,-0.012279304986201953,0.9379164351078593,0.34661642119422853,-0.004363024424171876,-0.21700412023813123,0.38337652330216826,0.3548983930998135
1774368233.3434653,base,343309785,1774368233,-0.012277750846219765,0.9379152010413601,0.3466198371041267,-0.004361308933341133,-0.21700635488309655,0.3833742978714235,0.3548971101015315
1774368233.3445237,base,344389875,1774368233,-0.012279915189186797,0.9379148005748742,0.34662085411953986,-0.004360508569075345,-0.21700743777875806,0.3833751782341679,0.35489897358856964
1774368233.3454878,base,345301918,1774368233,-0.012279002318270506,0.9379157881845533,0.34661819783213355,-0.00436180098352543,-0.21700730576080726,0.3833756319236647,0.3548978794162388
1774368233.3465624,base,346384404,1774368233,-0.012279558666784448,0.9379160591023585,0.3466174378062618,-0.004362376126893786,-0.21700703859576145,0.3833759680227107,0.3548980853175539
1774368233.3474777,base,347303695,1774368233,-0.012279990503279662,0.9379159377459992,0.34661776257405397,-0.00436144740181953,-0.2170072531747208,0.3833770462766553,0.35489879715475253
1774368233.3485062,base,348343573,1774368233,-0.012278201506969785,0.9379144120815411,0.34662196670176026,-0.004360456087958732,-0.21700737537343692,0.3833752866564363,0.3548973676678694
1774368233.3494372,base,349277091,1774368233,-0.012283332142815847,0.9379142623659984,0.3466221812332849,-0.004361155694785302,-0.21700918157245425,0.38337684813292716,0.35490040464285894
1774368233.3504863,base,350343466,1774368233,-0.012283380416500476,0.9379151120361178,0.3466198692326374,-0.004362044585917339,-0.2170077133048021,0.38337758027611474,0.35490109712722784
1774368233.351448,base,351302678,1774368233,-0.012283243837757033,0.9379151226750542,0.3466198399053035,-0.004362472037971419,-0.21700793887008463,0.3833773693156525,0.35490132939551106
1774368233.3525167,base,352346290,1774368233,-0.012281596752090968,0.9379147699396975,0.3466208619424365,-0.004361740073164351,-0.21700907011623263,0.383377263882537,0.35490048797438095
1774368233.3534486,base,353294024,1774368233,-0.01228010755553667,0.9379136694488138,0.3466239040744134,-0.004360819154407619,-0.2170101984616557,0.3833753853970385,0.3548984840426571
1774368233.3545268,base,354366002,1774368233,-0.012279281393713409,0.937914802462366,0.34662084829956574,-0.004362349656358191,-0.2170111493455255,0.38337458286389664,0.35489836998490604
1774368233.3555248,base,355318242,1774368233,-0.012281939312744763,0.9379135788192786,0.34662407141316925,-0.004361851681231283,-0.21701171424913188,0.3833757774396545,0.3548991256529966
1774368233.3565304,base,356370437,1774368233,-0.012282389976005463,0.9379133085884637,0.3466247896856457,-0.0043616103104705765,-0.21701180235364104,0.3833759779408863,0.3548990851011361
1774368233.3574967,base,357287244,1774368233,-0.01228030622644609,0.9379147750433326,0.34662089657996925,-0.004361523644055599,-0.2170097009042354,0.38337591301998564,0.3548985795498441
1774368233.3584964,base,358352203,1774368233,-0.01227884524217874,0.9379139395218786,0.34662321781642824,-0.004360834857369007,-0.2170099528658836,0.3833751785605547,0.3548968865309628
1774368233.359456,base,359283964,1774368233,-0.012280403191934732,0.9379142452579665,0.34662233278931653,-0.0043610378712840205,-0.21701231372968532,0.38337460399400636,0.35489777127859523
1774368233.3605003,base,360353707,1774368233,-0.012275302981283008,0.9379140175049948,0.3466231466613841,-0.004359690690712007,-0.21701104034083565,0.3833735889732183,0.35489418301523895
1774368233.361475,base,361325619,1774368233,-0.012274546973293663,0.9379138035990129,0.34662375522399586,-0.004359452884039905,-0.21701138587526247,0.38337302624040487,0.35489384612078967
1774368233.3625162,base,362375427,1774368233,-0.012279376994010155,0.9379137566188834,0.3466236940514901,-0.004360821916991968,-0.21701140865468269,0.38337509324032504,0.35489805324008183
1774368233.3633938,base,363314221,1774368233,-0.012279400982299583,0.9379140664735474,0.3466228606681089,-0.00436035375019427,-0.2170099902500665,0.3833751960679417,0.35489704019112067
1774368233.3643994,base,364350375,1774368233,-0.012276020197991117,0.9379142427201732,0.3466225076808258,-0.0043600229126089605,-0.2170088834484588,0.383374626894249,0.35489393979296147
1774368233.3654256,base,365292288,1774368233,-0.012277121124166387,0.9379143388131287,0.34662221090818246,-0.0043598452676209135,-0.21701003020548323,0.38337506331013,0.3548965936334985
1774368233.3665016,base,366345869,1774368233,-0.012276733735001663,0.9379144586962841,0.3466218994934899,-0.004359904675694074,-0.2170098400918093,0.38337518430941275,0.35489664737362325
1774368233.3673823,base,367279611,1774368233,-0.012274426348004913,0.9379151601991056,0.3466200724996145,-0.0043607415511002605,-0.21700873169171564,0.3833744583504359,0.3548948962880421
1774368233.36844,base,368279787,1774368233,-0.012272698784179739,0.9379148049666186,0.34662110969656995,-0.004359564393496689,-0.21700745621011083,0.38337528503846224,0.354893222121567
1774368233.3694265,base,369264668,1774368233,-0.01226927864142605,0.9379143538763799,0.34662245327184843,-0.004359413042734413,-0.21700911581954127,0.3833714113907725,0.3548904947054405
1774368233.370417,base,370302042,1774368233,-0.012270723331391875,0.9379136754033357,0.34662424137880693,-0.004359143137978622,-0.21700963674777587,0.38337146937747413,0.35489196679301266
1774368233.3714707,base,371288698,1774368233,-0.012270972873518011,0.9379138454655686,0.34662377211690726,-0.0043591641599508395,-0.21700960751695716,0.383371658939818,0.35489219265407224
1774368233.3725147,base,372369515,1774368233,-0.012273379749383924,0.9379146179806181,0.3466215967263951,-0.004359152514273358,-0.21700968237227936,0.3833734874195308,0.3548934176209997
1774368233.3734744,base,373311623,1774368233,-0.012273293417838825,0.9379146651459966,0.3466214548540195,-0.004360528366554834,-0.2170078245356715,0.3833734973223883,0.3548940381040249
1774368233.3747382,base,374391318,1774368233,-0.012275431384015857,0.9379143409288516,0.3466222591772876,-0.0043603104439257825,-0.2170082118723197,0.3833745864378279,0.3548946994100244
1774368233.3754873,base,375312928,1774368233,-0.012272634934700821,0.9379155421962928,0.3466191027007524,-0.004360708809221901,-0.21700616495977343,0.3833746988563777,0.3548945535069114
1774368233.3765023,base,376352179,1774368233,-0.012272145729561704,0.9379157135519561,0.34661865733554775,-0.00436063050710692,-0.2170060179240265,0.3833746548871229,0.35489440464706734
1774368233.3774214,base,377282538,1774368233,-0.012270198562978476,0.9379145036206112,0.346622020522825,-0.004359015255995808,-0.21700742336492984,0.3833737228319922,0.35489145696915486
1774368233.3784428,base,378279861,1774368233,-0.012266543033402178,0.9379154516646082,0.3466195913326219,-0.004358480835097041,-0.21700538295983846,0.3833726210275939,0.3548884507000025
1774368233.3794668,base,379297860,1774368233,-0.01226478435952265,0.9379152682533628,0.3466201440640435,-0.004358941483738726,-0.21700554590176097,0.3833708722167524,0.3548869893629469
1774368233.3804607,base,380323275,1774368233,-0.012269340706075141,0.9379148244318051,0.34662118543604636,-0.004358806786781246,-0.21700812615153328,0.3833729732751708,0.3548907262710429
1774368233.3814535,base,381308205,1774368233,-0.012269428431757686,0.9379146367151147,0.3466216914887249,-0.004358709787031814,-0.21700865032919678,0.3833729198041378,0.3548907962467814
1774368233.3825521,base,382394679,1774368233,-0.012271374525334422,0.9379153227125637,0.34661976963867436,-0.004358449710457681,-0.21700660767315091,0.38337441495770036,0.35489176006361894
1774368233.383425,base,383327604,1774368233,-0.012267812798950688,0.937915580563285,0.3466192178885554,-0.004356867692752279,-0.21700319616459587,0.383373966912161,0.35488767210159133
1774368233.384533,base,384414884,1774368233,-0.012271743126176118,0.9379159170410458,0.34661812767426803,-0.00436009739385657,-0.21700550951524014,0.3833731644057522,0.35489099590429624
1774368233.3853846,base,385308468,1774368233,-0.012269319991186122,0.9379162363612468,0.34661735752239636,-0.0043594519264461675,-0.21700423503201383,0.3833744984307858,0.35488929389818824
1774368233.38646,base,386351508,1774368233,-0.012269377518751762,0.9379159846860712,0.34661803663733953,-0.0043594407136506325,-0.21700457742462073,0.38337455677973664,0.35488933793463656
1774368233.3873956,base,387327469,1774368233,-0.01226934710010036,0.9379156244185036,0.3466190116544675,-0.004359512939043383,-0.21700367731465475,0.3833747630961768,0.3548899349342191
1774368233.3885126,base,388401115,1774368233,-0.01226717510264633,0.9379153806895372,0.3466197538325273,-0.0043590519702896855,-0.2170026132087734,0.3833752194436031,0.3548879800966978
1774368233.38938,base,389304530,1774368233,-0.012272559554685139,0.9379159959508715,0.3466178758498874,-0.00436084427302457,-0.21700487185720468,0.38337562982426854,0.3548919430711337
1774368233.3904722,base,390367673,1774368233,-0.012269797812569646,0.937916630361314,0.34661625450109773,-0.004361039892886249,-0.21700340552536151,0.3833760734952561,0.3548909279965631
1774368233.391416,base,391330641,1774368233,-0.012268712514949267,0.9379169174911773,0.3466155179583978,-0.004360881505496167,-0.21700308809134672,0.3833759220301754,0.35489031857977354
1774368233.392511,base,392402371,1774368233,-0.012271043063220447,0.9379170392253502,0.3466151231863116,-0.00435951963313266,-0.21700293933830034,0.38337598376171567,0.3548919443238604
1774368233.393399,base,393326779,1774368233,-0.012269348620088081,0.9379168691089116,0.34661563853729416,-0.004359913618331856,-0.21700220754720242,0.38337601345316386,0.3548903125147245
1774368233.394505,base,394411224,1774368233,-0.01226996436944068,0.9379170374438431,0.3466151748683486,-0.0043588298798321705,-0.21700179631181232,0.38337604063148406,0.35489063805017057
1774368233.3954117,base,395327067,1774368233,-0.012273446548005098,0.9379172820587451,0.34661436912303334,-0.004360463600473314,-0.21700222194928298,0.3833782767180886,0.3548928138306191
1774368233.3965318,base,396413300,1774368233,-0.012273977860458463,0.9379171621165432,0.3466146697670486,-0.004360868836706629,-0.21700232770983924,0.3833783685490082,0.3548929575782076
1774368233.3974319,base,397323730,1774368233,-0.012270879972624245,0.9379173184722319,0.34661435401286145,-0.004361055698109784,-0.21700097971876162,0.3833770784093797,0.3548904094812602
1774368233.3984854,base,398376741,1774368233,-0.012271525756087838,0.9379175093306601,0.34661381916239076,-0.004360700889801219,-0.21700028254743361,0.3833778239186966,0.3548917798974908
1774368233.3993897,base,399307120,1774368233,-0.012271635809633507,0.9379167487671186,0.3466158724890044,-0.00436076545570288,-0.21700310606404735,0.3833764585537368,0.3548919726607327
1774368233.4004116,base,400322063,1774368233,-0.012270812781441523,0.9379183984503697,0.3466114432667299,-0.00436032092062745,-0.21700049141855127,0.3833782698859605,0.35489072909497393
1774368233.4013278,base,401229924,1774368233,-0.012270714736484115,0.9379185294324424,0.3466110929620882,-0.004360268657688343,-0.2170002013143418,0.38337837609698183,0.35489028453608723
1774368233.402488,base,402370384,1774368233,-0.01227621810659842,0.9379176913047045,0.34661314720799646,-0.004361764461772829,-0.2170026163197906,0.38337789178379206,0.3548957878825384
1774368233.4033751,base,403301359,1774368233,-0.012273528498856056,0.9379185423339085,0.3466109528836708,-0.004360709288398783,-0.21699964657193752,0.3833792695870137,0.35489300274781593
1774368233.4044707,base,404358126,1774368233,-0.01227304087092599,0.9379185879770373,0.3466108461829847,-0.004360745722521686,-0.21700093869442524,0.38337855497714685,0.35489351858611423
1774368233.405407,base,405323536,1774368233,-0.012273933870722334,0.9379177203622824,0.3466131506344026,-0.004361672276732878,-0.2170024197513682,0.38337773960410987,0.354894171587825
1774368233.4064703,base,406354090,1774368233,-0.012273440532102496,0.9379176075805946,0.3466134751603266,-0.004361523252293166,-0.21700266296025605,0.38337755321975653,0.3548938207941845
1774368233.407368,base,407292643,1774368233,-0.01227179738825739,0.9379178604601166,0.34661286514195777,-0.004360245046085953,-0.21700064521990975,0.38337743393183893,0.35489217140791895
1774368233.4084733,base,408356157,1774368233,-0.012274124908753885,0.9379173172719341,0.3466142359083428,-0.004361569077535358,-0.21700222951555503,0.3833772056425047,0.3548941737696291
1774368233.4094236,base,409292508,1774368233,-0.012275619187827552,0.9379175975320128,0.3466134244387416,-0.004361583678151748,-0.21700026339157882,0.3833787740766232,0.35489573305480093
1774368233.4104931,base,410353911,1774368233,-0.012278642216239357,0.9379176903876166,0.34661305932340203,-0.0043621221620094765,-0.21700020085761576,0.38337911879503733,0.35489755271712686
1774368233.4113965,base,411269628,1774368233,-0.012279283375555882,0.9379177302372727,0.3466129324328808,-0.004361831796925904,-0.21700015915460683,0.38337932320693985,0.3548976644812622
1774368233.412482,base,412331434,1774368233,-0.01227641184789237,0.9379178204112508,0.3466127929820358,-0.004361606165387006,-0.21700210909248593,0.38337796522647133,0.35489591228908024
1774368233.4133556,base,413229250,1774368233,-0.01227491274583979,0.9379169789049909,0.3466151418081028,-0.004360122494336664,-0.21700239428319357,0.3833768860192743,0.35489499354651854
1774368233.4144163,base,414288221,1774368233,-0.012276215891195166,0.9379167662334164,0.3466156648360862,-0.0043606228777220745,-0.21700456114190714,0.3833771333857538,0.3548960731384126
1774368233.4153829,base,415245129,1774368233,-0.012276464805474464,0.9379167143592321,0.34661578073495536,-0.00436186691223756,-0.21700326222349972,0.38337704427949915,0.35489681472556694
1774368233.4164093,base,416285866,1774368233,-0.012276789011848787,0.9379167028863711,0.34661579820808874,-0.004362032884651579,-0.2170034653872397,0.38337718237526114,0.3548971434955476
1774368233.4173558,base,417230097,1774368233,-0.01227726227055583,0.9379162658189993,0.3466169666744587,-0.004361829510807035,-0.21700323520260187,0.3833771570915224,0.35489667313463485
1774368233.4184794,base,418314507,1774368233,-0.01227688537586234,0.9379170803051253,0.3466147770428001,-0.004361753425738179,-0.21700295610911943,0.3833772269708296,0.35489659154547337
1774368233.4194329,base,419296959,1774368233,-0.012274374792963973,0.9379165337780906,0.3466163570318727,-0.0043607828525632645,-0.2170040025899832,0.38337713975215393,0.35489487410197285
1774368233.4205227,base,420359719,1774368233,-0.012280156149716621,0.9379169082933181,0.34661512577476006,-0.004361821476109752,-0.2170038547348011,0.3833791645705105,0.35489859714898175
1774368233.4214234,base,421298871,1774368233,-0.012280685065510317,0.9379167718082451,0.3466154738456195,-0.004362020850343665,-0.217003875730604,0.383379331403952,0.35489870050682043
1774368233.422527,base,422345544,1774368233,-0.01227616886660855,0.9379160849160932,0.3466175041899576,-0.004361091921868064,-0.21700381781035236,0.38337704158556096,0.3548951021212414
1774368233.4234138,base,423276580,1774368233,-0.01227675752364752,0.9379155116330071,0.34661906258354336,-0.00435886643585767,-0.21700592883413838,0.3833757298485991,0.35489493584193
1774368233.4244914,base,424366134,1774368233,-0.012273766711242827,0.9379149279153701,0.34662072785938575,-0.004360465852811585,-0.2170059029037042,0.38337490752055603,0.35489297849823215
1774368233.4253972,base,425284234,1774368233,-0.012276497295295334,0.9379162678374228,0.3466169857055114,-0.004362036279513815,-0.21700588398246945,0.38337625386194923,0.3548956099911571
1774368233.426476,base,426354239,1774368233,-0.012277234479853797,0.9379162915003572,0.3466168925619822,-0.0043622749132757755,-0.21700606179864912,0.3833765355530696,0.3548960057210987
1774368233.4273605,base,427282762,1774368233,-0.012273612573932153,0.937915710476997,0.3466186090868929,-0.004360998679513226,-0.21700507857973803,0.3833748226366583,0.3548931164573532
1774368233.428467,base,428366091,1774368233,-0.012274480405836428,0.937915423673107,0.3466193648539293,-0.004360169162038971,-0.2170060271852836,0.3833737703573311,0.35489289425682075
1774368233.4293613,base,429281515,1774368233,-0.012278924513538668,0.9379152443106193,0.3466196796182561,-0.0043612158716846774,-0.2170066127856098,0.38337619925738026,0.35489642518218717
1774368233.4304965,base,430359608,1774368233,-0.012278628285409604,0.9379146916076592,0.34662118360544925,-0.004361379357020001,-0.21700987185100026,0.3833749330757894,0.35489669268507784
1774368233.4313776,base,431306157,1774368233,-0.012279022073528956,0.9379146395261414,0.3466213072390836,-0.004361645026219242,-0.21701029192489565,0.3833749558346917,0.3548970611943574
1774368233.4324477,base,432309487,1774368233,-0.01227880412087535,0.9379149455231471,0.34662047974777743,-0.004362218826906795,-0.21700656229371726,0.38337677861232383,0.3548975527710452
1774368233.433414,base,433305133,1774368233,-0.012274406791372464,0.9379139413525994,0.34662338341106985,-0.004359773734391039,-0.21701023714133924,0.38337356107058146,0.3548940268851294
1774368233.434388,base,434265267,1774368233,-0.012271893321540307,0.9379148090578305,0.34662112236654874,-0.004359944228074108,-0.21700744007911252,0.3833751428495614,0.3548922492576809
1774368233.4354017,base,435304569,1774368233,-0.012276164776657234,0.9379135762270921,0.34662432294178525,-0.0043586755364208,-0.21701027390585884,0.3833748686108071,0.3548946248539972
1774368233.4364567,base,436320047,1774368233,-0.012276909235194122,0.9379132990435971,0.34662505092159496,-0.004358331147184665,-0.21701071834899677,0.3833748694426382,0.3548948349703883
1774368233.4374242,base,437303218,1774368233,-0.01227563167512511,0.9379132120957815,0.3466253139636189,-0.0043597204925144425,-0.21700926799897063,0.3833749905569045,0.3548938183398391
1774368233.4384937,base,438341281,1774368233,-0.012270638567843073,0.9379145925122602,0.34662178236143065,-0.004357588126843099,-0.21700939064691524,0.3833741873164519,0.3548908584605893
1774368233.4393928,base,439297448,1774368233,-0.012270676461324292,0.9379131513036771,0.3466256675296626,-0.004358637447968816,-0.21700812195000674,0.38337290029584903,0.35489079849531097
1774368233.4404488,base,440311715,1774368233,-0.012269640956668075,0.9379143983271041,0.3466223361249644,-0.004358144189076903,-0.21700816764958902,0.3833735694425069,0.35488970394683406
1774368233.4413998,base,441320601,1774368233,-0.012269081486448601,0.9379144149576221,0.3466223088659089,-0.004358308232196862,-0.21700835620475437,0.3833733921838517,0.354889293866777
1774368233.4424455,base,442307620,1774368233,-0.0122706703761036,0.9379137296960808,0.3466240950963972,-0.004359242447024932,-0.21700932328939196,0.38337304050309867,0.3548902426275677
1774368233.4433892,base,443305973,1774368233,-0.012271219812066577,0.9379128639211257,0.346626419926755,-0.004359112794683128,-0.21701163765984557,0.38337205700813026,0.35489003726199975
1774368233.4444308,base,444312832,1774368233,-0.012271764224671595,0.9379131467559054,0.3466256406321367,-0.004358692649213192,-0.2170098338438073,0.3833743801860577,0.354892060318365
1774368233.4454293,base,445308584,1774368233,-0.012269031694623251,0.9379136534233927,0.3466243680408089,-0.0043585620989086415,-0.21700901307006543,0.3833730355865475,0.35488973638080545
1774368233.4464982,base,446349404,1774368233,-0.012268892591400687,0.9379136948745832,0.3466242617398754,-0.004358487647596713,-0.21700909955529532,0.3833727468977935,0.3548897173898314
1774368233.4474175,base,447331850,1774368233,-0.012263916203992602,0.9379132500663921,0.3466256628492599,-0.004356783624420917,-0.21701027803641001,0.3833696120503914,0.35488591440193845
1774368233.448471,base,448376844,1774368233,-0.012269480857895598,0.937914204375789,0.346622871023642,-0.004357792208915455,-0.21700885843815929,0.3833735949277992,0.3548901581378487
1774368233.449387,base,449303817,1774368233,-0.012269372508023898,0.9379139860557474,0.3466234566151668,-0.0043585070187034895,-0.21700893927503953,0.3833739846299113,0.3548895565987972
1774368233.4505568,base,450401876,1774368233,-0.012268752234409815,0.9379135655736646,0.34662462590595744,-0.0043577456397763436,-0.2170095132616387,0.3833734054986826,0.3548894081810965
1774368233.451422,base,451337518,1774368233,-0.012268669230316772,0.9379135291041032,0.34662472775394404,-0.004357727424677266,-0.2170097906386067,0.38337332973020616,0.3548896016625609
1774368233.452456,base,452306216,1774368233,-0.012267284126643675,0.9379128142976829,0.3466267162871357,-0.00435730104007479,-0.2170110477405674,0.38337173650576617,0.35488869094149156
1774368233.453363,base,453290027,1774368233,-0.01226682334067506,0.9379140440547359,0.34662339820773186,-0.004357846365318655,-0.21700819460226903,0.38337241016814266,0.3548869286404731
1774368233.4545636,base,454349360,1774368233,-0.012269109113827706,0.9379130614849784,0.3466259664718018,-0.004358603551284346,-0.21700883973415405,0.3833724300976742,0.35488918267210073
1774368233.455415,base,455315763,1774368233,-0.012265608297045297,0.9379137895755069,0.34662412615504035,-0.004358135435006824,-0.21700830552321673,0.3833719384885219,0.3548865817553667
1774368233.4564707,base,456352976,1774368233,-0.012265115383963163,0.9379139034111349,0.3466238370479399,-0.004358018227326859,-0.217008360577086,0.38337173924365303,0.35488648330336586
1774368233.4574177,base,457318328,1774368233,-0.012265153547145708,0.9379149189580717,0.3466210874336673,-0.004358044359674144,-0.21700673456620226,0.3833722940273854,0.35488570621173005
1774368233.4584417,base,458347490,1774368233,-0.012264978156504692,0.9379153719694703,0.3466198639007087,-0.004358357906917637,-0.21700671756719167,0.38337346752707774,0.3548850139985794
1774368233.4593778,base,459284210,1774368233,-0.01226734483714855,0.9379151581236091,0.3466203671187177,-0.004357695617777443,-0.21700849809419606,0.3833733258972785,0.35488831783196134
1774368233.4604928,base,460368595,1774368233,-0.01226891508023829,0.937915996128699,0.34661803143347647,-0.004358694052767902,-0.21700704538561758,0.3833749792411484,0.3548890158994694
1774368233.4613614,base,461286598,1774368233,-0.012268934373851246,0.9379161942744065,0.3466174941974748,-0.0043587249749614185,-0.2170066780992206,0.3833752685345368,0.3548887634073685
1774368233.4625099,base,462367558,1774368233,-0.01226543248103312,0.9379148648351623,0.34662124332503375,-0.004356508131527752,-0.217006313612657,0.3833734946576736,0.354886665755134
1774368233.4634047,base,463316496,1774368233,-0.012264986438565722,0.9379166547493485,0.3466163854164802,-0.004358923292200866,-0.21700458181913404,0.38337454643688185,0.3548865105392176
1774368233.4644754,base,464361459,1774368233,-0.012269474353053316,0.9379153563412781,0.34661973070559965,-0.004359658689707446,-0.21700626392998923,0.3833743882427179,0.35489006015885194
1774368233.465336,base,465261104,1774368233,-0.012265288162103677,0.9379150018907751,0.3466208504374297,-0.004358666832973016,-0.21700539796734097,0.38337253982957276,0.3548868407944904
1774368233.4664555,base,466350906,1774368233,-0.01226536971638271,0.9379150202668362,0.3466207968900474,-0.004358741434090887,-0.2170054013517965,0.38337252563620755,0.3548869369462302
1774368233.4673593,base,467278412,1774368233,-0.012268912886755644,0.9379160033845017,0.34661801600769476,-0.004358365600774219,-0.2170045843113453,0.3833748944854875,0.3548887827367939
1774368233.4685102,base,468373977,1774368233,-0.012270572440445708,0.9379166685917922,0.34661615455104805,-0.004358581638777477,-0.21700431019675057,0.38337609021148256,0.3548896309286854
1774368233.4693983,base,469321536,1774368233,-0.01227053680673705,0.9379168952713822,0.34661552929713324,-0.004359626249305651,-0.21700528919851653,0.38337625451777974,0.3548896874770528
1774368233.4704487,base,470351103,1774368233,-0.012271984250064729,0.9379162347970913,0.3466172670601427,-0.004359481892530776,-0.21700607995277754,0.3833759306842573,0.3548908642421869
1774368233.4713848,base,471304245,1774368233,-0.012272107559687072,0.9379163390726848,0.34661697963966986,-0.004359552959724231,-0.21700598907408142,0.3833762611949692,0.35489097372788825
1774368233.4725432,base,472416037,1774368233,-0.012274256578821164,0.937917809305036,0.34661291768775054,-0.0043601497524747524,-0.21700535621939743,0.38337871315245703,0.35489267775535477
1774368233.473314,base,473240870,1774368233,-0.012268821579390141,0.9379162891096229,0.34661723626611557,-0.004359147064187619,-0.21700399761656441,0.3833757844030819,0.35488802271322223
1774368233.4744627,base,474346618,1774368233,-0.012271377944365948,0.9379157601264018,0.34661856820763864,-0.004359858202644266,-0.21700454156984172,0.38337639362273357,0.35489096945957893
1774368233.4753923,base,475314845,1774368233,-0.01226980859112905,0.9379160083784633,0.34661796652432914,-0.004358704748719123,-0.21700262030023212,0.38337651686868657,0.3548885773744937
1774368233.4764981,base,476376878,1774368233,-0.012270246948199469,0.9379160186987382,0.3466179273611166,-0.004358364374635095,-0.21700240351415387,0.38337675329921767,0.3548886332886163
1774368233.4774008,base,477331051,1774368233,-0.012270106305436457,0.9379182192562016,0.3466119481796332,-0.004360717561165529,-0.21700021789953688,0.3833773812324821,0.3548900075122971
1774368233.47848,base,478375758,1774368233,-0.012271131807132811,0.9379168468339087,0.3466156463004521,-0.004359069743672272,-0.21700434393257695,0.3833773436959447,0.3548918620026281
1774368233.4793377,base,479271973,1774368233,-0.012273734059839432,0.937916223152741,0.3466172241917645,-0.00436046932360635,-0.21700428763427487,0.3833788142985408,0.3548930663925348
1774368233.48046,base,480356900,1774368233,-0.012271108928396635,0.9379174404408749,0.3466140236202075,-0.004360439463590881,-0.21700223767130994,0.3833780324078648,0.35489157436657603
1774368233.4813983,base,481329148,1774368233,-0.012270599257421718,0.9379174738928745,0.34661395112356275,-0.00436044112280281,-0.21700217085082926,0.38337788787147004,0.3548914064143275
1774368233.4824865,base,482381581,1774368233,-0.012271054138092301,0.9379168170440879,0.3466157230660903,-0.004359593971719068,-0.2170020984509595,0.38337801419484696,0.3548914293046366
1774368233.4834075,base,483312238,1774368233,-0.01227178200046111,0.9379174731206756,0.3466139111460281,-0.004360456571662479,-0.21700339148013265,0.3833764866678193,0.35489107539662185
1774368233.4845293,base,484382217,1774368233,-0.01227082438536517,0.9379168236718814,0.3466157146655875,-0.0043594826546766415,-0.2170022856735274,0.38337676079743066,0.3548908298700151
1774368233.4853215,base,485234586,1774368233,-0.01227436440144518,0.9379165817901824,0.34661623522345075,-0.004360167552051055,-0.21700333769814564,0.3833782354964556,0.35489381690892907
1774368233.486511,base,486380626,1774368233,-0.012273993829502058,0.9379165424848054,0.3466163537065993,-0.0043602467777828,-0.21700362400221299,0.38337804159584377,0.35489360588167684
1774368233.4873903,base,487310384,1774368233,-0.012272345459862848,0.9379177285314199,0.34661319708446736,-0.004360693781942215,-0.217002629440936,0.3833778383130795,0.354891066754712
1774368233.4884334,base,488330801,1774368233,-0.012272529529864368,0.9379171638419022,0.3466147171424997,-0.004360808402816189,-0.21700319593918532,0.38337793606861986,0.3548917085046279
1774368233.4894025,base,489331437,1774368233,-0.01227204101922906,0.9379172197155607,0.3466145832277872,-0.0043608100259272115,-0.2170027723395885,0.3833769757201573,0.3548923206008158
1774368233.4904323,base,490330610,1774368233,-0.012271013851622941,0.9379176556208448,0.34661344994241583,-0.004360024399930614,-0.2170026046600392,0.383377060802428,0.35489015892375586
1774368233.4914823,base,491304740,1774368233,-0.012271394122162195,0.93791765533843,0.34661343618137963,-0.004360108863009152,-0.2170026541290471,0.3833771582483911,0.35489022918931945
1774368233.4924552,base,492335941,1774368233,-0.012273285948988345,0.9379169364273036,0.34661530962895515,-0.0043604983269471135,-0.21700372562127915,0.38337705819661994,0.35489334547304424
1774368233.4934144,base,493335177,1774368233,-0.012274680087011103,0.9379162728808202,0.3466170594377163,-0.004360206516083759,-0.21700408255604595,0.38337752609761944,0.3548931148599106
1774368233.494412,base,494260731,1774368233,-0.012272398472521625,0.937916988841549,0.34661519663847074,-0.004360703774350217,-0.21700267861568576,0.38337698273214754,0.35489149337322223
1774368233.4955907,base,495305435,1774368233,-0.01227242737705805,0.9379175818785792,0.34661358403290693,-0.004361249038585475,-0.21700290654328092,0.38337746453535293,0.3548921488175481
1774368233.496473,base,496311668,1774368233,-0.012271561213007565,0.9379176214204545,0.3466135087825827,-0.004361163126808836,-0.21700275954578746,0.38337721439612654,0.35489174134796597
1774368233.4973469,base,497236159,1774368233,-0.012270216034442089,0.9379169016957102,0.3466155111132255,-0.00436059258645773,-0.21700265258607765,0.3833767792568503,0.3548914358647463
1774368233.4984162,base,498311614,1774368233,-0.012274667631187402,0.9379151154995398,0.34662018393070193,-0.004360819174796768,-0.21700527019949373,0.3833766251427179,0.35489365276925033
1774368233.4993277,base,499250961,1774368233,-0.012272079433543966,0.9379173521806103,0.3466142261279184,-0.0043605952155628715,-0.2170036097267213,0.3833774119551252,0.35489188708836256
1774368233.5005152,base,500400040,1774368233,-0.012270960032109111,0.9379157633178083,0.34661857088492015,-0.004360135039063878,-0.2170045508203768,0.38337727323776655,0.3548916998429059
1774368233.5014508,base,501338912,1774368233,-0.012270763269280144,0.9379156333984797,0.346618930124944,-0.004360077356778313,-0.21700453411184126,0.3833772455680144,0.35489160739131337
1774368233.5025363,base,502413907,1774368233,-0.012269904285673223,0.9379160682330556,0.3466177964917503,-0.004359077226905234,-0.21700605977450077,0.3833749692469007,0.3548907199850892
1774368233.5033655,base,503302167,1774368233,-0.012271845498430434,0.9379161121286208,0.3466176022129408,-0.0043596162384537404,-0.21700423199128008,0.3833766815615438,0.3548910046235361
1774368233.5044136,base,504341337,1774368233,-0.01227368552649214,0.9379167723831234,0.34661572917692585,-0.004361308653255103,-0.21700496201374347,0.3833761973804747,0.3548928081025676
1774368233.505417,base,505329475,1774368233,-0.012271192463107436,0.9379157847983285,0.34661849756439883,-0.00436068892122836,-0.2170061281447861,0.38337497463123504,0.35489185259275907
1774368233.506525,base,506413984,1774368233,-0.012270486023743761,0.9379157997995787,0.34661848428931225,-0.004360505479572686,-0.2170060614257344,0.3833748653318464,0.35489155723175014
1774368233.5073946,base,507288326,1774368233,-0.012269855549270405,0.9379164070740273,0.346616870038871,-0.004359975986610012,-0.21700530900803625,0.38337504106444326,0.3548901934461842
1774368233.5085301,base,508398244,1774368233,-0.0122714235694524,0.9379149708213611,0.3466207116983747,-0.004359116247205373,-0.2170059468328433,0.38337513594079,0.35489199925643117
1774368233.5094695,base,509338209,1774368233,-0.01226896482672936,0.9379157245027196,0.34661876658720453,-0.0043585412908393305,-0.2170064201310676,0.383373805006275,0.3548894944531191
1774368233.5104992,base,510352593,1774368233,-0.012267903170158415,0.9379152914757107,0.3466199771329487,-0.004358442404609647,-0.21700523324765908,0.3833751243831409,0.3548885606072635
1774368233.5114534,base,511325585,1774368233,-0.012267775039120417,0.9379153162970364,0.3466199136506596,-0.004358510276344097,-0.21700522322321333,0.38337507228819273,0.354888462948389
1774368233.5125885,base,512408929,1774368233,-0.012271088333133983,0.9379160883443027,0.3466176850860488,-0.004360275407724797,-0.21700630442412153,0.38337529059931463,0.3548922236490659
1774368233.5134254,base,513279069,1774368233,-0.012272324535000014,0.9379162695410094,0.34661714509192426,-0.004360746393481197,-0.2170070574725315,0.38337571139352444,0.3548919708174191
1774368233.514501,base,514313576,1774368233,-0.01227232243409844,0.9379153737162674,0.3466195826804574,-0.004359673287492244,-0.21700790789010388,0.38337625511537426,0.3548916895382516
1774368233.5154529,base,515327825,1774368233,-0.012266450361105942,0.9379148902344963,0.34662110448675365,-0.004359219693284508,-0.2170079704513094,0.38337257012273473,0.3548872341643346
1774368233.5166054,base,516410840,1774368233,-0.012265658251438811,0.9379148928343772,0.34662112852051685,-0.004358978125757887,-0.217008023933249,0.3833721508099455,0.35488684795512887
1774368233.5173748,base,517269744,1774368233,-0.012270312154376527,0.9379152179029516,0.34662007624293295,-0.004359611340054842,-0.21700742380757426,0.38337471188013755,0.3548902231696029
1774368233.518484,base,518342173,1774368233,-0.012267371491313402,0.9379133743988611,0.3466251773017297,-0.004358919703368618,-0.21700943923340496,0.3833718055764798,0.35488838053554295
1774368233.5194056,base,519326853,1774368233,-0.012267439710426698,0.9379149838687423,0.34662084434282375,-0.004356974238610826,-0.21700895017123917,0.38337407930914535,0.35488840377763103
1774368233.520421,base,520314104,1774368233,-0.012270486623283935,0.9379141735602038,0.3466229082508039,-0.004358631512601834,-0.21700884539671736,0.38337386747054836,0.3548902192639018
1774368233.5213,base,521226268,1774368233,-0.012270926292768821,0.9379141017624554,0.34662308209470777,-0.004359018491516698,-0.21700867173261548,0.3833741273972374,0.3548903085424204
1774368233.522517,base,522411048,1774368233,-0.012267564761947663,0.937914069566719,0.3466233072909226,-0.004357500006882217,-0.21700935660780135,0.3833722218100493,0.35488792023612364
1774368233.5234072,base,523326012,1774368233,-0.012267068122097173,0.9379145279695746,0.3466220779724995,-0.004358018508952598,-0.21700893432349916,0.38337240955950785,0.3548879277897858
1774368233.5245085,base,524397288,1774368233,-0.012264631907264624,0.937913880063358,0.3466239205935468,-0.004357758716930176,-0.21700871187003504,0.3833711973307883,0.3548863915417292
1774368233.5254748,base,525326592,1774368233,-0.01226663119307878,0.9379135299650475,0.3466248056500626,-0.004357083397555643,-0.2170106117735971,0.383371855289761,0.3548875548666994
1774368233.5265589,base,526404681,1774368233,-0.012266772452416258,0.9379134545423254,0.3466250106546439,-0.004356612301985618,-0.21701078434334353,0.3833717885569645,0.3548876080284879
1774368233.5274713,base,527324553,1774368233,-0.012266079753562255,0.9379139516478158,0.3466236964725232,-0.004356103256586786,-0.21700754402119551,0.3833726146068221,0.3548874200223554
1774368233.5285046,base,528333821,1774368233,-0.012265237118603478,0.9379138279231157,0.3466240506768231,-0.004356930275295727,-0.2170088848616713,0.3833712493161012,0.3548865708987045
1774368233.52946,base,529322371,1774368233,-0.012265498821828428,0.9379159106024291,0.3466183865309817,-0.00435847405945439,-0.21700554170170103,0.38337362775485245,0.35488705011650806
1774368233.5305698,base,530409779,1774368233,-0.012267137144766963,0.9379136795386815,0.3466243914884372,-0.004356409732063262,-0.21700936343148294,0.38337188761927393,0.35488756916299435
1774368233.5314004,base,531302178,1774368233,-0.012267313180808629,0.9379135379449316,0.34662477361942645,-0.004355993598091768,-0.21700943382735688,0.38337190378081515,0.3548876487329061
1774368233.5325487,base,532399633,1774368233,-0.012268767440551238,0.9379140046149446,0.34662342929326045,-0.004358389338668618,-0.21701085918057345,0.3833721019174279,0.3548887644084531
1774368233.533501,base,533357824,1774368233,-0.012267770179283358,0.9379130416815518,0.3466260832914387,-0.00435734328745372,-0.21700972473427538,0.3833730712737522,0.3548885028185658
1774368233.5345526,base,534363638,1774368233,-0.012262476571748358,0.9379136439661314,0.3466246571111221,-0.004356054762876735,-0.21700858270542586,0.383370822220796,0.354884174613557
1774368233.5354838,base,535329363,1774368233,-0.012264318498827687,0.9379140779772818,0.34662340042238815,-0.004357419351574845,-0.21700679636755735,0.38337170475455234,0.3548855316058579
1774368233.53653,base,536376575,1774368233,-0.012264186707065295,0.9379138887358882,0.3466239181517045,-0.0043573393141564,-0.21700686585594847,0.38337157126742444,0.3548854326422013
1774368233.5374298,base,537292516,1774368233,-0.012268647217327957,0.9379148659083233,0.3466210991167295,-0.004358698284939749,-0.21700735720468536,0.3833745877310594,0.3548895999854462
1774368233.5384977,base,538368322,1774368233,-0.012267593965325384,0.937914047939391,0.34662335722721,-0.004358100593780976,-0.21700727441992712,0.3833740824549674,0.354887664902774
1774368233.5394459,base,539311329,1774368233,-0.012270120744977672,0.93791494348329,0.34662084271681326,-0.004358247575227145,-0.2170062799780634,0.3833758376936148,0.3548900814386261
1774368233.5404754,base,540360716,1774368233,-0.012269528846873577,0.9379148341902441,0.34662116734471005,-0.004357615902423744,-0.2170081868634133,0.38337452254354837,0.35489004437773003
1774368233.5413604,base,541280440,1774368233,-0.01226935234600021,0.9379149849374504,0.34662076221608523,-0.004357892097342862,-0.2170081468268286,0.3833745121787225,0.35489002858523794
1774368233.5424635,base,542355494,1774368233,-0.012266638288738186,0.9379150989346664,0.3466205397797097,-0.0043586899741594135,-0.21700523679943198,0.38337401251509734,0.35488803619432213
1774368233.5433989,base,543317122,1774368233,-0.012269037348246921,0.9379149412493422,0.3466208747376115,-0.004359231574897777,-0.21700655598350732,0.3833751129009048,0.3548905336788196
1774368233.5444884,base,544363707,1774368233,-0.012271410626786886,0.9379145577139812,0.34662182964285565,-0.004359142628413858,-0.21700840539236996,0.38337516949149636,0.3548917803857613
1774368233.5454671,base,545275427,1774368233,-0.012270763197639789,0.9379155248738202,0.34661922941860657,-0.0043596293954077945,-0.21700588366669046,0.3833767626067959,0.3548910273934245
1774368233.5465188,base,546336769,1774368233,-0.01227074362311715,0.9379155437006504,0.3466191785117922,-0.004359681577754214,-0.21700551783859817,0.3833769701727774,0.35489101630471726
1774368233.5473835,base,547275418,1774368233,-0.012270446900507994,0.9379156442478905,0.346618917997628,-0.004359597926397355,-0.2170056002302531,0.38337544166804316,0.35488953219306685
1774368233.5485053,base,548375770,1774368233,-0.012271216818818478,0.9379147573776933,0.3466212912302957,-0.004359540889937144,-0.21700724615229525,0.38337509660910263,0.3548915645969511
1774368233.5495,base,549309276,1774368233,-0.012270233968997775,0.9379161728886444,0.34661749363245736,-0.00435971331832163,-0.2170037425510976,0.3833764849887507,0.3548906542186037
1774368233.550503,base,550381090,1774368233,-0.012270986604352984,0.9379146891597189,0.346621478310169,-0.004359990855096353,-0.21700658795775235,0.38337545434714904,0.3548914670718047
1774368233.5514026,base,551303559,1774368233,-0.012270940153587257,0.9379144490472622,0.34662212956682115,-0.004359998931149262,-0.21700671122300622,0.38337537157055285,0.3548914557992725
1774368233.552516,base,552383367,1774368233,-0.012270208502589516,0.9379146580495473,0.3466215991042334,-0.004359269838841654,-0.21700571631838264,0.3833753062707538,0.35489069550001473
1774368233.553423,base,553307937,1774368233,-0.012268602855448105,0.9379170137966851,0.3466152693414558,-0.004360237841457546,-0.21700244206926345,0.3833756169288145,0.35488825643634114
1774368233.5544946,base,554329560,1774368233,-0.012270543168001339,0.9379167722568031,0.3466158618415845,-0.004359634108257189,-0.21700403216203656,0.38337763197397867,0.35489069344085483
1774368233.5554967,base,555316628,1774368233,-0.012270344855890358,0.9379151881456074,0.3466201683718519,-0.004358596193344229,-0.21700536828101422,0.38337543815643715,0.35488939172578143
1774368233.5564978,base,556339483,1774368233,-0.01227092910141737,0.937915021499915,0.3466206024468412,-0.004358291315514183,-0.2170056188065664,0.3833754919274461,0.35488953928261086
1774368233.5573993,base,557255296,1774368233,-0.012273325667092121,0.9379162390403707,0.34661722230234443,-0.004358351161014152,-0.21700359293400687,0.38337893542438783,0.3548927151462155
1774368233.558512,base,558338833,1774368233,-0.012269737180971197,0.9379160383416093,0.3466178909085594,-0.004358471428445423,-0.2170042746803493,0.38337636119960694,0.35489029670631655
1774368233.5594938,base,559307228,1774368233,-0.012268925667895905,0.9379170655571464,0.34661512123834937,-0.004359968870494202,-0.2170022446792659,0.3833779515221455,0.35488996588262306
1774368233.5604935,base,560339714,1774368233,-0.012270280234546611,0.937916408937816,0.3466168569290991,-0.004359422066025841,-0.217004548474015,0.38337666730683206,0.3548907926027581
1774368233.561395,base,561258588,1774368233,-0.012270226155215534,0.9379165401503834,0.3466165033604717,-0.004359456456291936,-0.21700437332004674,0.38337674103993524,0.3548907648623834
1774368233.562503,base,562348521,1774368233,-0.01227175425058112,0.9379159380423867,0.3466180710614846,-0.004360049001883357,-0.21700532055746027,0.38337673398619077,0.35489101988403926
1774368233.5634828,base,563284247,1774368233,-0.012273891634896571,0.9379177089053805,0.34661319641203103,-0.004360616797140311,-0.21700348596022392,0.38337848512429085,0.3548928899747339
1774368233.5644968,base,564336514,1774368233,-0.012269267126901235,0.9379163640549347,0.3466170103595634,-0.004359730672652144,-0.21700380578960063,0.3833755704387269,0.3548888303509018
1774368233.565378,base,565239240,1774368233,-0.012270210763866099,0.9379168284782782,0.34661569816546334,-0.004361487169158529,-0.21700330910785276,0.383376320812057,0.3548899047138233
1774368233.5664594,base,566306142,1774368233,-0.012270382729141618,0.9379168309510991,0.34661568518186464,-0.0043615034373637954,-0.21700337456239618,0.3833764549885021,0.3548900457995388
1774368233.5674446,base,567247898,1774368233,-0.012273304522328278,0.9379166967499311,0.346615960072911,-0.004360295464104792,-0.21700201511904996,0.38337908275809757,0.354891283530032
1774368233.5684323,base,568240708,1774368233,-0.012271740578704704,0.9379152122487676,0.3466200405522647,-0.004359644832380401,-0.21700519341545466,0.3833749902553063,0.3548917948309254
1774368233.5694067,base,569276276,1774368233,-0.012270144315165418,0.9379161927307762,0.34661743910747084,-0.0043600319344460495,-0.2170043189533948,0.3833759743237006,0.3548897115605655
1774368233.5704277,base,570328071,1774368233,-0.012271153009442665,0.9379160833866635,0.34661770367097694,-0.004359682362130461,-0.2170043756850899,0.38337660055383616,0.3548902783438225
1774368233.5714064,base,571305080,1774368233,-0.012270856768926898,0.9379159331261049,0.3466181213333166,-0.00435963596032599,-0.2170042465078819,0.38337647687133464,0.354889921476221
1774368233.5724382,base,572362875,1774368233,-0.012269202817467168,0.9379155207117,0.3466192986413088,-0.004359412773717853,-0.21700459197314598,0.38337511271038077,0.3548895744325162
1774368233.57347,base,573337370,1774368233,-0.01226912728303198,0.937916677472196,0.34661617071692935,-0.00435945326411426,-0.21700399963095302,0.3833765343038417,0.3548904661331994
1774368233.574437,base,574354762,1774368233,-0.012268671426501643,0.937916092078728,0.3466177601965318,-0.004360302459152738,-0.2170054315176382,0.3833746849835449,0.35488979467669124
1774368233.5753884,base,575289025,1774368233,-0.01226957653829639,0.9379151721611241,0.3466202366121771,-0.0043587718979441305,-0.21700490979430823,0.3833743890700041,0.35488994951305286
1774368233.5764508,base,576354249,1774368233,-0.012270103282612847,0.9379151832192084,0.3466201857471711,-0.004358954566104365,-0.21700485310999856,0.3833743423943084,0.35489005463487594
1774368233.5774052,base,577314553,1774368233,-0.012270308798897518,0.9379152725366222,0.34661994491045095,-0.004358308709728468,-0.21700453368752276,0.38337591555013006,0.35489008513550213
1774368233.5784333,base,578350002,1774368233,-0.012267190245662675,0.9379159190124051,0.34661830027440604,-0.004358763755224606,-0.2170043436430198,0.38337495773735397,0.35488891963802766
1774368233.5793781,base,579293028,1774368233,-0.01226810048362762,0.9379152393868657,0.34662010957577144,-0.004358563304837202,-0.21700519937338347,0.3833744277637125,0.3548883428130261
1774368233.580429,base,580352354,1774368233,-0.012271077999314843,0.9379155949536203,0.3466190242203555,-0.00435998119946088,-0.21700601972002959,0.3833757921267576,0.3548914831809468
1774368233.581398,base,581315542,1774368233,-0.012270684044995307,0.9379157496145251,0.34661862008849004,-0.004359947940342226,-0.2170057477644585,0.3833758297483752,0.35489140827404925
1774368233.5825357,base,582402575,1774368233,-0.012271853172127659,0.9379149177080909,0.3466208289305655,-0.004360012825038544,-0.21700722574064923,0.3833749964993516,0.3548910618979012
1774368233.5833967,base,583308961,1774368233,-0.012269770529903905,0.9379159074157009,0.3466182308297228,-0.0043595188036207495,-0.2170062312828224,0.38337457264197494,0.3548899631128343
1774368233.5844438,base,584369629,1774368233,-0.012269128305290904,0.9379160121399742,0.34661796850725823,-0.00435965250649685,-0.21700545943955715,0.38337526302681335,0.3548902795275478
1774368233.5853853,base,585302455,1774368233,-0.012265451058343873,0.9379143342692835,0.3466226603555675,-0.004357936503771257,-0.21700792600835786,0.38337203979987655,0.35488661560986867
1774368233.5864303,base,586325253,1774368233,-0.012265515174703048,0.937913999853413,0.34662356383995796,-0.004357867294665737,-0.2170082423460458,0.38337184227976373,0.35488669117741567
1774368233.5873682,base,587285210,1774368233,-0.012268051942118186,0.9379143232691207,0.3466225879261482,-0.0043587438043982615,-0.21700632097936612,0.3833738579484797,0.3548895627032406
1774368233.5885077,base,588376381,1774368233,-0.01227239238425607,0.937914657423142,0.3466215315469408,-0.004358628689182099,-0.21700770180016243,0.3833757331219914,0.3548916522890966
1774368233.5893946,base,589329630,1774368233,-0.012269018547701611,0.9379137065669733,0.346624230753344,-0.004358081267046243,-0.21700678486455133,0.3833734422187579,0.3548890631586086
1774368233.5905275,base,590407076,1774368233,-0.012267830267052235,0.9379152498255471,0.3466200914786241,-0.00435851678564752,-0.21700755703821087,0.38337478848436407,0.3548890071891293
1774368233.591479,base,591331542,1774368233,-0.012267357972855636,0.9379153296694428,0.3466198919523509,-0.004358532134428253,-0.21700756286985545,0.3833747807733733,0.3548886895611985
1774368233.5926843,base,592386545,1774368233,-0.012267917068971247,0.9379146388322188,0.34662173682340636,-0.004358903135262364,-0.2170072502082525,0.38337419569753695,0.35488807612913104
1774368233.5934696,base,593318497,1774368233,-0.012267407932052554,0.9379146409171947,0.34662175971009573,-0.004358067378439249,-0.21700835494805154,0.38337289509213973,0.35488736855557035
1774368233.5944586,base,594319186,1774368233,-0.012270012522710257,0.9379145058020064,0.34662201710089746,-0.00435934166771966,-0.2170079702230186,0.38337388948992457,0.35489034322391344
1774368233.5954714,base,595302311,1774368233,-0.01226776128435836,0.9379147556641261,0.34662142929197587,-0.004358657609912604,-0.2170066561208183,0.3833739362262362,0.3548888577886963
1774368233.5965497,base,596385972,1774368233,-0.012267711791739121,0.9379144961173593,0.3466221334887862,-0.004358646119704613,-0.21700681336486274,0.38337384600718005,0.35488892884545475
1774368233.5973713,base,597230939,1774368233,-0.01226683397232632,0.937914936018203,0.34662097623823834,-0.004358487113235396,-0.2170061512157028,0.38337414853487417,0.3548882169878582
1774368233.5984266,base,598287417,1774368233,-0.012269095983984431,0.9379152411096945,0.3466200648996417,-0.004358943317780332,-0.2170078080681784,0.38337423296397904,0.354889105624032
1774368233.5994828,base,599324507,1774368233,-0.012268518070289659,0.9379145086513064,0.3466220658546027,-0.0043590582038760305,-0.21700715323867278,0.38337453185993026,0.3548891307820781
1774368233.600579,base,600385924,1774368233,-0.012269456133547829,0.9379147310556448,0.34662143637749954,-0.004358618887147709,-0.21700810547106078,0.3833743513377474,0.35488923817920975
1774368233.6015294,base,601358235,1774368233,-0.012269571545386328,0.9379147282646895,0.3466214401940036,-0.004358591068355341,-0.21700820518446698,0.3833744690218947,0.3548890340769307
1774368233.60257,base,602393715,1774368233,-0.012266242031591405,0.937914275413971,0.3466227890378983,-0.004358141885834119,-0.21700665834074828,0.38337283215656187,0.3548871026538721
1774368233.6034744,base,603330084,1774368233,-0.012269225383102999,0.9379158956622233,0.34661829595539295,-0.0043584035618158086,-0.21700601709871226,0.3833757936658655,0.3548898561490864
1774368233.6045005,base,604346054,1774368233,-0.012269257669158663,0.9379150431509138,0.3466205846719874,-0.004359751038419131,-0.21700536327594547,0.38337443943614036,0.3548892841361485
1774368233.6054096,base,605267129,1774368233,-0.01226966034748077,0.937915063968425,0.34662052556909106,-0.0043588381788917776,-0.21700502549481432,0.38337573157603855,0.35488887856977036
1774368233.6064878,base,606350952,1774368233,-0.01226925432643335,0.9379152863378485,0.3466199394259504,-0.004358743444573118,-0.21700486207204778,0.38337590687624745,0.3548883961589896
1774368233.6074796,base,607327475,1774368233,-0.012263043427190366,0.9379158170444774,0.3466187149111779,-0.004359400992900842,-0.21700470120495396,0.38337331182870066,0.3548845157341119
1774368233.60855,base,608392328,1774368233,-0.012268421463492976,0.9379161741305837,0.34661756808703487,-0.004358627361040836,-0.21700690095971492,0.3833754374886055,0.3548877491443926
1774368233.6094584,base,609323410,1774368233,-0.012265762023385566,0.9379158549381248,0.34661852377634633,-0.004358797171061241,-0.21700611806159192,0.38337541929248753,0.35488638002597417
1774368233.6105561,base,610393812,1774368233,-0.012268024467126635,0.9379148203773291,0.3466212445867205,-0.004358680234813879,-0.21700883342964533,0.38337279663523033,0.3548885955295665
1774368233.6115184,base,611373402,1774368233,-0.01226842114321048,0.9379147343282338,0.34662146220422113,-0.0043587741463961775,-0.21700903066350846,0.38337278395037816,0.35488905646167174
1774368233.6125374,base,612347510,1774368233,-0.012268611727363328,0.937914056166577,0.3466232887111284,-0.00435891437445497,-0.21700849441752312,0.38337493229968495,0.35488988642827857
1774368233.61345,base,613325417,1774368233,-0.012268322774591058,0.937915185560979,0.3466202503401835,-0.004358325885178239,-0.21700659447576026,0.3833749008559032,0.3548889284774824
1774368233.6144965,base,614352827,1774368233,-0.012268971581451026,0.9379153566460147,0.34661977039111636,-0.004357852443842646,-0.21700646350834799,0.38337546287902996,0.35488973114158073
1774368233.6155422,base,615398220,1774368233,-0.012266379306540679,0.9379139407691275,0.34662370213553007,-0.004357151304813027,-0.2170059276526459,0.3833739482180306,0.35488700906291876
1774368233.616646,base,616456638,1774368233,-0.012266327187158074,0.9379138156252003,0.3466240448377809,-0.004356973377398484,-0.21700572445228458,0.3833740692694763,0.35488693141940036
1774368233.6174521,base,617298069,1774368233,-0.012265186061296094,0.9379154333471831,0.3466196976718387,-0.004357784520926324,-0.21700432380792278,0.3833749111074615,0.35488608100198704
1774368233.6184857,base,618302426,1774368233,-0.012270396974482786,0.9379162329163491,0.34661734156956453,-0.004358430146426833,-0.21700547641238715,0.38337585541036395,0.3548907273824998
1774368233.6195524,base,619398842,1774368233,-0.012267427263829197,0.9379145701649529,0.3466219616610174,-0.004357177399008417,-0.21700722615573065,0.383373390338981,0.35488734632265245
1774368233.6206834,base,620455306,1774368233,-0.012270572535580757,0.9379164064950865,0.34661686580140344,-0.004358419324102543,-0.21700565489631843,0.3833769560777601,0.35489053773421075
1774368233.6214664,base,621315319,1774368233,-0.012270116085411937,0.9379165262439223,0.3466165570951444,-0.004358485665101218,-0.21700544521317294,0.3833769773987276,0.3548904131951152
1774368233.622561,base,622390296,1774368233,-0.012267173537356143,0.9379164714127237,0.3466168148136454,-0.004358072343690043,-0.21700480253381293,0.38337595085432874,0.3548866759463186
1774368233.6235578,base,623383301,1774368233,-0.012269685345731592,0.9379163072989576,0.3466171514222841,-0.004359548612582076,-0.21700469946301637,0.383375440102284,0.3548899001106161
1774368233.6246114,base,624402677,1774368233,-0.01226353330843428,0.9379156067294218,0.34661929662554675,-0.004357018588990721,-0.21700484977204137,0.3833741295767291,0.35488413680182435
1774368233.6255295,base,625318094,1774368233,-0.012271851094824678,0.9379140502434594,0.3466231906857639,-0.0043588651546670664,-0.2170088887705236,0.3833751026128536,0.35489119983677553
1774368233.6265786,base,626349669,1774368233,-0.012272479174931152,0.9379139371091478,0.3466234731482978,-0.004358978542011952,-0.2170092719311065,0.3833752165339946,0.3548914084454396
1774368233.6275973,base,627367183,1774368233,-0.01227021497345405,0.9379147510195012,0.3466213573319605,-0.004358472884125397,-0.21700674713203918,0.38337548675928385,0.3548903782293717
1774368233.6285677,base,628443858,1774368233,-0.012268054528490332,0.937915674154647,0.3466189339024262,-0.004358632063568586,-0.2170066036062723,0.38337483198010347,0.3548888887428573
1774368233.6295943,base,629380153,1774368233,-0.012269255950497262,0.9379164683641612,0.3466167366847638,-0.0043590801467426644,-0.21700516891075228,0.3833764960177867,0.3548895563339211
1774368233.6305542,base,630379182,1774368233,-0.012271165025371737,0.9379151078181084,0.3466203541312341,-0.004358799995872654,-0.21700651134033297,0.3833756316372822,0.3548911891127221
1774368233.6316204,base,631396208,1774368233,-0.012271488064253664,0.937915011416482,0.3466206032907351,-0.004358820330805694,-0.21700673758935227,0.383375481173596,0.35489148655563335
1774368233.6326282,base,632396205,1774368233,-0.01226620820392513,0.9379162115119373,0.3466175454690755,-0.004358611291027011,-0.2170049275384808,0.3833751186203511,0.35488744609786443
1774368233.6334894,base,633276546,1774368233,-0.01226933397887673,0.9379155707637609,0.3466191614366319,-0.004359184278005676,-0.21700633206762962,0.38337432644966013,0.35488993717303097
1774368233.6344862,base,634328151,1774368233,-0.012268801122298412,0.9379142893598686,0.3466226720130234,-0.00435724455891611,-0.21700884926164862,0.3833736221224967,0.35488917845880924
1774368233.6354744,base,635319556,1774368233,-0.012267917171553728,0.9379138085183496,0.34662399281953293,-0.004358164834063538,-0.21700781450864992,0.38337341339871195,0.35488736277951066
1774368233.6367164,base,636365647,1774368233,-0.0122679483990913,0.9379137143361018,0.34662424269334463,-0.004358472163487913,-0.2170077846245384,0.3833733712775064,0.3548870513226077
1774368233.637558,base,637312596,1774368233,-0.012264894313700236,0.9379155235037985,0.34661947196944176,-0.004357153852540385,-0.2170053697440038,0.3833739603881389,0.35488579551967336
1774368233.6386073,base,638354726,1774368233,-0.01227014553331379,0.9379156301417696,0.34661896882458193,-0.004359439796813825,-0.2170067528737653,0.3833752053259758,0.3548908339466705
1774368233.6395488,base,639330226,1774368233,-0.012270215454180831,0.9379158976990477,0.34661825114948985,-0.0043587413511990206,-0.21700618064661156,0.3833757703316758,0.35488999243116665
1774368233.6405919,base,640350004,1774368233,-0.012268220517488307,0.9379145173296177,0.34662205915261873,-0.004358561285920776,-0.21700774974104237,0.3833734429473888,0.3548884685550796
1774368233.6414366,base,641264138,1774368233,-0.012268481465158186,0.9379145263965423,0.3466220240790117,-0.004358664962785423,-0.21700776453928203,0.383373514734294,0.35488898630674925
1774368233.6424737,base,642285982,1774368233,-0.012266232876116476,0.9379157116228367,0.34661890028352876,-0.004358369912451397,-0.21700605812189763,0.3833736847224733,0.3548873662255891
1774368233.6434698,base,643300197,1774368233,-0.012271287727967227,0.9379155309890099,0.3466192056366429,-0.004358728131403079,-0.21700712021841043,0.38337477190099845,0.3548909616895322
1774368233.6443648,base,644281045,1774368233,-0.01226758979675537,0.9379149624762699,0.3466208924864287,-0.004357326660609178,-0.21700645110460068,0.3833749429800649,0.3548883008513601
1774368233.645359,base,645264788,1774368233,-0.012268690568569428,0.9379147059927256,0.3466215353905952,-0.004358292989014228,-0.21700704335488064,0.38337449371924454,0.3548882400779873
1774368233.6464648,base,646281510,1774368233,-0.012268937068789948,0.9379146973135112,0.34662154577975085,-0.0043586405865795865,-0.21700732106062884,0.3833744794836934,0.3548882157947394
1774368233.6474288,base,647273852,1774368233,-0.01226891474550434,0.9379151369474571,0.3466203519285176,-0.004359041723924111,-0.21700729498158172,0.38337454466912085,0.35488815917088234
1774368233.6485472,base,648333812,1774368233,-0.012267238808986718,0.9379159017293296,0.34661835011710396,-0.004358382424546465,-0.2170062678366007,0.38337451004774153,0.35488772347134956
1774368233.6493745,base,649228008,1774368233,-0.012266883429561372,0.9379154798040583,0.34661951772780775,-0.004357320850071525,-0.21700529940229168,0.3833751266933342,0.3548881466138601
1774368233.650495,base,650319924,1774368233,-0.012267248909051615,0.9379147891255729,0.346621369685433,-0.004357639398796203,-0.21700683517231537,0.3833744802847509,0.3548883874036899
1774368233.6515126,base,651242142,1774368233,-0.012267292573054424,0.9379146688901514,0.34662169513996915,-0.004357507532854933,-0.21700704705911086,0.3833743958118554,0.3548884444194772
1774368233.652425,base,652252197,1774368233,-0.012267874238979444,0.9379142939836763,0.34662270266744855,-0.004356420350715803,-0.21700669977210474,0.3833740688819671,0.3548884760891514
1774368233.6533923,base,653255513,1774368233,-0.012267141609566337,0.9379149163780619,0.34662103161901264,-0.004357443245228575,-0.21700612954174966,0.3833741640959831,0.35488830211800115
1774368233.6546576,base,654246769,1774368233,-0.01227408628613479,0.9379149937455609,0.3466205534251351,-0.004359272457436495,-0.21700630533456178,0.38337658948172604,0.35489292703433956
1774368233.6554213,base,655305921,1774368233,-0.012268564051444998,0.9379157662982086,0.3466186861880457,-0.004357069041560292,-0.2170053456965294,0.3833749161869645,0.35488880852836185
1774368233.6563728,base,656264209,1774368233,-0.012268108725582129,0.9379157656054611,0.346618709789471,-0.004356622648526932,-0.2170050684301251,0.3833750232178119,0.3548885925194876
1774368233.65734,base,657240297,1774368233,-0.012266881730254493,0.9379149989883524,0.34662081731806516,-0.004357440424313046,-0.21700732459372127,0.3833737619419405,0.3548877814530846
1774368233.6584451,base,658345166,1774368233,-0.012267916498036277,0.9379158778218217,0.3466183887882563,-0.0043585442927682756,-0.2170051640851262,0.3833754409669996,0.35488915230282475
1774368233.6593828,base,659315982,1774368233,-0.012268179723864951,0.9379157069410904,0.34661883770300916,-0.004358874725496688,-0.21700522624585025,0.3833761421049629,0.35488802727007
1774368233.6604817,base,660381647,1774368233,-0.012267650039594258,0.9379158915650017,0.3466183623368521,-0.004358440461089397,-0.2170049355536087,0.38337433512963914,0.35488850977412945
1774368233.6613936,base,661323745,1774368233,-0.012267611851355333,0.9379159544241362,0.3466181927599214,-0.004358507080645008,-0.2170048336106362,0.383374256139354,0.3548887462282356
1774368233.6624799,base,662380479,1774368233,-0.012271260055871432,0.9379152735898183,0.34661988391835796,-0.004360254121212903,-0.2170063818074355,0.38337539164427786,0.3548920585645282
1774368233.6633918,base,663312764,1774368233,-0.01227242834418728,0.937915945319419,0.3466180283559361,-0.0043599812798675135,-0.21700479938143943,0.3833771643198227,0.3548927466980064
1774368233.6643481,base,664288815,1774368233,-0.012269296855925023,0.9379158253076838,0.3466184753403568,-0.004359076139991421,-0.21700507813055422,0.38337555011285984,0.3548901945312665
1774368233.6653717,base,665310756,1774368233,-0.012268601685302132,0.9379164962265268,0.34661669182113325,-0.00435849398489947,-0.2170061069702332,0.3833764548148698,0.35488954655353255
1774368233.66647,base,666356670,1774368233,-0.01226858961941468,0.9379165292926982,0.3466166028417318,-0.004358488585136126,-0.21700603470273971,0.38337649580678673,0.3548895361735877
1774368233.6673577,base,667294106,1774368233,-0.012270856613530267,0.9379162105545042,0.34661736902063234,-0.0043597649321800965,-0.21700646959791073,0.3833752925888664,0.3548905109279247
1774368233.6683664,base,668306797,1774368233,-0.012265992015901388,0.9379163867866335,0.3466170829698297,-0.00435828297133375,-0.21700363558299163,0.3833754603336889,0.3548864772649457
1774368233.66938,base,669303707,1774368233,-0.012267342376821843,0.937916031962221,0.3466179878041179,-0.004358879428980152,-0.21700521084399757,0.38337460545192864,0.35488832500296824
1774368233.6704512,base,670341808,1774368233,-0.012269548879472703,0.9379159160127029,0.34661821894066064,-0.004359238322356976,-0.21700593278686162,0.3833755546932352,0.3548901195622965
1774368233.6713781,base,671307207,1774368233,-0.01226957427210736,0.9379158819765986,0.34661831110302077,-0.004359161769199777,-0.21700610304881596,0.38337567219864227,0.35489016447457755
1774368233.672512,base,672347263,1774368233,-0.012271902052491948,0.9379160385381283,0.34661779762581263,-0.004359752514704591,-0.21700596275320544,0.3833755501706514,0.3548925741335678
1774368233.673428,base,673328556,1774368233,-0.012268520704332032,0.9379159642590533,0.3466181238212397,-0.004359314898172706,-0.21700490460620417,0.38337593761977046,0.3548898400391716
1774368233.6744041,base,674328471,1774368233,-0.01226896101451647,0.9379164189188206,0.34661686713620266,-0.004360176006048621,-0.21700356803728058,0.3833769333543209,0.3548889160127984
1774368233.6754086,base,675333208,1774368233,-0.012273407107485368,0.9379159935571824,0.34661787389573384,-0.004359128768283543,-0.21700715139657226,0.3833767189009416,0.35489168711093516
1774368233.676529,base,676420152,1774368233,-0.012273570911885051,0.9379159066195454,0.3466181042134457,-0.004359059369204086,-0.21700744295039825,0.3833766350681119,0.3548916919237828
1774368233.6773813,base,677312406,1774368233,-0.012270087444377782,0.9379154371514933,0.346619502048761,-0.004358727623909256,-0.21700754124217814,0.38337508030548423,0.354890300089791
1774368233.6784754,base,678372755,1774368233,-0.012268821063797961,0.937916443266867,0.34661681693483853,-0.004359323031735977,-0.21700446329399012,0.3833761760642812,0.3548893317848666
1774368233.67941,base,679325481,1774368233,-0.012269849940172323,0.9379169539455062,0.34661539843496575,-0.004359340752758775,-0.2170036148252771,0.3833766300963607,0.3548889113849849
1774368233.6805186,base,680397818,1774368233,-0.012269990486080278,0.9379150747020388,0.3466204957767569,-0.004357968289895681,-0.21700601562321792,0.3833748532409579,0.3548896075772396
1774368233.6813579,base,681260467,1774368233,-0.012269728328898858,0.9379145626600248,0.34662189790002673,-0.004357386048162014,-0.2170063876532363,0.38337451979910336,0.35488955156509155
1774368233.6824462,base,682334699,1774368233,-0.012271697240720475,0.9379142917419674,0.34662255490574523,-0.004357892106210036,-0.2170066137114806,0.38337633832967505,0.35489002848786905
1774368233.683393,base,683324761,1774368233,-0.012271867925071522,0.9379149592977457,0.34662074090860506,-0.0043580219259880745,-0.21700570448885212,0.383377226622523,0.3548909691737278
1774368233.6842973,base,684227041,1774368233,-0.012268508380501688,0.9379147691329823,0.3466213831613295,-0.004357324829372902,-0.2170054939083857,0.3833756082365206,0.3548875026014719
1774368233.6852846,base,685220409,1774368233,-0.012269063475904915,0.937916610560034,0.3466163598258992,-0.004358992778686272,-0.21700478337989845,0.3833760273949633,0.35488941755856346
1774368233.6864834,base,686386518,1774368233,-0.012268444056345008,0.9379167313783667,0.34661605227744147,-0.004359195402705269,-0.21700472714074795,0.38337588572070386,0.35488929599382474
1774368233.6874201,base,687333790,1774368233,-0.012271615819757284,0.9379159037320765,0.34661818385162163,-0.004358852488680892,-0.2170070198095053,0.38337660156195624,0.3548906770521988
1774368233.688501,base,688395342,1774368233,-0.012266152681309083,0.9379165673599268,0.34661658135647594,-0.0043588644071903965,-0.21700393247334368,0.38337589937678257,0.3548870228217764
1774368233.6894143,base,689271158,1774368233,-0.01227009685360981,0.9379149985996161,0.3466207006595885,-0.0043577516382876345,-0.21700796305767137,0.3833751150553043,0.35488965458529736
1774368233.6906333,base,690370339,1774368233,-0.01227112601477657,0.9379152599520466,0.34661994251984357,-0.004358906164921109,-0.21700600651877616,0.38337633971987833,0.3548918583927599
1774368233.691478,base,691330375,1774368233,-0.0122709940301946,0.937915298776605,0.3466198381885461,-0.0043592201652302145,-0.21700605042906965,0.3833761623215152,0.3548920890405049
1774368233.6925554,base,692419149,1774368233,-0.012267927697124509,0.9379162452071944,0.3466173887893916,-0.0043589809909956425,-0.21700532721568208,0.38337616746537434,0.3548889729966509
1774368233.6933498,base,693273164,1774368233,-0.012268464851889047,0.9379143781445672,0.3466224242499426,-0.004358789621027471,-0.21700774064587589,0.3833740924708567,0.35488942404389234
1774368233.6944227,base,694281132,1774368233,-0.012265927935335609,0.937916139331062,0.3466177557401625,-0.004358210625262165,-0.21700476493258494,0.3833756209709271,0.35488766950660694
1774368233.6953661,base,695284064,1774368233,-0.012264762049530878,0.9379143612407136,0.34662262058223037,-0.004357234329211462,-0.21700751201214724,0.3833732651979773,0.3548853896409999
1774368233.696493,base,696393206,1774368233,-0.012264728451769154,0.9379141461264014,0.3466232031730998,-0.004357287459816992,-0.2170075711976524,0.38337323234580445,0.3548853682138688
1774368233.6973927,base,697329974,1774368233,-0.012269633653079214,0.9379140224230033,0.3466233449336225,-0.004358827749331485,-0.2170100108360228,0.38337418595031547,0.35488903054389237
1774368233.6984725,base,698363695,1774368233,-0.012268808293981324,0.9379148873091662,0.34662103317663095,-0.004358883623659689,-0.21700698119588321,0.38337531848132533,0.35488821121283726
1774368233.699419,base,699326569,1774368233,-0.012269845417221509,0.9379150470818624,0.34662057066620094,-0.00435836459035957,-0.21700695693547564,0.38337640922760535,0.3548897629363635
1774368233.7004917,base,700400080,1774368233,-0.012267727511007175,0.9379131460486787,0.34662579624147827,-0.004357833262849057,-0.21700888772963756,0.3833740122518148,0.35488851059089904
1774368233.701358,base,701241671,1774368233,-0.01226772167420855,0.9379131011019896,0.34662591938969844,-0.004357728011209688,-0.21700897085234264,0.38337399800161315,0.3548886075046871
1774368233.7025113,base,702354683,1774368233,-0.012267858543857956,0.9379149146915389,0.3466210053980314,-0.004357873652266146,-0.21700765207139952,0.3833751158825068,0.3548890371204668
1774368233.7034378,base,703330576,1774368233,-0.0122665682737454,0.9379151330297651,0.34662043974491863,-0.004359505428661969,-0.21700629627849413,0.38337417106988064,0.35488842584655944
1774368233.7045543,base,704425450,1774368233,-0.01226476783781982,0.9379155203369239,0.34661947446818636,-0.004357992703078776,-0.21700651994047834,0.3833728912599204,0.35488607223498714
1774368233.7053165,base,705241266,1774368233,-0.0122659138797184,0.9379155226996062,0.34661943407482776,-0.00435747145326823,-0.21700806503670883,0.38337472155923596,0.35488705538451654
1774368233.706541,base,706422387,1774368233,-0.012265898065892851,0.9379154562585268,0.34661961437269545,-0.004357474970741556,-0.21700822347648238,0.3833746224221294,0.3548870428736415
1774368233.7074463,base,707348056,1774368233,-0.012271614181970628,0.9379154576284445,0.34661939877555425,-0.004358235820573705,-0.21700646266999646,0.3833768994861435,0.35489060988950855
1774368233.7085557,base,708416423,1774368233,-0.012269761756899568,0.9379143919668611,0.34662237038455523,-0.004356447733459486,-0.21700786507574532,0.3833749779045599,0.3548882887559469
1774368233.7093565,base,709271622,1774368233,-0.012270427457932146,0.9379155159124297,0.3466192783621372,-0.004358610837369439,-0.21700750139095898,0.3833752337516022,0.3548902978716419
1774368233.71048,base,710353630,1774368233,-0.01226996972850298,0.9379144877365022,0.34662207566592845,-0.004358692221258704,-0.21700924424076912,0.38337439677532537,0.35488968881839666
1774368233.7113605,base,711272726,1774368233,-0.012270336380224702,0.9379144089930981,0.34662227353259634,-0.004358869043417706,-0.21700958670767811,0.38337432714596764,0.3548897660867162
1774368233.7125235,base,712401707,1774368233,-0.012268232215363516,0.9379161971768365,0.34661752620009484,-0.0043575317070600845,-0.21700525433791523,0.38337498239954737,0.35488729016554244
1774368233.7133315,base,713263118,1774368233,-0.012264724739205327,0.9379142406517459,0.3466229576756968,-0.004356480446702895,-0.21700713531925636,0.383372562366042,0.3548852145869
1774368233.71447,base,714332536,1774368233,-0.0122716821449344,0.9379150862580117,0.3466203899297291,-0.004359136602897048,-0.2170076852885316,0.3833768641502925,0.3548906803055278
1774368233.7154083,base,715246539,1774368233,-0.012272275758915293,0.937914210904611,0.34662273419807865,-0.004359399950234699,-0.21700932932862016,0.38337542835303584,0.35489096815237764
1774368233.7164772,base,716358747,1774368233,-0.012272740438767858,0.9379140751071421,0.34662308258252844,-0.004359607668427714,-0.2170095158092322,0.3833753633227747,0.35489131622575254
1774368233.717375,base,717302217,1774368233,-0.012269527175059969,0.9379151078386034,0.34662040863026705,-0.004359072377019745,-0.21700739543087386,0.3833745226931439,0.35488983938504676
1774368233.718479,base,718364816,1774368233,-0.012266583626584525,0.9379144544660373,0.34662230144002276,-0.004357427478415551,-0.21700796491491905,0.3833732103980534,0.35488794024772585
1774368233.719407,base,719302819,1774368233,-0.012269397077408931,0.9379167645736295,0.3466159291169561,-0.0043591638511340895,-0.2170046045174453,0.38337729304420104,0.35489026530945983
1774368233.7204366,base,720322201,1774368233,-0.012266109290219512,0.9379156624613872,0.3466190369027461,-0.004358431955449816,-0.21700542766013498,0.3833746049386033,0.3548875775866325
1774368233.7213876,base,721301244,1774368233,-0.01226576342160871,0.9379155999702585,0.3466192198806087,-0.0043583012141633955,-0.21700543903284766,0.3833743507911265,0.3548872672149924
1774368233.7224905,base,722368448,1774368233,-0.012268750746147954,0.9379166579511832,0.3466162382393593,-0.004359344171779862,-0.21700482832713913,0.3833768172241981,0.35488979583965363
1774368233.7233753,base,723301491,1774368233,-0.012266258610077284,0.9379142766100463,0.34662278264262664,-0.004358346457847311,-0.2170071998614748,0.3833729386381496,0.3548874260208548
1774368233.724471,base,724365526,1774368233,-0.01226859613093159,0.9379147699356303,0.346621378820187,-0.0043572503212917675,-0.2170067434146667,0.3833746288562493,0.35488928168000583
1774368233.7253249,base,725253219,1774368233,-0.012271237646728845,0.9379147030550116,0.3466214704152004,-0.00435692174032669,-0.2170063344539611,0.3833760595167633,0.3548903232976939
1774368233.7264578,base,726344996,1774368233,-0.012271820367667179,0.9379144975714157,0.3466220059956253,-0.004356905988356054,-0.21700663733055858,0.38337607551838343,0.35489043471272275
1774368233.7273638,base,727298328,1774368233,-0.012271082304612595,0.9379156483314895,0.34661890891251274,-0.0043576528423394535,-0.21700524305940697,0.3833766769537527,0.35489033346905846
1774368233.7284856,base,728373413,1774368233,-0.01226998684466513,0.9379161993291871,0.34661744780292164,-0.004358364063871875,-0.21700423709022218,0.38337660372802956,0.3548895300873795
1774368233.7293189,base,729251704,1774368233,-0.012266824784948054,0.9379169095251962,0.3466156375683906,-0.004358397579175322,-0.21700384475827017,0.383375805999391,0.354887745138433
1774368233.7304637,base,730362107,1774368233,-0.012268634705545985,0.9379157338737775,0.3466187502762465,-0.004358751129433455,-0.21700602961563048,0.3833758517597057,0.35488807460980293
1774368233.7313735,base,731302600,1774368233,-0.012268813521874878,0.9379154485366902,0.3466195169144359,-0.004358681565299599,-0.21700637505508488,0.38337583177459217,0.3548878757216263
1774368233.7324684,base,732368131,1774368233,-0.012272163554965522,0.937916643574458,0.34661614077529246,-0.004360580436806575,-0.21700502265655305,0.3833771491269011,0.35489094357748124
1774368233.733409,base,733250421,1774368233,-0.012272655809045912,0.9379164548881648,0.34661663883866217,-0.00436018917000977,-0.21700410316462423,0.38337767208670365,0.35489125985632247
1774368233.7345123,base,734276287,1774368233,-0.012270398639102007,0.9379168447648548,0.3466156965889015,-0.004357579806180289,-0.21700385414673456,0.3833779701478595,0.35489033070959014
1774368233.7353964,base,735250739,1774368233,-0.012267076716096727,0.9379170481457845,0.34661525485647626,-0.004358294060700972,-0.21700412013827725,0.3833764731797058,0.3548876483329354
1774368233.736478,base,736327916,1774368233,-0.012266516000340405,0.937917139236334,0.3466150266757904,-0.004358416511272156,-0.2170041280373309,0.3833764246754693,0.3548873178793279
1774368233.7375028,base,737345953,1774368233,-0.012268640027358939,0.9379161809057279,0.3466175324689713,-0.004359386678710712,-0.21700548079455248,0.38337536131313654,0.354889652974134
1774368233.7385602,base,738402824,1774368233,-0.012269348333710175,0.9379164740052919,0.3466167205065849,-0.004358892773026163,-0.21700350764595977,0.38337650041816357,0.35488987483111367
1774368233.739452,base,739296292,1774368233,-0.012269231813642333,0.9379164089569434,0.3466169019283475,-0.00435879084254793,-0.21700578981966598,0.3833757236597247,0.35488980756064287
1774368233.7405195,base,740338185,1774368233,-0.012272708337181224,0.9379168452793167,0.34661559846140777,-0.004358769849941257,-0.21700298978583438,0.3833774651364295,0.354892490799714
1774368233.741454,base,741309994,1774368233,-0.012272862859290436,0.9379168404544952,0.34661560988957185,-0.004358464176083663,-0.21700278942389897,0.3833776338652043,0.35489256914431294
1774368233.7424357,base,742352016,1774368233,-0.012268849798450623,0.9379167471389185,0.3466160129477266,-0.0043577894848845986,-0.21700324560098097,0.38337678423655136,0.35488925895746776
1774368233.743408,base,743293263,1774368233,-0.012267050713118644,0.9379167349013988,0.3466161052913154,-0.00435814311154905,-0.21700242746088472,0.3833770334122426,0.35488832990729435
1774368233.7444463,base,744322921,1774368233,-0.012269811317296278,0.9379170075351773,0.34661526206954024,-0.004358762090332865,-0.21700349611092618,0.38337693721258365,0.3548894122330138
1774368233.7453978,base,745289706,1774368233,-0.012270905907628289,0.9379164668839887,0.3466167002427483,-0.0043576517633475455,-0.21700478659663774,0.38337678030619327,0.3548914815535067
1774368233.746441,base,746329773,1774368233,-0.012270847550671819,0.9379163728422427,0.3466169618754951,-0.004357246268107456,-0.2170047461930184,0.3833768482001302,0.3548916192619405
1774368233.747414,base,747298292,1774368233,-0.012268904817434357,0.9379183308410846,0.3466117029431681,-0.004359590541726875,-0.21700145009233687,0.38337828790094186,0.35488988421381656
1774368233.7484548,base,748344917,1774368233,-0.012271846589874976,0.9379163375456859,0.34661699316197114,-0.0043595409753265915,-0.21700304690124886,0.3833777612045766,0.3548909799952722
1774368233.7494392,base,749343779,1774368233,-0.012269611917830797,0.9379164793664426,0.3466167021919749,-0.004358453602246683,-0.21700494118029579,0.38337657100408506,0.35488967440364333
1774368233.7505116,base,750417936,1774368233,-0.012271873401458805,0.9379169083655448,0.34661544062724864,-0.004360096789643956,-0.2170037357394547,0.38337752202626063,0.3548927377784706
1774368233.7514265,base,751330034,1774368233,-0.012271976187008832,0.9379168385481409,0.346615621417091,-0.004360453872019,-0.21700375215229797,0.38337747523664045,0.3548929770866026
1774368233.7524636,base,752378626,1774368233,-0.012271317377264236,0.9379165306201724,0.3466164943543614,-0.004359151378238527,-0.21700557055096167,0.3833772416378198,0.3548908197840445
1774368233.7534463,base,753300029,1774368233,-0.012269355535109846,0.9379161482600439,0.3466175997433841,-0.004359047594544293,-0.21700410904321585,0.3833772219378565,0.35488811848874924
1774368233.754486,base,754376176,1774368233,-0.012269238409035644,0.9379170212648731,0.3466152335411655,-0.004359688944544809,-0.21700441420603248,0.38337672256318256,0.3548900080890267
1774368233.7554855,base,755314984,1774368233,-0.012267119618185336,0.9379154551221965,0.3466195634808671,-0.004358328983593313,-0.21700568024045877,0.3833759449350078,0.35488829012201134
1774368233.7565114,base,756362152,1774368233,-0.012266638335736747,0.9379152883840742,0.34662003357313176,-0.004358179106006587,-0.21700564597597308,0.38337592823755073,0.35488796449568116
1774368233.7574348,base,757284314,1774368233,-0.012268688081997818,0.9379157045164094,0.34661882646831216,-0.004358859020926179,-0.21700473611590482,0.38337567700872865,0.3548896153286952
1774368233.7584503,base,758346435,1774368233,-0.012266268194028058,0.9379152041508643,0.3466202918440524,-0.004356807223033511,-0.21700474002189582,0.38337633477766553,0.3548871877873686
1774368233.7594645,base,759287586,1774368233,-0.01227044349529641,0.9379169570224011,0.346615373210595,-0.0043590136898340815,-0.21700471037217514,0.3833776876322163,0.3548900329112317
1774368233.7604516,base,760344494,1774368233,-0.012269588498006183,0.9379160380111382,0.3466179201450089,-0.004356635620167214,-0.21700482755348355,0.38337637305850913,0.3548887297661446
1774368233.7613742,base,761278182,1774368233,-0.012269921408241194,0.937915924318761,0.34661821675985127,-0.004356575276593544,-0.21700511752419646,0.3833762809954805,0.35488888123205475
1774368233.762478,base,762371947,1774368233,-0.012267029192824082,0.9379159258591605,0.34661830234246005,-0.004357579117702979,-0.21700673904394224,0.38337556155636493,0.35488771465275915
1774368233.7635095,base,763352296,1774368233,-0.012266524768918768,0.9379146342852592,0.3466218263026166,-0.004356683862838643,-0.21700675259315227,0.3833740569254041,0.35488746875719723
1774368233.764509,base,764403262,1774368233,-0.012269260789606815,0.9379165387797739,0.3466165721918529,-0.00435699495244333,-0.21700411968773103,0.3833760059610768,0.3548885462523457
1774368233.765351,base,765266608,1774368233,-0.012266714641957973,0.9379151770979661,0.3466203439929857,-0.004357225191334835,-0.21700679432809197,0.38337530277344206,0.3548860945492408
1774368233.7664974,base,766398527,1774368233,-0.012266707526245358,0.9379150893082084,0.34662057727570683,-0.004357584594325782,-0.21700695028093037,0.3833754419189281,0.3548860430032036
1774368233.7674499,base,767287869,1774368233,-0.012266672387258115,0.9379150941420095,0.3466205724960711,-0.004357023252748578,-0.21700735759334047,0.38337454115331265,0.35488730481054576
1774368233.7684622,base,768309862,1774368233,-0.012264271929537569,0.9379150692946514,0.34662071855817267,-0.004357509640113943,-0.21700665250617415,0.38337419721130345,0.3548856811083402
1774368233.7694151,base,769283994,1774368233,-0.012266266227002054,0.937914157179784,0.3466231211367552,-0.0043571054609720435,-0.21700817027425248,0.3833738076752432,0.35488629585882336
1774368233.7704923,base,770343357,1774368233,-0.012268074740867607,0.9379146876802202,0.34662160523067326,-0.0043584129197366435,-0.21700873040183621,0.3833730901630343,0.35488864416433125
1774368233.771425,base,771301095,1774368233,-0.012267697705854452,0.9379150299665647,0.34662069199506906,-0.004358444295313421,-0.21700823624892301,0.3833732437827721,0.35488859403282996
1774368233.7724473,base,772343020,1774368233,-0.012265002461993798,0.9379150238927164,0.346620818510673,-0.0043572750571288146,-0.2170071037547963,0.38337321096663746,0.35488612894095856
1774368233.7734005,base,773307817,1774368233,-0.012266123307839398,0.9379141465617853,0.34662316156727113,-0.004356577026082768,-0.21700720933921192,0.38337331165017624,0.35488610079415644
1774368233.774517,base,774395144,1774368233,-0.01226929221108685,0.9379149337922292,0.3466209077070678,-0.004357496814183811,-0.21701001174700046,0.38337456391933966,0.3548887025184047
1774368233.7754474,base,775317497,1774368233,-0.012269838306974307,0.9379149178572368,0.3466209190933356,-0.004358483183959478,-0.21700917921071863,0.38337398484157353,0.3548889114830961
1774368233.7764578,base,776357875,1774368233,-0.01226994868647787,0.9379150124556652,0.34662065667137704,-0.004358685377944267,-0.21700907123889132,0.3833741368597325,0.3548889993053802
1774368233.777329,base,777232846,1774368233,-0.012268434289366881,0.9379154874821094,0.34661944575646497,-0.004357027055841856,-0.21700720971550494,0.3833745491889382,0.3548873622487939
1774368233.778399,base,778288245,1774368233,-0.01226902104768563,0.9379139872073746,0.3466234789391847,-0.0043574730513002286,-0.21700783522977116,0.38337401947654537,0.3548879315310565
1774368233.7793941,base,779301454,1774368233,-0.012267348186158966,0.9379138036984704,0.3466240312570282,-0.004357746605000227,-0.21700893081978778,0.3833729244563512,0.3548877077815322
1774368233.780543,base,780330992,1774368233,-0.012265714296451567,0.9379146647629626,0.3466217567081776,-0.00435794124722978,-0.21700689166986503,0.3833738544295895,0.35488671193556776
1774368233.781509,base,781294392,1774368233,-0.01226577685897877,0.9379149299488702,0.34662103643990905,-0.004357980538612561,-0.21700674557717375,0.38337405649521716,0.35488690670617395
1774368233.7824435,base,782349869,1774368233,-0.012265665142541566,0.9379152314564408,0.3466202294055969,-0.004357594225422947,-0.21700831966390974,0.3833737773002806,0.3548868199931404
1774368233.7834747,base,783325063,1774368233,-0.012266446881774555,0.9379137677358362,0.3466241626379274,-0.004357573639087945,-0.2170092593882509,0.383373456670279,0.35488804641085037
1774368233.7845147,base,784315803,1774368233,-0.012267370016436685,0.9379146074822986,0.3466218519422124,-0.004358034001299017,-0.21700957508293592,0.3833734953938653,0.3548874883591868
1774368233.7853947,base,785293744,1774368233,-0.01226717184926592,0.9379152127219608,0.3466202180984031,-0.0043582846344748915,-0.2170084021505539,0.3833731442378831,0.3548881155864465
1774368233.786445,base,786363285,1774368233,-0.012267129976250638,0.93791521030182,0.34662022567018397,-0.004358321120474348,-0.21700835338318028,0.38337305571093605,0.3548883437277482
1774368233.7874181,base,787303474,1774368233,-0.012265139427803582,0.9379151033794146,0.3466205937335859,-0.0043576607686760475,-0.21700832954195617,0.3833729935975675,0.35488686881705567
1774368233.7884889,base,788386033,1774368233,-0.012268431628824846,0.9379142694531044,0.34662273801831756,-0.004357319164712882,-0.2170096381075751,0.3833736550909587,0.3548880072920435
1774368233.7893322,base,789258967,1774368233,-0.012270741297652828,0.9379155963593224,0.3466190501809566,-0.004358562331093597,-0.21700810488332092,0.3833754276974602,0.35488953352281727
1774368233.7904496,base,790372423,1774368233,-0.012271856641675615,0.9379147807008896,0.34662121194572004,-0.004359025882978855,-0.2170076837570699,0.38337567632159414,0.354891914382375
1774368233.791383,base,791301491,1774368233,-0.012271418932769477,0.9379147631440067,0.34662127445661634,-0.004359065033858614,-0.21700772312609318,0.38337549057277426,0.35489188918408104
1774368233.7924383,base,792300719,1774368233,-0.012266143434222157,0.9379146229974162,0.34662185984106825,-0.0043575191547905725,-0.2170085955695861,0.3833731407275298,0.35488687304161504
1774368233.79341,base,793329266,1774368233,-0.012268324940781178,0.9379145190070194,0.3466220740119184,-0.004356724303302081,-0.21700860633397243,0.38337483153397267,0.35488898305380234
1774368233.7944856,base,794383913,1774368233,-0.0122679992477499,0.9379148832240665,0.34662105470258503,-0.0043603277526635354,-0.21700823038259565,0.38337377379257975,0.3548890057201576
1774368233.7953935,base,795317915,1774368233,-0.012270422673703141,0.9379155703938062,0.34661911926495037,-0.004359552759143684,-0.2170064216760934,0.3833761926276917,0.3548907020087434
1774368233.796456,base,796375305,1774368233,-0.012270727990792511,0.9379153438308114,0.3466197229041266,-0.0043594420713134905,-0.21700644187278645,0.38337635966305805,0.35489094799807863
1774368233.797405,base,797329824,1774368233,-0.012266802945246765,0.9379161339142132,0.34661773413108393,-0.004358632211053925,-0.21700654165637576,0.3833746703856192,0.35488825372787497
1774368233.7984455,base,798368239,1774368233,-0.012266289820132276,0.9379175716183987,0.34661384987064764,-0.0043595941717864,-0.21700286596620003,0.38337641959024865,0.35488736564517565
1774368233.7993758,base,799300852,1774368233,-0.012266646497078077,0.9379161044659695,0.3466178217478757,-0.004358441677273259,-0.21700519305020669,0.38337433115902664,0.3548874779394196
1774368233.800461,base,800377113,1774368233,-0.012267832994797168,0.9379162578073617,0.3466173503958156,-0.004359589296110689,-0.21700403816953423,0.3833754335068871,0.35488868879812563
1774368233.8014276,base,801308295,1774368233,-0.012268307571871329,0.9379163475666594,0.3466170891317179,-0.0043597154028718705,-0.2170039021082596,0.38337565912701077,0.3548891224106903
1774368233.8023758,base,802260817,1774368233,-0.012265933609105413,0.9379156244454854,0.3466191506464916,-0.004358061362233793,-0.21700364008046505,0.38337522745504776,0.3548867782991386
1774368233.8033228,base,803238838,1774368233,-0.012266020080399762,0.9379168931933718,0.34661571071637315,-0.004358359606991604,-0.21700447333063647,0.38337645931317954,0.35488725790337855
1774368233.8044357,base,804331086,1774368233,-0.012269205892709177,0.9379152834414056,0.3466199534157272,-0.004358390513632302,-0.21700515129015685,0.38337626329045454,0.35488970273143816
1774368233.8053129,base,805232231,1774368233,-0.012268993451178536,0.9379156290938492,0.3466190175131299,-0.004359036523888791,-0.21700631426891626,0.3833754993887082,0.3548899591338084
1774368233.8064811,base,806392456,1774368233,-0.012269072122430098,0.9379156929277349,0.34661884083428984,-0.004359129251904898,-0.21700620534793394,0.3833755762644582,0.35489004085056064
1774368233.8074596,base,807340957,1774368233,-0.012268509166949385,0.9379170943921139,0.3466150651156125,-0.004359399588783443,-0.21700327515482162,0.38337743130116125,0.3548892678563354
1774368233.8085587,base,808423946,1774368233,-0.01226783900334663,0.9379175278273739,0.3466139194093455,-0.004359127443310357,-0.21700331638379589,0.3833778156584694,0.35488924007409933
1774368233.8094811,base,809340846,1774368233,-0.012267780133623474,0.9379167109045387,0.3466161343870199,-0.004358940146918425,-0.2170038414686103,0.3833756969901657,0.35488827603682926
1774368233.8106391,base,810415761,1774368233,-0.01226728238603477,0.9379164123695172,0.34661696487662597,-0.004358537652795912,-0.2170033081649672,0.38337657128714253,0.3548883492528408
1774368233.811457,base,811337471,1774368233,-0.012267358076181366,0.9379164171173834,0.3466169491841306,-0.00435855088383,-0.2170033189839367,0.3833766188373383,0.35488841810275745
1774368233.812521,base,812408199,1774368233,-0.012270002604611828,0.9379159935621795,0.34661800064275666,-0.004358633589849042,-0.21700477691774753,0.38337774970238375,0.35488959784939367
1774368233.8133478,base,813280499,1774368233,-0.012269841191404979,0.9379170401627531,0.34661516559229827,-0.004359329180258768,-0.21700394777098372,0.3833776498554084,0.35488916930370384
1774368233.8145025,base,814392877,1774368233,-0.012270096306834191,0.9379171025866854,0.34661497877696257,-0.004360034342071226,-0.21700286998965315,0.38337909057759095,0.35488938269899023
1774368233.8154018,base,815336625,1774368233,-0.01226595502821708,0.9379166215199629,0.34661643888622035,-0.0043590959681306255,-0.21700408738192659,0.3833758966792005,0.3548867460460323
1774368233.8165345,base,816410821,1774368233,-0.01226519577608121,0.9379165205471559,0.3466167413989945,-0.004358903443912079,-0.21700425877771573,0.3833756404011631,0.35488643244539714
1774368233.8173418,base,817280125,1774368233,-0.012269998866919003,0.9379155831107361,0.3466191213057889,-0.004357847066689986,-0.21700591928964807,0.3833757613523642,0.3548905376338878
1774368233.8185067,base,818385499,1774368233,-0.01226828169888637,0.9379185883034443,0.34661103298729434,-0.00435921902541806,-0.21700088929329137,0.3833780939431904,0.3548878137562296
1774368233.8194292,base,819340762,1774368233,-0.012268778713821957,0.9379167974898369,0.3466158654204076,-0.004358886800713062,-0.21700413843273478,0.3833777652235611,0.35488936038286134
1774368233.8205357,base,820404592,1774368233,-0.012262535952215974,0.9379170862439417,0.34661532334643363,-0.004357426435686341,-0.21700235392721506,0.38337606451575484,0.35488391755669335
1774368233.8214986,base,821389091,1774368233,-0.012261968068432254,0.9379171072407677,0.3466152877623074,-0.004357335613851892,-0.21700222464911526,0.38337586107774524,0.35488349449278495
1774368233.8225074,base,822391564,1774368233,-0.012269844986789121,0.9379160843560879,0.34661776227256536,-0.004358495990980289,-0.21700349231239868,0.38337701608670055,0.3548887958647552
1774368233.8234398,base,823341482,1774368233,-0.012270012180272032,0.937916946130058,0.3466154204639878,-0.0043588140284388024,-0.21700350800317098,0.3833770174076757,0.3548891900193089
1774368233.8244836,base,824395480,1774368233,-0.012267650566441989,0.937915611476041,0.3466191226602623,-0.0043582456715895185,-0.217004672969763,0.3833757430841447,0.3548881000756558
1774368233.8254256,base,825348563,1774368233,-0.012268024444607518,0.9379155822814649,0.34661918499083705,-0.004358518800596994,-0.21700496605360126,0.3833753636472694,0.35488765338298944
1774368233.826466,base,826394426,1774368233,-0.012268725676029022,0.9379156611384801,0.3466189446911727,-0.004358685883601921,-0.21700494907725018,0.3833757201542787,0.35488802022966764
1774368233.8274503,base,827370701,1774368233,-0.012270926417145478,0.9379161974889807,0.34661739757856974,-0.004360108775697063,-0.21700463324425634,0.38337709771668,0.3548903615600276
1774368233.8284314,base,828359796,1774368233,-0.012266822118472215,0.9379156697677096,0.34661899382547207,-0.004358279330177661,-0.2170067893646542,0.38337402970321693,0.3548864481477747
1774368233.8294253,base,829355806,1774368233,-0.012264605407019489,0.937915668729636,0.34661907835136274,-0.004358018873463403,-0.21700442708413153,0.383374616207743,0.35488562021108017
1774368233.830427,base,830346595,1774368233,-0.012267537036862067,0.9379161015525377,0.34661779168810936,-0.00435895271796889,-0.21700580523082955,0.3833756433745168,0.35488849444151227
1774368233.831449,base,831356176,1774368233,-0.012267581845267607,0.9379160131826856,0.34661803068236696,-0.004358836661737581,-0.2170060721453051,0.38337565358554837,0.3548886503793073
1774368233.832412,base,832347867,1774368233,-0.012267925333545432,0.9379152015748795,0.34662022267093096,-0.004358198976395011,-0.21700654374306255,0.38337476582667945,0.35488886420610494
1774368233.8334024,base,833327390,1774368233,-0.012267581247348811,0.9379155025382141,0.346619403573749,-0.0043595429815011695,-0.21700725796857334,0.3833739043529687,0.3548884300241602
1774368233.8343265,base,834262403,1774368233,-0.012268706501600477,0.9379147931843931,0.34662129698494826,-0.0043584450354328015,-0.21700864683128565,0.38337504999918903,0.35488807877059636
1774368233.8353922,base,835301404,1774368233,-0.01226682716805784,0.9379145845969472,0.3466219348994859,-0.004357889179572829,-0.2170070526548325,0.3833741733214899,0.35488732952211133
1774368233.8364668,base,836387280,1774368233,-0.012266245127772937,0.9379147016891705,0.3466216404106456,-0.004357749971370656,-0.2170067388777659,0.383374198234623,0.35488714810198163
1774368233.8373652,base,837285610,1774368233,-0.012267807602452262,0.9379164286827623,0.3466169117477817,-0.004357773976774338,-0.2170046109306091,0.3833757799824514,0.3548874451865568
1774368233.838457,base,838368659,1774368233,-0.012265466619533635,0.9379155143791621,0.3466194643341598,-0.004358114291418673,-0.2170066516347805,0.3833740008782519,0.3548865852133895
1774368233.839426,base,839333308,1774368233,-0.012265575264163437,0.9379148142443621,0.34662134931638333,-0.004358564269659123,-0.21700745714712905,0.38337369494160994,0.35488679250382604
1774368233.8404207,base,840328077,1774368233,-0.0122688512403534,0.9379150271580188,0.34662065266515846,-0.004358929500981874,-0.21700806373382656,0.3833745461389333,0.35488978400002613
1774368233.8413801,base,841296703,1774368233,-0.012268781736260998,0.9379150304045074,0.3466206491678774,-0.004358704676750403,-0.2170077718429076,0.38337446375766504,0.35488970580992574
1774368233.8424108,base,842310559,1774368233,-0.012264762303813646,0.9379145174717832,0.3466221896886975,-0.004357882136496391,-0.2170079659006528,0.383372988837422,0.3548863481552583
1774368233.843432,base,843313576,1774368233,-0.012265443624117474,0.9379156393402898,0.34661912167281744,-0.004358539246554066,-0.2170072839144498,0.3833727852232792,0.3548870290499785
1774368233.8444662,base,844327574,1774368233,-0.012268574277819407,0.937915598513733,0.34661912975021425,-0.004357871156856816,-0.21700693995687872,0.3833759539273791,0.3548894202952597
1774368233.8453653,base,845284175,1774368233,-0.012268880336801942,0.9379151039098356,0.34662044855059565,-0.004358563945555728,-0.21700765638325342,0.38337574426533905,0.35488944079113505
1774368233.846394,base,846266350,1774368233,-0.012269129301851782,0.9379151342300119,0.3466203576699704,-0.004358565958554937,-0.21700767818435104,0.38337593445152246,0.354889270017433
1774368233.8473835,base,847300611,1774368233,-0.012268367974319414,0.937914578212358,0.3466218891271853,-0.0043585664939907315,-0.21700889258222067,0.3833728807585704,0.354887623723153
1774368233.8485022,base,848368863,1774368233,-0.012268112411466997,0.9379135354834165,0.3466247355743482,-0.004357299951899731,-0.21700918161701133,0.3833749081325195,0.3548886421492696
1774368233.8493392,base,849259079,1774368233,-0.012268300996414,0.9379139352993525,0.3466236462555671,-0.0043573637028457325,-0.21700675128749838,0.38337544206807567,0.35488887454448853
1774368233.850445,base,850325021,1774368233,-0.012267791741245333,0.9379147719858436,0.3466213975680216,-0.004357582417794858,-0.217007965530506,0.383374866646248,0.3548883185714418
1774368233.851343,base,851249515,1774368233,-0.012267972584684211,0.937915045246255,0.34662064672167575,-0.0043579829765710235,-0.21700790447180732,0.38337486404959437,0.35488858683045416
1774368233.8524678,base,852352404,1774368233,-0.01226648107894492,0.9379141988725602,0.3466229933887383,-0.004357688540286514,-0.21700920844757945,0.3833735957063048,0.3548869193970564
1774368233.853419,base,853337776,1774368233,-0.012265080602785892,0.9379154359839114,0.34661969557567945,-0.004357680568829326,-0.2170077465423205,0.38337369763819096,0.3548856360514889
1774368233.854453,base,854339637,1774368233,-0.012265943293743272,0.9379154142586267,0.34661971333632874,-0.004358515552882282,-0.217007278527998,0.38337445264610664,0.3548870923918494
1774368233.8553994,base,855299889,1774368233,-0.012269642910537571,0.9379156681410904,0.3466188941742695,-0.004358614425077181,-0.2170074335930541,0.38337547992345705,0.35488926264454096
1774368233.8564727,base,856370225,1774368233,-0.012270493424662285,0.9379156919703772,0.3466187967113968,-0.004358843101914104,-0.21700743461446353,0.3833756453986114,0.3548896761676981
1774368233.857366,base,857287982,1774368233,-0.012267533333526209,0.9379151901316841,0.3466202693299928,-0.004358054125528868,-0.21700858860912028,0.3833739841406943,0.3548877092224002
1774368233.8585021,base,858372375,1774368233,-0.01226925213912664,0.9379141377390606,0.3466230466840592,-0.004358805868741974,-0.21700773579600832,0.38337470416677083,0.35488968209752414
1774368233.8594513,base,859295574,1774368233,-0.012266722230721155,0.9379146776955605,0.34662167893300544,-0.004358506924605411,-0.2170078972269519,0.3833734099809768,0.3548875238153385
1774368233.8605642,base,860417608,1774368233,-0.012270813106163129,0.9379153893350687,0.3466196066577606,-0.004358655134269606,-0.21700700986512134,0.383376231425628,0.3548899859073036
1774368233.8614802,base,861330251,1774368233,-0.012270968403663008,0.9379150550617742,0.3466205066806584,-0.004358574462925931,-0.21700748653070948,0.3833760870873706,0.3548897336657403
1774368233.8624966,base,862345225,1774368233,-0.012267983430485515,0.9379142353495747,0.34662284293687823,-0.004357575648009694,-0.21700941051838402,0.3833738852304434,0.35488659883480045
1774368233.8636236,base,863394218,1774368233,-0.012269292942790931,0.9379139483976319,0.3466235618025762,-0.0043584693579243605,-0.2170075274204348,0.3833740844972866,0.35488806295364217
1774368233.8644671,base,864378956,1774368233,-0.012271263354372447,0.9379144031927384,0.3466222674654853,-0.004357989947500664,-0.21700904273499874,0.38337443115046915,0.35488999521600856
1774368233.8653493,base,865254959,1774368233,-0.012271213656933368,0.9379151745307046,0.3466201797616055,-0.0043581742112973835,-0.21700745569626181,0.3833765303339302,0.3548896944997049
1774368233.8664517,base,866361089,1774368233,-0.012270962652724109,0.9379154180177,0.3466195271040228,-0.004358388514380013,-0.21700727155862762,0.3833767291948327,0.3548895183872318
1774368233.8674943,base,867418474,1774368233,-0.012268340630616607,0.9379164486834789,0.3466168133916761,-0.004359791433343648,-0.2170057377146459,0.38337550508481033,0.3548889162512291
1774368233.8685458,base,868462409,1774368233,-0.012268628315953142,0.9379163716112756,0.34661702375993086,-0.004358837298194004,-0.2170046371405855,0.3833767606694975,0.3548891002754877
1774368233.8692992,base,869246235,1774368233,-0.012268168709861615,0.9379154802489958,0.34661945536573097,-0.004358567168911588,-0.21700782447072198,0.3833741957853971,0.3548876149508514
1774368233.8703985,base,870337573,1774368233,-0.012268131619447868,0.9379156742672247,0.34661892526194515,-0.004359077962051926,-0.21700789824764835,0.38337451732851785,0.35488826234307336
1774368233.8714273,base,871348831,1774368233,-0.012267734853757107,0.9379157222562948,0.3466188109793801,-0.00435895644064793,-0.21700774765155265,0.38337447839957955,0.3548881726783039
1774368233.872468,base,872333950,1774368233,-0.012268965789405947,0.9379165771403812,0.3466164746824752,-0.004357325145413227,-0.21700478192601316,0.38337723599776136,0.3548895819563242
1774368233.8733952,base,873265337,1774368233,-0.012265530037879207,0.937916466635904,0.34661688576007404,-0.004358083535088184,-0.2170028413921397,0.38337687792959635,0.35488701815333173
1774368233.8744664,base,874295658,1774368233,-0.012267039913159186,0.9379164616730151,0.3466168474233993,-0.004357950986926576,-0.21700495434328393,0.38337574616629505,0.3548880552112653
1774368233.875427,base,875355369,1774368233,-0.012267683063711989,0.9379174661875997,0.3466140897305917,-0.004359285803236964,-0.21700263368876524,0.3833769047186894,0.3548888163000782
1774368233.8765316,base,876381008,1774368233,-0.01226710580902246,0.9379175064189419,0.3466140023876108,-0.004359199099112613,-0.21700248375836287,0.3833767594921879,0.3548882989947232
1774368233.8774273,base,877332322,1774368233,-0.012268773177997546,0.9379172276400003,0.34661470421221885,-0.004358683824138169,-0.21700298962206604,0.38337803179289304,0.35488937606151844
1774368233.8784454,base,878284274,1774368233,-0.012268207680696917,0.9379170265831941,0.34661525707788127,-0.004359574116532935,-0.21700377218442846,0.383377046608074,0.3548890515829509
1774368233.8793876,base,879306563,1774368233,-0.012266748802594454,0.9379164010860747,0.3466170158483008,-0.004358413929213608,-0.21700558378090556,0.38337521547556724,0.3548881530841197
1774368233.8804064,base,880360334,1774368233,-0.012268887951289779,0.9379172791056164,0.3466145631679,-0.004358502435679842,-0.2170032636861665,0.3833775981050142,0.3548891215882785
1774368233.8813946,base,881325090,1774368233,-0.012269671203962912,0.9379173761393481,0.3466142699878926,-0.004358732061911161,-0.2170031290241625,0.3833778481621496,0.35488944855567783
1774368233.8823767,base,882328260,1774368233,-0.012269778351518233,0.9379174692166371,0.3466140087740868,-0.004359174121375351,-0.21700429088245207,0.38337836130437863,0.3548901584385395
1774368233.883381,base,883303473,1774368233,-0.01226672673103544,0.9379151171726905,0.34662051344254013,-0.004356610502913248,-0.21700436718689964,0.38337509341364046,0.35488670639909947
1774368233.8844497,base,884373324,1774368233,-0.012267533599786192,0.9379164657454928,0.34661681409462736,-0.004358335663125636,-0.2170047247811385,0.3833752561924838,0.3548869089409272
1774368233.8853946,base,885335649,1774368233,-0.012267826064562793,0.9379179861596697,0.34661267727992856,-0.004359315391131214,-0.21700241956529692,0.3833781771977442,0.35488923676267664
1774368233.8863018,base,886246612,1774368233,-0.01226744587551389,0.9379180441747073,0.3466125338414903,-0.004359308106228043,-0.21700236328591851,0.3833782092262143,0.35488926982274926
1774368233.887328,base,887265139,1774368233,-0.012269363694698216,0.9379169984967753,0.3466152924023334,-0.004359554813495778,-0.21700240893997655,0.383378398348464,0.35489028159038155
1774368233.8883505,base,888298486,1774368233,-0.012268324029339266,0.9379164736220309,0.3466167608367912,-0.004358651274897429,-0.21700268045725596,0.38337732527168866,0.35488806746399665
1774368233.8893104,base,889248551,1774368233,-0.012266050402853357,0.9379167536060874,0.34661610028639345,-0.00435733115397098,-0.2170039744449755,0.3833761787142415,0.35488578601521925
1774368233.890364,base,890312677,1774368233,-0.012269365563272882,0.9379159456163062,0.34661814679650726,-0.00435912132197011,-0.2170063842209622,0.38337489792387974,0.35488828809506323
1774368233.8913844,base,891330767,1774368233,-0.012269996503903488,0.9379158629508086,0.3466183459808053,-0.004359293585530679,-0.21700672698260734,0.3833748845614792,0.35488882834489305
1774368233.8924198,base,892373952,1774368233,-0.012267473199796364,0.9379166476288074,0.3466163274700948,-0.004358065301921367,-0.21700469611667145,0.3833751927069728,0.35488838561164526
1774368233.8934236,base,893333917,1774368233,-0.012267194362632074,0.9379167228445828,0.34661613135750613,-0.0043582603987690795,-0.2170037237728967,0.38337704658211935,0.35488833241602025
1774368233.8945565,base,894424071,1774368233,-0.0122681533034914,0.9379171326637136,0.3466149725908715,-0.004359523624130001,-0.21700355861382023,0.3833765972052876,0.3548877433779348
1774368233.8955028,base,895330233,1774368233,-0.012268436771561581,0.9379167721158205,0.34661594464274836,-0.004359009341284374,-0.21700509842008497,0.38337641216363727,0.3548878837171445
1774368233.8965778,base,896411383,1774368233,-0.012268334227149052,0.9379167859078524,0.3466159112827165,-0.004358983049610331,-0.21700512610994513,0.38337646349904675,0.35488767713928976
1774368233.8974504,base,897297931,1774368233,-0.012266814884498644,0.9379168457761066,0.3466158026982316,-0.0043590115679297825,-0.21700326919748641,0.38337671370044374,0.354887992885328
1774368233.8985224,base,898333434,1774368233,-0.012266148243949438,0.9379157890771248,0.34661871065669086,-0.004357020746463874,-0.21700352353981642,0.3833757665374887,0.3548874242761437
1774368233.8994446,base,899295140,1774368233,-0.012270285445148913,0.937915320266891,0.34661982589050283,-0.004357568517819357,-0.2170064784961278,0.38337605632048904,0.3548895670190819
1774368233.9004877,base,900363395,1774368233,-0.012268629223346584,0.9379161803701406,0.34661754310496395,-0.004358686584781717,-0.21700333037867184,0.3833764319996804,0.3548885317867848
1774368233.9014192,base,901307995,1774368233,-0.01226784851272657,0.937916362040639,0.34661707707060235,-0.004358852183060533,-0.21700316505290237,0.38337641426500424,0.35488816419980784
1774368233.9025054,base,902360862,1774368233,-0.012265868416763595,0.9379171105899307,0.3466151259902836,-0.004358505404155047,-0.21700390934364366,0.3833757394668012,0.35488707737847647
1774368233.9033875,base,903306574,1774368233,-0.01226932653229231,0.9379138242765211,0.34662391302429413,-0.004357152414321437,-0.217008865041035,0.38337459149212316,0.35488900602745377
1774368233.9044342,base,904307065,1774368233,-0.0122701854024918,0.937914546748806,0.3466219167102862,-0.004358027450321488,-0.2170082121924166,0.3833751422266185,0.3548904441692915
1774368233.905335,base,905270642,1774368233,-0.01226869330127713,0.9379145516779364,0.3466219561096943,-0.004358033747441592,-0.21700843189675048,0.38337344776914556,0.3548885419253834
1774368233.906437,base,906292936,1774368233,-0.012268712799867803,0.9379145545769025,0.34662194527013557,-0.004358217088691483,-0.21700849078555248,0.38337342201406016,0.3548886774696265
1774368233.9073958,base,907320922,1774368233,-0.012266953719070365,0.9379156782535558,0.34661896245006535,-0.004358578055597593,-0.21700336332451048,0.38337583113580803,0.35488830331420956
1774368233.9085317,base,908406352,1774368233,-0.012270575322186401,0.937915450891482,0.34661944133209827,-0.0043592259536136034,-0.21700598986643205,0.3833762755951302,0.35489162097626903
1774368233.9094343,base,909344602,1774368233,-0.012271311020310621,0.9379159997656017,0.346617923885254,-0.004359719143595608,-0.21700593377177552,0.3833762459185215,0.3548908940849913
1774368233.9105337,base,910374337,1774368233,-0.012268931143692477,0.9379147272738577,0.34662145435070457,-0.0043594810699205296,-0.21700706364677105,0.38337444799898834,0.3548886659416763
1774368233.912564,base,912400223,1774368233,-0.012268852432782648,0.9379146363419185,0.34662170383598806,-0.004359429483990075,-0.2170073339362454,0.383374368114504,0.3548884620717467
1774368233.9125936,base,912487205,1774368233,-0.012270427441170864,0.9379149808301254,0.34662072543861877,-0.0043586742528092465,-0.21700796384766516,0.3833754471619126,0.35488942337510354
1774368233.913416,base,913336737,1774368233,-0.012272602002937671,0.9379141896070374,0.3466227761754133,-0.004359725943347093,-0.21700865014164186,0.38337510851334,0.35489263944753774
1774368233.914577,base,914380904,1774368233,-0.012269002074451307,0.9379153586328642,0.34661975654350907,-0.0043584403634024434,-0.2170066424325573,0.3833750150794786,0.3548890290544467
1774368233.9155679,base,915399844,1774368233,-0.012268353072944861,0.9379140635635443,0.34662330318717577,-0.004356899150602511,-0.21700888956884862,0.3833729738601063,0.3548879915039634
1774368233.9165998,base,916453696,1774368233,-0.012268233730064991,0.9379137622233913,0.34662412866843856,-0.004356431791508001,-0.21700915619003547,0.38337259045443706,0.35488810384796415
1774368233.9174623,base,917380494,1774368233,-0.012267640596861244,0.9379137950434568,0.34662405277547903,-0.004357074576897009,-0.2170086441379508,0.38337267419341714,0.35488807232893516
1774368233.9184875,base,918378014,1774368233,-0.012270187370422783,0.9379140575534809,0.34662323256339383,-0.004358645748818828,-0.21700881050706786,0.3833746108498721,0.35488917258697694
1774368233.91946,base,919377324,1774368233,-0.012267197022850694,0.9379148692581434,0.34662114448522047,-0.00435845126602812,-0.21700773453359773,0.38337309117617485,0.3548873015161461
1774368233.9205742,base,920467656,1774368233,-0.01226618865783418,0.9379139531981596,0.34662366410615125,-0.004358037819592884,-0.21700814936376825,0.3833724509313558,0.3548868878743295
1774368233.9214785,base,921388046,1774368233,-0.012266286988419126,0.9379139725718739,0.34662360783148116,-0.0043580674445625215,-0.21700817681987375,0.3833725843582249,0.35488706958916477
1774368233.9225736,base,922423140,1774368233,-0.01227119225202151,0.9379157151481988,0.34661870115870813,-0.00435948687426725,-0.21700668656230435,0.3833765797566371,0.3548907730925913
1774368233.9234886,base,923395031,1774368233,-0.012267655732112755,0.9379139255536773,0.3466236901051691,-0.00435778994506321,-0.2170092086788082,0.3833728293210796,0.3548881951241936
1774368233.9245844,base,924483361,1774368233,-0.012270201186919249,0.9379150143310915,0.3466206537945609,-0.004357799693917015,-0.2170057654648635,0.383375313100375,0.3548891429691773
1774368233.925524,base,925405697,1774368233,-0.012268908067401925,0.9379148013943917,0.3466212900885136,-0.00435665898679185,-0.21700781619114365,0.3833749506029336,0.3548890394277751
1774368233.9264796,base,926337323,1774368233,-0.0122688600434977,0.9379148031381872,0.3466212880898138,-0.004356577836663043,-0.2170076422952716,0.3833749012924639,0.3548892674406594
1774368233.9275038,base,927398294,1774368233,-0.012270678611475459,0.9379154750695665,0.34661937887742017,-0.004358699126433827,-0.2170057370457327,0.3833759702790762,0.35489098681688985
1774368233.9285598,base,928476364,1774368233,-0.012270945364105461,0.9379150207992304,0.3466205974429611,-0.004358794252451372,-0.21700844095177205,0.383374867681575,0.3548904302855942
1774368233.9294674,base,929358797,1774368233,-0.012267167887899047,0.9379140739458259,0.34662330036457983,-0.004358225638964541,-0.21700890646075618,0.3833733033488761,0.3548881004978389
1774368233.9304395,base,930358235,1774368233,-0.012267906207687473,0.9379142844957155,0.34662271917611626,-0.004357059458481692,-0.21700649886429302,0.3833749893205063,0.35488820161580154
1774368233.931431,base,931343991,1774368233,-0.012268157638313229,0.937914323375624,0.3466226088993476,-0.004356755078826299,-0.21700639450033696,0.38337505343648576,0.3548884488891475
1774368233.9325676,base,932465913,1774368233,-0.012270231496220706,0.937914147686966,0.34662301392185557,-0.004356513214753578,-0.21700734302305044,0.38337517997207,0.3548888179039945
1774368233.9334838,base,933395157,1774368233,-0.012268284745725931,0.9379154158617524,0.346619625749079,-0.00435854606976716,-0.2170074709625323,0.38337475409923244,0.35488829443658315
1774368233.9344773,base,934358825,1774368233,-0.012267377135225228,0.9379139162686474,0.3466237394683795,-0.004356646048045681,-0.2170086044945647,0.38337436550118953,0.3548868500368744
1774368233.9353766,base,935325132,1774368233,-0.012269700126315519,0.9379143609516929,0.34662242799155757,-0.004358714561123228,-0.21700760538245475,0.3833751606752219,0.3548897744344182
1774368233.936371,base,936275486,1774368233,-0.012269217990662792,0.9379143658449732,0.3466224289428896,-0.004358943134614604,-0.2170076381237428,0.38337500812268105,0.3548896887395607
1774368233.937418,base,937368822,1774368233,-0.012269906636825464,0.9379146183324362,0.3466217415880694,-0.004357334953593755,-0.21700757480250263,0.3833751268861306,0.3548898337911246
1774368233.9384909,base,938376493,1774368233,-0.012267754085068232,0.9379153112706162,0.34661992438183686,-0.004358797469632015,-0.21700677515164468,0.3833752011207485,0.35488909095707544
1774368233.9394345,base,939326370,1774368233,-0.012269313044546653,0.9379160327489181,0.3466179156883066,-0.004358898236880375,-0.21700713303523406,0.3833758357026082,0.3548902278429037
1774368233.9404802,base,940335313,1774368233,-0.012270835702115394,0.9379146699626182,0.34662155776733194,-0.004358227969341623,-0.21700748541659118,0.38337573358276217,0.354891118457159
1774368233.9413161,base,941228739,1774368233,-0.012270837397831533,0.9379147224220175,0.34662141523271317,-0.004358269800847857,-0.21700740620815648,0.3833757770467511,0.354891128248167
1774368233.9425626,base,942419595,1774368233,-0.012270298207458164,0.9379163315108303,0.346617067659228,-0.004359274536484972,-0.21700561991075457,0.38337566800082595,0.35489020380674907
1774368233.9434457,base,943314007,1774368233,-0.012265627617190222,0.9379157784062347,0.34661874316966296,-0.004358196790698205,-0.21700612504878403,0.3833732345246867,0.354886447520006
1774368233.944521,base,944364333,1774368233,-0.012266374318310442,0.9379149861461166,0.34662087186637414,-0.004357293908808506,-0.21700577516146408,0.3833753878949182,0.35488724800983384
1774368233.9453583,base,945288502,1774368233,-0.012266547059868644,0.9379147099222127,0.346621607090007,-0.004357778459328183,-0.2170068467985242,0.38337554957068865,0.35488727957263033
1774368233.9464679,base,946326583,1774368233,-0.012266492699669555,0.9379148240204747,0.3466213003783198,-0.004357770477392878,-0.21700686781454992,0.3833755251020248,0.35488726070778515
1774368233.947348,base,947267852,1774368233,-0.012266360486970196,0.9379152718327133,0.34662008588016646,-0.004358362972166801,-0.21700700780552906,0.38337544095488807,0.3548872687740906
1774368233.9484527,base,948277821,1774368233,-0.012263692198656669,0.9379163696526149,0.3466172179816952,-0.004357704664837045,-0.2170052465728583,0.38337403864524755,0.35488510128680073
1774368233.949427,base,949266388,1774368233,-0.012263349716744233,0.9379172639002297,0.3466147996840544,-0.004358551550067015,-0.21700395512469295,0.3833746871323164,0.35488494549609356
1774368233.9504714,base,950329223,1774368233,-0.012266295696273343,0.9379163149413859,0.3466172677492781,-0.0043581939708828045,-0.21700462257992537,0.38337625742224807,0.35488746948855043
1774368233.951473,base,951372116,1774368233,-0.012266619316548466,0.9379163177685242,0.3466172478526691,-0.004358257119180511,-0.2170047091017001,0.38337644078322564,0.3548877650781564
1774368233.9524426,base,952348716,1774368233,-0.012265635259484427,0.9379156208809056,0.3466191821909278,-0.004357159230401171,-0.21700446083751027,0.3833765944946613,0.35488696266237685
1774368233.9534373,base,953344313,1774368233,-0.012263089369708446,0.9379172201488745,0.3466149391428531,-0.00435760832504153,-0.21700287247283387,0.3833756617571449,0.35488454449108564
1774368233.9545784,base,954408793,1774368233,-0.012262815886596471,0.9379157424252342,0.3466189485116755,-0.004357521097321209,-0.21700351236164503,0.38337506196454135,0.3548842957981796
1774368233.9555001,base,955417381,1774368233,-0.012263074044452807,0.9379151374422964,0.34662058117878086,-0.0043571406751093875,-0.2170047716825908,0.38337395639852534,0.35488354363140123
1774368233.9565194,base,956410661,1774368233,-0.012263573970344544,0.9379152687190787,0.34662020646775843,-0.00435728417029933,-0.21700483917777125,0.38337407050774325,0.3548836125595894
1774368233.9573445,base,957262515,1774368233,-0.012265983394143481,0.9379172091688028,0.3466148525065322,-0.004358717501004886,-0.21700351506547683,0.383376488745264,0.354886753513338
1774368233.958541,base,958341996,1774368233,-0.012262489191290268,0.9379152083353491,0.3466204066936692,-0.004357406982086128,-0.21700583804295118,0.38337437011397807,0.3548844055654199
1774368233.959574,base,959461645,1774368233,-0.01226487122207061,0.9379159524840136,0.34661830030933216,-0.004358084508279929,-0.21700489369354367,0.3833759783126628,0.3548852560003747
1774368233.9604573,base,960313139,1774368233,-0.012268643162333587,0.9379165903743951,0.34661642126871944,-0.004359633274725837,-0.2170058373680149,0.3833767783470959,0.3548887463379056
1774368233.9616413,base,961483930,1774368233,-0.012269022725459964,0.9379168123634876,0.3466158005000367,-0.004360161808384373,-0.21700584738500925,0.383377046558993,0.35488905761455314
1774368233.9624617,base,962304233,1774368233,-0.01226688712120496,0.9379164883046437,0.3466167588310484,-0.004359695413635239,-0.21700487992019588,0.3833757749395266,0.35488793977158994
1774368233.9634707,base,963293115,1774368233,-0.012270751027361259,0.9379173060480887,0.34661440971176716,-0.004359663391098917,-0.21700401555521462,0.3833781311427611,0.3548899115206264
1774368233.9645357,base,964343964,1774368233,-0.012266158383628047,0.9379167826308602,0.346615976357822,-0.004360636581631957,-0.21700486438862596,0.3833752719455069,0.35488730848729577
1774368233.9653804,base,965278642,1774368233,-0.012267088998862535,0.9379159329943905,0.34661826027761217,-0.00435922067319238,-0.2170034516875856,0.3833766223578486,0.35488815835994714
1774368233.9664438,base,966321883,1774368233,-0.012266792311547191,0.9379156717634974,0.34661898281121173,-0.004358809669359129,-0.21700340851479272,0.38337663480177886,0.35488792883926323
1774368233.9674199,base,967273037,1774368233,-0.012268662852122237,0.937917097394331,0.34661505724243247,-0.0043589471250761605,-0.21700406575270387,0.3833779462027403,0.35488900750551744
1774368233.9684303,base,968248979,1774368233,-0.012265576048728433,0.9379173388621411,0.3466145169041408,-0.0043586439704828995,-0.21700342015193697,0.38337659829666826,0.354887049318115
1774368233.9694018,base,969290997,1774368233,-0.012268914450090065,0.9379166289056968,0.3466163128073006,-0.004359203626947177,-0.2170037866226744,0.38337753503826094,0.3548903066240181
1774368233.9705536,base,970383073,1774368233,-0.012264903402207154,0.9379173728276476,0.34661445051370804,-0.004358507508106831,-0.21700306564979052,0.3833762634298887,0.3548862395625494
1774368233.9714572,base,971319337,1774368233,-0.01226486177731082,0.9379173791981784,0.34661443487350685,-0.004358497553451138,-0.2170030593590798,0.3833762537260965,0.35488623106591577
1774368233.9724183,base,972326513,1774368233,-0.012270312652814305,0.9379161371819851,0.3466175851017975,-0.004359901286026253,-0.21700616663486624,0.3833766585827907,0.3548906175646712
1774368233.9734037,base,973283860,1774368233,-0.012267360178644798,0.9379165501575722,0.3466165848265261,-0.004358891827215352,-0.217005764487275,0.38337585075174924,0.35488867207360864
1774368233.9744725,base,974370565,1774368233,-0.012266684379486952,0.9379163262292133,0.34661722067822415,-0.004358414428806312,-0.2170047681785402,0.3833760567174901,0.35488824062486957
1774368233.9753861,base,975293807,1774368233,-0.012267366765090259,0.9379145723487087,0.3466219433858994,-0.004358331328839048,-0.21700701737762243,0.38337464901939167,0.35488807098035285
1774368233.9764655,base,976369641,1774368233,-0.012267731249334661,0.9379145842467611,0.3466218965968635,-0.004358466107784849,-0.2170072652190824,0.38337453157106893,0.3548884384374529
1774368233.9773622,base,977284946,1774368233,-0.012272324705458963,0.9379164934214372,0.3466165465696647,-0.004360167253483982,-0.21700579095999833,0.383377046637212,0.35489185242681087
1774368233.9784873,base,978361756,1774368233,-0.01227008798438981,0.9379167467796531,0.3466159538013335,-0.00435908494059211,-0.21700491108972156,0.38337710345578585,0.3548893373944936
1774368233.9793816,base,979289197,1774368233,-0.012269014166265343,0.9379163100797311,0.34661716979756596,-0.00435937831979183,-0.21700495668342118,0.3833757851361972,0.3548877427850956
1774368233.980442,base,980344125,1774368233,-0.012272218631719229,0.9379155103951888,0.3466192263019985,-0.004358895248997316,-0.21700693455741044,0.38337637838399824,0.3548910043118554
1774368233.981347,base,981271298,1774368233,-0.01227223233638083,0.937915417870338,0.34661947684204425,-0.004358842545737805,-0.21700724578907662,0.3833764395668034,0.35489099983034156
1774368233.9824488,base,982357663,1774368233,-0.012267104767025545,0.9379152681795929,0.3466200657566581,-0.004358654733637511,-0.21700827022588595,0.38337283171852177,0.3548873620443347
1774368233.9833686,base,983284927,1774368233,-0.012266896137592222,0.9379155116242014,0.3466194252201082,-0.004357794619291535,-0.21700735659815368,0.3833748875224564,0.3548877539220783
1774368233.9844425,base,984342548,1774368233,-0.012268808733747595,0.937915879669006,0.3466183594159563,-0.004357971174779037,-0.21700631962359818,0.3833762738823869,0.3548880909349625
1774368233.9853592,base,985284210,1774368233,-0.012267337010752293,0.9379157124441463,0.3466188513454472,-0.004358977519677563,-0.21700617948255538,0.38337573740960323,0.35488837658261974
1774368233.9864843,base,986377907,1774368233,-0.012266835096725982,0.937915821278105,0.3466185742907467,-0.004359003277984605,-0.21700578755266636,0.38337560037112417,0.35488821091087
1774368233.9874802,base,987345322,1774368233,-0.012267367862676817,0.9379152864619787,0.34662001339387005,-0.004358144272459548,-0.2170074951746157,0.3833739616966602,0.35488833340919756
1774368233.988523,base,988416924,1774368233,-0.012268551005502362,0.9379156639090059,0.3466189557216633,-0.004357704071844649,-0.21700559766748134,0.3833755073639612,0.35488872309143793
1774368233.9893653,base,989269619,1774368233,-0.012272394344563198,0.9379156904470729,0.346618718595172,-0.004360030926854153,-0.21700524119563466,0.38337604169879913,0.3548915395767426
1774368233.9904873,base,990347196,1774368233,-0.01227116287493955,0.9379155181004932,0.3466192442024514,-0.004358786127056725,-0.21700698755889827,0.3833758666067661,0.3548902157282403
1774368233.9914203,base,991331774,1774368233,-0.012271113510137736,0.9379155401507234,0.34661918564263844,-0.004358837165132762,-0.21700704393188622,0.38337591256715264,0.35489005614288305
1774368233.992508,base,992416156,1774368233,-0.012269809369135437,0.9379156491086575,0.3466189354583057,-0.004358958233536718,-0.21700813501423982,0.3833759775541295,0.3548892902310809
1774368233.9933274,base,993251869,1774368233,-0.012269209025322173,0.9379146388506797,0.3466216984242713,-0.004358316299384972,-0.21700664453322044,0.38337555353185754,0.35488834908277783
1774368233.9944155,base,994313915,1774368233,-0.012270769128707925,0.9379149276838354,0.34662087004886377,-0.004357648377787565,-0.21700738842065495,0.3833752096937437,0.3548893165123291
1774368233.9954302,base,995327584,1774368233,-0.012268342992404004,0.937915640712658,0.3466190215286683,-0.004358047876471984,-0.2170076705638458,0.383375252369352,0.3548884036913323
1774368233.9964964,base,996404738,1774368233,-0.012268113781245326,0.9379158609007101,0.3466184302048852,-0.004358336544072655,-0.21700739271912783,0.38337522509693645,0.35488861530296445
1774368233.9973752,base,997268941,1774368233,-0.01226783193511185,0.9379163434051271,0.34661713542495964,-0.004358268344522812,-0.21700585639719852,0.3833760480486633,0.3548884663480725
1774368233.9984608,base,998363373,1774368233,-0.012269593251409364,0.9379143656914617,0.34662242394864573,-0.004358316990913135,-0.21700835547819797,0.3833749910271767,0.3548891719355757
1774368233.999412,base,999330895,1774368233,-0.01226655893935222,0.9379155477223969,0.3466193290835261,-0.004358621120237018,-0.2170062533250584,0.38337405382769835,0.3548876205498727
1774368234.0004106,base,339209,1774368234,-0.012268183891000433,0.9379150802187046,0.3466205514388731,-0.004357439909983846,-0.2170075810537551,0.3833740942822888,0.3548885293572199
1774368234.001442,base,1349904,1774368234,-0.012268435091552125,0.937914895448764,0.34662104728686804,-0.004357060189296422,-0.21700776201216715,0.38337416987304607,0.35488876883945253
1774368234.0024927,base,2383602,1774368234,-0.012267924097165778,0.9379155186272156,0.34661936797181764,-0.0043579471549140235,-0.21700731289628877,0.38337466660258335,0.35488799694377626
1774368234.0034297,base,3332430,1774368234,-0.012267437357011133,0.9379148640376561,0.346621174068677,-0.004356545095470007,-0.21700623161594956,0.3833746000612249,0.3548869626169811
1774368234.0045097,base,4392886,1774368234,-0.012266590293428716,0.9379158304310237,0.34661856561439314,-0.004358412655668335,-0.21700557880261534,0.38337445404525033,0.3548876022293357
1774368234.005439,base,5356735,1774368234,-0.01226569391559117,0.9379165296472469,0.34661670622869456,-0.004358340326885726,-0.21700488390006195,0.3833748772631193,0.35488708794120954
1774368234.0064738,base,6391169,1774368234,-0.012265102378787078,0.9379165581961736,0.34661665083483284,-0.004358266756992343,-0.21700482879090993,0.38337471027941983,0.35488665052377355
1774368234.0074084,base,7326216,1774368234,-0.012268556857166355,0.9379171927061674,0.34661480175799314,-0.004359052774595592,-0.2170044942217842,0.3833774905726455,0.3548886740637781
1774368234.0084813,base,8395413,1774368234,-0.012267260566751752,0.9379165803770645,0.34661649747250983,-0.0043596160232996116,-0.2170031644683892,0.38337697222343703,0.354887825555417
1774368234.0094144,base,9327113,1774368234,-0.012266903647481085,0.9379154874343965,0.34661949077867105,-0.0043577652457174555,-0.21700691380476506,0.38337595585077555,0.35488665571909805
1774368234.0103943,base,10306499,1774368234,-0.012266327393311138,0.9379157830367121,0.3466187225041877,-0.004356874163471566,-0.2170056965560804,0.38337540100389966,0.3548859117589262
1774368234.0114052,base,11330199,1774368234,-0.012266566081323255,0.937915755625707,0.3466187930100395,-0.004356493761642801,-0.21700547964949404,0.38337558145116224,0.35488594698884945
1774368234.012495,base,12406805,1774368234,-0.012266556429200711,0.9379155633635697,0.3466192999462708,-0.004357579434046568,-0.21700704796586956,0.3833764897722592,0.3548867729742232
1774368234.0133693,base,13296485,1774368234,-0.012265599829927617,0.9379160540329551,0.3466180026728157,-0.0043578516692180155,-0.21700498447504513,0.3833752273815953,0.35488513404017524
1774368234.0145035,base,14401054,1774368234,-0.012268334512747767,0.9379163317710597,0.3466171348662655,-0.0043594016222284915,-0.21700581382992695,0.38337563017868326,0.35488808118415544
1774368234.015399,base,15323121,1774368234,-0.012267414234308433,0.9379171484409194,0.34661496542091025,-0.004358779039968664,-0.21700348453096857,0.3833765892162429,0.3548867993745518
1774368234.0164273,base,16340232,1774368234,-0.012266967039994914,0.9379171616208212,0.34661494690265016,-0.0043586741625336635,-0.21700340926211087,0.38337646917766854,0.35488636292864195
1774368234.0174375,base,17363762,1774368234,-0.01227001512789573,0.9379159994248716,0.3466179718620424,-0.004359625425418488,-0.21700579302076445,0.38337583193605856,0.35488886846524853
1774368234.0183852,base,18301617,1774368234,-0.012269104387167612,0.9379154007657734,0.3466196446766089,-0.00435798212213932,-0.21700635064363488,0.3833769681727949,0.3548884108844385
1774368234.0193567,base,19284522,1774368234,-0.012266059857698424,0.937917011371839,0.3466153899608497,-0.0043583250421436025,-0.2170044723867991,0.3833763810931985,0.3548863945447931
1774368234.0204935,base,20403161,1774368234,-0.0122648615060593,0.9379166424838956,0.3466164355620095,-0.0043579263716731235,-0.21700580763818358,0.38337586940823676,0.35488600053614616
1774368234.0213099,base,21235003,1774368234,-0.012264577955067753,0.937916682560799,0.3466163378596939,-0.004357869945742251,-0.21700569859380262,0.38337579951109285,0.35488587340444716
1774368234.0224743,base,22372874,1774368234,-0.012262818580162349,0.9379170208928881,0.346615498825581,-0.004356738892043446,-0.2170038064984606,0.38337581342210636,0.35488352802610307
1774368234.023381,base,23307544,1774368234,-0.012267476747355592,0.9379155056587077,0.3466194035141842,-0.004359170413584706,-0.21700554960927382,0.3833750350883628,0.35488707024708627
1774368234.024467,base,24374276,1774368234,-0.012264524873936766,0.9379161174934184,0.34661786578190557,-0.00435810698418766,-0.21700357344163004,0.38337576011665603,0.35488535790618053
1774368234.0253751,base,25303572,1774368234,-0.012266253182244178,0.9379155682821245,0.3466192905874303,-0.004358118809207502,-0.217007154864921,0.3833758463085473,0.3548869678739024
1774368234.0264566,base,26338697,1774368234,-0.012266340272346304,0.9379157209635384,0.3466188737079939,-0.004358171080958638,-0.21700719570256374,0.3833760149009251,0.35488717367592015
1774368234.0273838,base,27311609,1774368234,-0.012267266574613833,0.9379167491573812,0.34661605944108137,-0.004358114084577388,-0.2170060043313397,0.3833770242502866,0.35488742569037246
1774368234.0284333,base,28354119,1774368234,-0.012264935838703677,0.9379160726946727,0.3466179794716496,-0.004357549410490137,-0.2170054695021575,0.38337494385286314,0.354886036485097
1774368234.0294056,base,29332430,1774368234,-0.012269520063423885,0.937916485655271,0.34661668448029304,-0.004358767413858374,-0.21700680178737733,0.38337669695871146,0.35488909327410073
1774368234.0304272,base,30349220,1774368234,-0.012262438553113231,0.9379167694119938,0.34661618171206354,-0.004357617680548849,-0.2170038065008888,0.38337458802456525,0.35488381938622104
1774368234.0313773,base,31299164,1774368234,-0.012262055157117731,0.9379168619744574,0.34661594557612607,-0.004357556617935883,-0.2170034604038747,0.3833746514657817,0.3548837639562909
1774368234.032477,base,32374812,1774368234,-0.012267350192559442,0.9379156943237811,0.3466189100952347,-0.004358167594783718,-0.21700738004171516,0.3833752031731154,0.35488805105861837
1774368234.0334172,base,33303706,1774368234,-0.012265444905316612,0.9379157304196597,0.3466188849785632,-0.004357759613431886,-0.21700486323517953,0.383374966835834,0.35488688076442126
1774368234.0343988,base,34303675,1774368234,-0.012263188027783964,0.9379157319994575,0.3466189624451266,-0.004357609525974366,-0.21700623638582442,0.3833747010477125,0.3548849479410555
1774368234.0353763,base,35308029,1774368234,-0.012264457522757496,0.9379154766825988,0.34661963027926174,-0.004355867995459638,-0.21700588146553054,0.383374643696537,0.35488599111145774
1774368234.0364232,base,36321828,1774368234,-0.012264391708528171,0.9379153832999172,0.346619890995747,-0.004355414042967721,-0.21700578453145336,0.3833746804332964,0.35488585206131823
1774368234.0373924,base,37344542,1774368234,-0.012266089706838462,0.9379153031046203,0.3466200292347827,-0.004356900130867467,-0.21700602750354775,0.3833765608072873,0.3548865335030164
1774368234.0384436,base,38331700,1774368234,-0.012263316564475714,0.9379170161770837,0.3466154927268011,-0.004356837622938193,-0.21700393772350865,0.38337546946881196,0.3548849075021845
1774368234.0393674,base,39306569,1774368234,-0.012265172172493259,0.9379155620757408,0.3466193588850241,-0.004357064821797128,-0.21700714350234704,0.3833749762816215,0.3548863264656129
1774368234.0404246,base,40322868,1774368234,-0.012264843235052133,0.9379153279363048,0.34662001677833926,-0.004356054537888929,-0.21700557267968257,0.3833757009577378,0.35488611502617734
1774368234.0413182,base,41256280,1774368234,-0.012264906063051608,0.9379150141000323,0.3466208699230068,-0.0043555641217642455,-0.2170060053394636,0.38337544168508964,0.3548860838069524
1774368234.042353,base,42243593,1774368234,-0.012267502328524655,0.9379155746656942,0.34661922510527565,-0.004358437054564271,-0.2170063746997295,0.3833755299643233,0.35488792408645936
1774368234.0433598,base,43299147,1774368234,-0.012264069933367405,0.9379153038041669,0.34662008189337995,-0.004358245843619173,-0.21700592180696693,0.3833747409853155,0.35488515045905744
1774368234.044364,base,44269737,1774368234,-0.012265985865130885,0.9379144876912371,0.34662224036579287,-0.004356816893018201,-0.21700853685923702,0.38337525206688816,0.354886889765362
1774368234.0453517,base,45264847,1774368234,-0.012265191862717132,0.937914917360056,0.34662109765537513,-0.004357467410427563,-0.21700748657912006,0.3833736032481283,0.354886602230934
1774368234.0464125,base,46357108,1774368234,-0.012265470697574278,0.9379149996721362,0.3466208634981304,-0.004357591811338893,-0.21700738709355663,0.38337363878181885,0.35488689184132577
1774368234.0473475,base,47288990,1774368234,-0.012265320616429494,0.9379144933583793,0.3466222431405349,-0.004357248982398398,-0.21700741516880567,0.3833738225170185,0.3548861653510593
1774368234.0483928,base,48343605,1774368234,-0.012268977351915174,0.9379149596202497,0.3466208577300176,-0.004356799489343525,-0.21700783671640833,0.38337506771346713,0.3548883988718429
1774368234.0493853,base,49326701,1774368234,-0.012270595683236568,0.9379154157328051,0.34661954457038874,-0.004358524309226343,-0.21700676367827992,0.3833763311348949,0.3548899578766419
1774368234.0503914,base,50342303,1774368234,-0.01226856455514155,0.9379143574953351,0.3466224893659525,-0.004357773929324263,-0.2170072789954291,0.3833746271520979,0.3548873506703245
1774368234.0513718,base,51325209,1774368234,-0.012268804555813924,0.9379144700113967,0.3466221743495151,-0.004357938414703959,-0.21700740441711133,0.3833746414190393,0.3548875462610828
1774368234.052424,base,52384419,1774368234,-0.012269027526082579,0.937915173909513,0.34662025166161003,-0.004358744302474175,-0.21700685361290686,0.38337538523549664,0.35488962441378324
1774368234.0533137,base,53260504,1774368234,-0.012268168714285724,0.9379143920111268,0.34662240978459613,-0.004357789567626431,-0.21700915166784418,0.38337362861882734,0.3548879384138744
1774368234.054399,base,54338123,1774368234,-0.012266685163575382,0.9379139621974819,0.346623640888397,-0.00435654994114658,-0.21700792392217455,0.3833734762927363,0.35488705484165367
1774368234.055348,base,55292679,1774368234,-0.012268164926993085,0.9379151691505256,0.3466203015044996,-0.004358232622843681,-0.2170067790067503,0.38337575363851784,0.3548892181919983
1774368234.05641,base,56365000,1774368234,-0.012268206828482163,0.9379152088599927,0.3466201885721492,-0.004358550738203759,-0.21700694409748686,0.38337579109832526,0.3548894161833908
1774368234.0573761,base,57314445,1774368234,-0.012266942901463724,0.937914390350406,0.3466224593601761,-0.004357654481647482,-0.21700753924123917,0.3833749377572216,0.3548879342597656
1774368234.0584085,base,58353801,1774368234,-0.012266888545776794,0.9379156605048317,0.3466190136082193,-0.004358512413200735,-0.21700738723235946,0.3833746236294233,0.3548883135851496
1774368234.0593507,base,59292889,1774368234,-0.012269452240705369,0.9379150986791039,0.34662044114598717,-0.0043586685169791,-0.2170084908751073,0.383375641218222,0.3548903257400364
1774368234.0604029,base,60348955,1774368234,-0.012265256650749599,0.9379143412528101,0.34662264790717634,-0.004357970791111129,-0.21700758533912712,0.38337272256251503,0.35488676975101535
1774368234.061376,base,61321195,1774368234,-0.012264585206209483,0.9379143985069356,0.34662251820000434,-0.004357854951747872,-0.2170073896876505,0.3833726287578955,0.3548861646753594
1774368234.0624132,base,62361572,1774368234,-0.012267439683988534,0.9379154340609404,0.3466196043892378,-0.0043587070245469815,-0.21700702618183407,0.3833754769947299,0.35488739317027873
1774368234.0633535,base,63290706,1774368234,-0.012267463734219526,0.9379153340918096,0.34661987900130137,-0.00435831275861985,-0.21700673167279125,0.38337495943803085,0.3548878102627351
1774368234.0644498,base,64402937,1774368234,-0.012265757977455001,0.9379151289335166,0.3466204963572196,-0.004358165203180577,-0.2170053645520303,0.3833748265039236,0.3548868312149849
1774368234.0654042,base,65353079,1774368234,-0.012267060091621419,0.9379157286918587,0.3466188150534638,-0.004359146712479187,-0.2170058659408372,0.38337525852501153,0.3548876771738688
1774368234.0664437,base,66405328,1774368234,-0.012267269021975186,0.9379158162212974,0.34661857038956695,-0.004359180401512324,-0.21700573333620893,0.3833754886438369,0.35488789555047556
1774368234.0673714,base,67321669,1774368234,-0.012264671733873366,0.9379163009761858,0.3466173525432745,-0.004359025843065063,-0.2170042380834307,0.3833761064529952,0.35488621140510207
1774368234.0683906,base,68320844,1774368234,-0.012264357485583735,0.9379173715857076,0.34661447457675426,-0.00435839730908156,-0.21700479669314116,0.3833756851943633,0.35488582489323406
1774368234.0693965,base,69315886,1774368234,-0.012263819116046975,0.9379161486510509,0.34661781176491047,-0.004357683739527039,-0.21700479586871355,0.3833752847787577,0.3548849249936137
1774368234.0703812,base,70301985,1774368234,-0.012267401683413271,0.9379159537463395,0.3466182040551092,-0.0043583462050162305,-0.2170046518508361,0.3833772108387313,0.354888166753939
1774368234.0713491,base,71288038,1774368234,-0.012267958829468052,0.9379159677677789,0.34661814486866677,-0.004358467642798669,-0.21700465197253818,0.38337737465304417,0.35488867103461796
1774368234.0723987,base,72344864,1774368234,-0.01226706759623016,0.9379157879717595,0.3466186657186494,-0.004358245211782903,-0.21700506828909752,0.3833764182587022,0.35488667529602386
1774368234.0733624,base,73302702,1774368234,-0.01227071022232425,0.9379157026598802,0.3466187604789506,-0.00435881390962462,-0.2170049698530317,0.38337636537300185,0.35488979840042983
1774368234.0744052,base,74346405,1774368234,-0.012268722841878497,0.9379155133717128,0.34661936900492607,-0.004356747311073139,-0.21700480821986637,0.3833767090904048,0.3548887792362045
1774368234.0753367,base,75281811,1774368234,-0.012267503024374083,0.9379161439742807,0.346617687861966,-0.004358176589824283,-0.21700503947697874,0.3833765938049826,0.35488804031083493
1774368234.0764236,base,76370687,1774368234,-0.012266927227056449,0.9379162436109382,0.34661743517927707,-0.0043584512034780054,-0.21700496914269704,0.3833763372790358,0.3548877040521462
1774368234.0774064,base,77325711,1774368234,-0.01226577381503443,0.9379151541093039,0.3466204484099949,-0.004356515682643756,-0.21700427923578366,0.38337520865790287,0.35488665850015977
1774368234.078423,base,78348828,1774368234,-0.01226794358427772,0.9379177022018728,0.34661345773160157,-0.0043580243133033774,-0.21700313623233486,0.3833773950451712,0.35488738096318545
1774368234.079357,base,79286089,1774368234,-0.012270996318330885,0.9379155891046261,0.34661905829310835,-0.00435876036004791,-0.2170054664882693,0.38337715006808554,0.3548892397650303
1774368234.0804305,base,80354881,1774368234,-0.012266269296954633,0.9379164801164424,0.34661681750290735,-0.004358530448909431,-0.21700324410781285,0.38337622831576273,0.3548869478895713
1774368234.081338,base,81279154,1774368234,-0.012265112126520242,0.9379165058716245,0.34661679181937083,-0.004358287155956377,-0.21700307689031995,0.38337594833855604,0.3548862483846028
1774368234.0824218,base,82347703,1774368234,-0.012263252175872742,0.9379161120890459,0.34661792364455785,-0.004358249439226923,-0.21700310158237168,0.3833756857882308,0.35488384899542647
1774368234.0833707,base,83293838,1774368234,-0.012266048668380299,0.9379175013404054,0.3466140588870886,-0.004358774053957363,-0.21700180931556795,0.38337703651521543,0.3548863306059232
1774368234.0843806,base,84333830,1774368234,-0.012263599849463368,0.9379164674411085,0.3466169497929859,-0.0043582493883455595,-0.21700402963737592,0.3833758976694532,0.3548844305325294
1774368234.085337,base,85289996,1774368234,-0.012259683186908038,0.9379165452112551,0.346616897409165,-0.00435669801392289,-0.21700271895313383,0.3833752322945393,0.35488220733510534
1774368234.0864165,base,86348643,1774368234,-0.012259603110417674,0.937916565015724,0.3466168475696206,-0.004356625021583416,-0.21700279220688642,0.38337537941481636,0.35488216168293363
1774368234.0874348,base,87340254,1774368234,-0.01226328060962068,0.9379163777229665,0.3466172112400262,-0.004357662206535509,-0.217003802516573,0.38337573954058,0.3548850086741504
1774368234.088493,base,88407940,1774368234,-0.012264115928154557,0.9379167582206219,0.34661614979229727,-0.004357844947214372,-0.217003398854819,0.3833764742454828,0.35488604153596265
1774368234.089347,base,89275040,1774368234,-0.01226465885165586,0.9379165407495936,0.34661671972312974,-0.004357790718434066,-0.21700567562197065,0.38337530571763306,0.354886253996388
1774368234.0904996,base,90413188,1774368234,-0.012263980368361026,0.9379162761425247,0.34661745846093955,-0.004357891983827366,-0.21700421788912344,0.3833755313092953,0.3548853907064102
1774368234.0914104,base,91329129,1774368234,-0.012263652875629768,0.9379163038301794,0.3466173957852795,-0.0043578396840199375,-0.21700415356891148,0.3833753265843833,0.35488509366772275
1774368234.092522,base,92411887,1774368234,-0.012264118048561203,0.9379159573979977,0.3466183146699253,-0.004358004367698334,-0.21700477560043405,0.38337481092179865,0.35488435687996894
1774368234.0934033,base,93327387,1774368234,-0.012264663498304863,0.9379156174326536,0.34661923847964776,-0.004356158971689237,-0.217005365631526,0.38337523697777687,0.354885572245763
1774368234.0943816,base,94302256,1774368234,-0.012265027399925429,0.9379164007730945,0.34661710026561315,-0.004356611892394958,-0.21700235273163476,0.38337683477320056,0.3548850081224638
1774368234.0953455,base,95268812,1774368234,-0.012264885619296275,0.9379154720371646,0.3466196072956324,-0.004357491511164839,-0.21700555133806587,0.3833754722670317,0.3548859704516457
1774368234.0964062,base,96327737,1774368234,-0.012264764913676746,0.9379155778583388,0.34661932029925024,-0.0043578833803088555,-0.2170055492838054,0.38337540472070514,0.35488622584597795
1774368234.097374,base,97302824,1774368234,-0.012264835824752197,0.9379162115758186,0.3466176068226955,-0.004357580287645208,-0.21700486801057722,0.38337610664050686,0.35488548914161006
1774368234.098453,base,98355095,1774368234,-0.012264691395773552,0.9379161184689382,0.3466178634421091,-0.004357614479821103,-0.21700635250327968,0.38337548091584217,0.35488598537500093
1774368234.099391,base,99311625,1774368234,-0.012263126620761991,0.9379150864885084,0.3466207124708183,-0.004357516375093296,-0.2170056346801213,0.3833737195525741,0.35488366181191927
1774368234.1004903,base,100407117,1774368234,-0.012265429019176807,0.9379145848395688,0.34662199187996784,-0.004357240107947988,-0.21700751129840234,0.38337482513476645,0.3548864618101098
1774368234.101414,base,101326414,1774368234,-0.01226523917960546,0.9379144846825477,0.34662227170138676,-0.004357073686356483,-0.21700762893632858,0.38337482297706604,0.35488653667309944
1774368234.1024876,base,102404595,1774368234,-0.012262189284263921,0.9379153509073862,0.3466200376530401,-0.004356919053240514,-0.2170061059754711,0.3833753751665678,0.35488339038675915
1774368234.1034148,base,103325193,1774368234,-0.012262337487691701,0.9379167290568348,0.346616297987255,-0.004357339128010001,-0.2170054955571834,0.3833747366544121,0.3548838878571171
1774368234.1044168,base,104320258,1774368234,-0.012267689516024718,0.9379162488599995,0.34661738955891436,-0.004358804158224032,-0.21700625758835074,0.38337549042774277,0.35488761272852415
1774368234.105349,base,105268521,1774368234,-0.01226629352932537,0.9379146687936235,0.3466217311155608,-0.004357479001866115,-0.21700844026410532,0.3833746524699808,0.35488699377755206
1774368234.1064034,base,106290121,1774368234,-0.012265724532927751,0.9379145378568925,0.34662210727216125,-0.004357341916853867,-0.21700835786804065,0.3833746103290377,0.3548867384035556
1774368234.1074357,base,107325377,1774368234,-0.012263914113671243,0.9379158742301587,0.34661855471787534,-0.004357384878690001,-0.21700623507095448,0.3833737469300145,0.354883733567541
1774368234.1084578,base,108365163,1774368234,-0.012266603886223606,0.9379141528268924,0.34662311392960105,-0.004357665184246324,-0.2170081200677448,0.3833740854574944,0.3548869540416362
1774368234.1093836,base,109297237,1774368234,-0.01226892451923072,0.9379143164469191,0.34662258533005785,-0.004357962156394662,-0.21700782472811472,0.38337545490495006,0.35488961422286414
1774368234.1104474,base,110355604,1774368234,-0.012264677953859805,0.9379149395575159,0.3466210587103173,-0.004357233990506349,-0.21700768797248665,0.3833733425810252,0.3548849576388674
1774368234.1113894,base,111308968,1774368234,-0.012264853834425436,0.9379150893264218,0.34662064568954476,-0.004357356537345326,-0.21700742026729228,0.38337343560034554,0.3548847647281328
1774368234.112355,base,112256906,1774368234,-0.012265837176481208,0.937914946245558,0.34662099907568406,-0.004357275218145256,-0.2170091160502031,0.3833735378047836,0.35488612039903783
1774368234.1134086,base,113328778,1774368234,-0.012265712124758198,0.937914868210552,0.34662121401661683,-0.004357325934792008,-0.21700832813204673,0.3833745453080328,0.35488668096252174
1774368234.1144252,base,114319148,1774368234,-0.01226469452904624,0.9379153469877077,0.3466199545920343,-0.004357319319622198,-0.2170072047895617,0.3833737994961524,0.35488589503260315
1774368234.1153955,base,115308535,1774368234,-0.012267139468949013,0.9379153080817705,0.34661995838424053,-0.004358509473935078,-0.21700736373325327,0.38337477009143117,0.354888251737549
1774368234.116522,base,116387885,1774368234,-0.01226744977629254,0.9379152576904471,0.34662008254347937,-0.004358605855056819,-0.21700753366395475,0.38337483180091875,0.3548885521257392
1774368234.1173966,base,117301385,1774368234,-0.012265885907761403,0.9379150918251603,0.34662060748214185,-0.004356952858336242,-0.21700822011135837,0.38337455171693074,0.35488574994862787
1774368234.1184535,base,118339067,1774368234,-0.012267593445789942,0.9379143125378313,0.34662263735296095,-0.004358412809008431,-0.21700868715978244,0.38337364844857635,0.3548885165660659
1774368234.1193795,base,119299898,1774368234,-0.012270055313539816,0.9379144148154169,0.3466222863273642,-0.0043573897286628025,-0.21700781628709273,0.3833754989473029,0.3548889977676068
1774368234.1204815,base,120381304,1774368234,-0.012265828412488182,0.937914665366391,0.34662176592267224,-0.0043567571259294415,-0.21700838904547032,0.3833742608085466,0.3548860983791892
1774368234.1213913,base,121308483,1774368234,-0.01226525279441589,0.937914832858011,0.3466213299608192,-0.004357005280153236,-0.2170081930321379,0.38337424305124174,0.3548859330120771
1774368234.1224728,base,122327093,1774368234,-0.012262589695028905,0.9379139915510896,0.3466237164726698,-0.004355746244705652,-0.21700808592211374,0.38337265471166865,0.35488404752193325
1774368234.1233997,base,123302264,1774368234,-0.0122679061384847,0.9379150645140127,0.3466205947217188,-0.004358159177276964,-0.21700777806367502,0.3833752965385873,0.35488886985349677
1774368234.1244187,base,124322566,1774368234,-0.012266014547381056,0.9379146769471053,0.3466217329135535,-0.00435636618476539,-0.2170072943285688,0.3833729658624434,0.35488538028109684
1774368234.1253245,base,125225369,1774368234,-0.012266562425293514,0.9379144568967435,0.3466222901666954,-0.004357860707778793,-0.21700810637412996,0.38337406093722526,0.35488695261247116
1774368234.126371,base,126296304,1774368234,-0.012266456867927584,0.9379143631606518,0.34662254517620367,-0.004358048694874163,-0.2170081753249574,0.3833740758251565,0.354887163408326
1774368234.1273332,base,127244130,1774368234,-0.012267956799182633,0.9379158579241956,0.34661844175188666,-0.00435850063523903,-0.21700703513932804,0.38337566804321677,0.3548894841034454
1774368234.1284246,base,128315828,1774368234,-0.01226823683306416,0.9379149997907179,0.34662074850705515,-0.004358926128576157,-0.21700878492913944,0.38337510080626863,0.35488901833378617
1774368234.129305,base,129231830,1774368234,-0.012263686022391395,0.9379150729358471,0.346620756196457,-0.00435538042943304,-0.21700559362003335,0.3833749103080212,0.3548847111106964
1774368234.1304493,base,130352802,1774368234,-0.01226720092781733,0.9379160530439176,0.34661794476433544,-0.004358163749078723,-0.21700664042633902,0.38337472194461547,0.354887085563672
1774368234.1314166,base,131332697,1774368234,-0.01226756550995086,0.9379161314281409,0.3466177150593757,-0.004358537638569667,-0.21700675542013562,0.38337483943849315,0.35488708110608286
1774368234.132471,base,132352149,1774368234,-0.012268627112770124,0.9379148327806335,0.34662119777683364,-0.004358037470857246,-0.2170086445741035,0.38337513375220245,0.35488781102270317
1774368234.1334093,base,133330214,1774368234,-0.012269237831414407,0.9379151974177435,0.34662017941238255,-0.004358839294929205,-0.21700793832018703,0.38337584170995864,0.35488928907378187
1774368234.1343224,base,134233609,1774368234,-0.012264572232896627,0.9379165779559794,0.3466166237621493,-0.004357659350846197,-0.21700448484595755,0.383375860694838,0.3548851244899458
1774368234.135431,base,135335026,1774368234,-0.012266635443656125,0.9379160099976729,0.3466180845233573,-0.0043579038879118966,-0.21700382136430552,0.38337649461773354,0.3548873201372868
1774368234.1364956,base,136371584,1774368234,-0.012266605932116264,0.9379158864949667,0.34661842020010697,-0.004357868429519593,-0.21700397531516047,0.3833761285448221,0.3548873264103771
1774368234.137446,base,137335634,1774368234,-0.012264328645322162,0.9379164155780638,0.3466170598144361,-0.004358609603057898,-0.21700624684097025,0.3833746756835318,0.3548858576210604
1774368234.1385431,base,138417053,1774368234,-0.012267240990758032,0.9379168323184741,0.34661581218723786,-0.004359953432723153,-0.21700426607924242,0.3833758832187543,0.35488825492962
1774368234.1393344,base,139245487,1774368234,-0.012268399925101859,0.9379155529230228,0.3466192611885526,-0.004357719756960439,-0.21700518277039685,0.3833767195037121,0.35488802506555883
1774368234.1405277,base,140414635,1774368234,-0.012267734071282156,0.9379172132383116,0.34661478790574035,-0.004358051983914516,-0.2170046098809423,0.3833765830606771,0.35488711588043564
1774368234.1414185,base,141326911,1774368234,-0.012267224836275062,0.9379172513884088,0.34661470129062627,-0.004358163837958546,-0.2170046597228054,0.3833764144874191,0.3548865659528947
1774368234.1425114,base,142406663,1774368234,-0.012264991728125313,0.9379161627923632,0.3466177296426364,-0.00435787197409278,-0.21700488792255226,0.38337521271543723,0.3548853999266722
1774368234.143389,base,143310912,1774368234,-0.012264829378106759,0.9379166823035727,0.3466163433208288,-0.00435678320349333,-0.2170040136845012,0.3833758275141427,0.35488484013846977
1774368234.1444936,base,144390779,1774368234,-0.01226546174829976,0.9379158781541265,0.34661849158583785,-0.004357206127002974,-0.217004180729883,0.38337598444493326,0.35488636965387726
1774368234.1454022,base,145322087,1774368234,-0.012266611439578511,0.93791608126199,0.34661788896423085,-0.004358188146770251,-0.21700415579158902,0.38337621789686127,0.35488727194984016
1774368234.1466408,base,146371507,1774368234,-0.012266146989904123,0.9379162617647853,0.3466174169835514,-0.0043581875640748965,-0.2170040241401839,0.3833760879506765,0.35488696900572636
1774368234.1474006,base,147292190,1774368234,-0.012266590579726086,0.9379167662451346,0.34661604787392986,-0.004357259239066426,-0.21700357999306427,0.383377554537181,0.3548875208559578
1774368234.1485002,base,148377566,1774368234,-0.012264139096159943,0.9379172392868007,0.34661484361289085,-0.00435813355319737,-0.21700315242209536,0.3833760157738373,0.35488525763219303
1774368234.1494124,base,149291705,1774368234,-0.012267079896575495,0.9379162747047874,0.34661734681313905,-0.004358357824326818,-0.21700530081628622,0.3833768636099114,0.35488818952739354
1774368234.1504757,base,150363647,1774368234,-0.012264058253693505,0.9379154836942655,0.3466196021143876,-0.004357723231882408,-0.21700510595875486,0.38337447436788513,0.35488512945548484
1774368234.1513903,base,151294321,1774368234,-0.01226355978821755,0.9379151874064037,0.34662042397543985,-0.004357524161471376,-0.21700529891340148,0.3833741604464661,0.35488466444306715
1774368234.152446,base,152324724,1774368234,-0.012267457527329766,0.9379163559225777,0.34661711203932477,-0.004358488298231973,-0.21700479576521978,0.3833767475179464,0.35488735891026474
1774368234.1534107,base,153288088,1774368234,-0.01226553329273602,0.9379162030515202,0.34661760302431627,-0.0043577540249147865,-0.21700529861288628,0.3833759611645125,0.354885192416038
1774368234.1545486,base,154376505,1774368234,-0.012266362137047,0.9379164537930433,0.3466168814307321,-0.004358849783896872,-0.21700430331211218,0.38337602532579973,0.3548870894274503
1774368234.1553943,base,155296085,1774368234,-0.012268815227107276,0.9379162272569822,0.34661741581807315,-0.004358196020484605,-0.2170045320283954,0.38337663481133033,0.35488799990889625
1774368234.1564786,base,156351674,1774368234,-0.01226905789807422,0.9379163866948057,0.34661697560951826,-0.00435821144093189,-0.2170045649107438,0.3833768344369967,0.3548879427171263
1774368234.157346,base,157279229,1774368234,-0.012267183137070323,0.9379162928121351,0.34661731563829246,-0.004356649530014257,-0.2170049150892531,0.38337672593761546,0.3548874290536057
1774368234.1584818,base,158353293,1774368234,-0.012263430694468279,0.9379164511949348,0.34661701204121664,-0.004357270833956108,-0.21700454000257446,0.38337532479401004,0.3548846287059774
1774368234.1593552,base,159286467,1774368234,-0.012264431189782743,0.9379159377682619,0.3466183611262784,-0.004357652809227461,-0.2170066181180559,0.3833755370985356,0.35488574386118016
1774368234.1604693,base,160347740,1774368234,-0.012267207797643478,0.9379172900390039,0.3466145931896247,-0.004358491336614976,-0.2170046583849131,0.38337732512201295,0.3548883098797776
1774368234.1612957,base,161229260,1774368234,-0.012267541593615552,0.9379171848221698,0.34661486410256154,-0.0043586490645199675,-0.21700489960862895,0.38337718283588096,0.35488863811765564
1774368234.1624768,base,162354298,1774368234,-0.012265245566790775,0.9379166776882275,0.3466163290237883,-0.0043577424816962345,-0.21700444627111828,0.3833762791267762,0.35488616959060015
1774368234.1633687,base,163293567,1774368234,-0.012266367660553782,0.9379162886637208,0.3466173322235475,-0.004358518775803295,-0.21700578834962908,0.38337562956328425,0.3548869544404236
1774368234.1644738,base,164343224,1774368234,-0.012267967707669542,0.9379172430085063,0.34661469067461154,-0.004358720476179712,-0.2170047423780085,0.3833772976986252,0.35488747085886446
1774368234.1653771,base,165278215,1774368234,-0.012268476777925823,0.9379168749656898,0.34661566657648085,-0.0043588778241799775,-0.21700487181589817,0.3833771263737913,0.3548880695875813
1774368234.1664455,base,166318989,1774368234,-0.01226825908294646,0.937916653378674,0.3466162762152307,-0.004358692086941104,-0.21700539022117565,0.38337686814856836,0.3548878123240152
1774368234.1673322,base,167251660,1774368234,-0.012268996403762148,0.9379154055660757,0.3466196474189514,-0.004357034797912763,-0.21700744561677263,0.3833761644216173,0.3548887693388451
1774368234.168451,base,168323499,1774368234,-0.01226448833809794,0.9379141723369511,0.3466231500656483,-0.004356546093381037,-0.21700786939993796,0.38337433268540794,0.3548854547074959
1774368234.1693943,base,169312658,1774368234,-0.012264557042604391,0.9379159699145143,0.34661826903288745,-0.004357704958965598,-0.2170041818170027,0.3833763369893656,0.3548858086074247
1774368234.170425,base,170317956,1774368234,-0.012264716049411352,0.9379155875950093,0.34661930196989604,-0.004357383209870263,-0.21700716660894512,0.3833750030018197,0.35488651454361164
1774368234.1713853,base,171278804,1774368234,-0.01226466037282777,0.9379157713204505,0.3466188064773927,-0.004357408689981607,-0.21700715141480206,0.38337500624139137,0.35488648619375024
1774368234.1724484,base,172319052,1774368234,-0.012264847798896505,0.9379153144814603,0.34662004211568503,-0.004356922461347733,-0.21700631289075076,0.38337509855592794,0.3548845185041639
1774368234.173368,base,173289046,1774368234,-0.012262704592708179,0.9379152741379212,0.3466202249128926,-0.004357097221282311,-0.21700549416225576,0.3833743142687944,0.3548834614435446
1774368234.1744816,base,174346091,1774368234,-0.01226590829403078,0.9379161182727578,0.34661781864905306,-0.0043577944945519574,-0.21700619056357406,0.3833759087133808,0.3548866568517982
1774368234.1753662,base,175287426,1774368234,-0.012260972103898135,0.9379159548798868,0.3466184455307114,-0.00435699009533855,-0.21700560984771086,0.3833732674750357,0.3548831245563646
1774368234.1764827,base,176346648,1774368234,-0.012260922120184167,0.9379159916383475,0.34661834766871263,-0.004357003239558859,-0.21700553293027267,0.3833733172348971,0.3548831119080947
1774368234.1773133,base,177243186,1774368234,-0.012266827126161435,0.9379158655797045,0.3466184823676084,-0.004356802417661573,-0.2170074907917334,0.38337577702358316,0.3548862569383467
1774368234.1784663,base,178348196,1774368234,-0.01226576162874858,0.9379142579927453,0.3466228650525791,-0.004357197301735158,-0.21700800424747874,0.38337490697722837,0.3548853102710313
1774368234.179361,base,179295237,1774368234,-0.012265488630665898,0.9379151141245569,0.34662055060630387,-0.00435779563003744,-0.21700722704918188,0.3833753340923975,0.35488647109355087
1774368234.180471,base,180355964,1774368234,-0.01226435726237472,0.9379154739625238,0.3466196138641492,-0.004358041677557507,-0.2170078814455834,0.38337379073067734,0.35488530639750493
1774368234.181425,base,181347851,1774368234,-0.012264044735701784,0.9379154412312467,0.3466197145947895,-0.004357953756442663,-0.21700794247694782,0.3833737112709845,0.3548851373549179
1774368234.1825042,base,182371161,1774368234,-0.012266954700200538,0.9379146351822009,0.34662179484687733,-0.004357782756364812,-0.21700754390876842,0.3833751153125137,0.3548876881635241
1774368234.1833878,base,183301915,1774368234,-0.012265611571233235,0.9379137830857065,0.3466241519254555,-0.004357473189912427,-0.21700867942796173,0.3833738626294673,0.35488648979544035
1774368234.1845233,base,184390228,1774368234,-0.01226761799359284,0.9379148202190801,0.3466212617416278,-0.004358494099529064,-0.21700883534567453,0.383375622555405,0.3548887316136854
1774368234.1853888,base,185311948,1774368234,-0.012268045684959858,0.9379156822758133,0.3466189166997089,-0.0043582774220449405,-0.2170070837761288,0.38337509985229745,0.35488784261724216
1774368234.186468,base,186344854,1774368234,-0.012268459057857038,0.9379158053714582,0.34661856697004334,-0.004358437608618941,-0.21700700700458123,0.38337532760146,0.35488783750533703
1774368234.1873667,base,187260556,1774368234,-0.012267458986890948,0.9379155129794905,0.34661939588029617,-0.00435825217291223,-0.2170083364914366,0.3833746041923741,0.3548882584803288
1774368234.1884775,base,188378214,1774368234,-0.012263933643051752,0.9379143247054859,0.3466227507145099,-0.004357078259333195,-0.21700750288477202,0.3833745490530394,0.3548850827267177
1774368234.1893961,base,189305459,1774368234,-0.012267345208263327,0.9379135130893083,0.3466248252616947,-0.004357145661201989,-0.21700994642977714,0.38337345039384624,0.3548870028895018
1774368234.1904647,base,190364136,1774368234,-0.012270843323312637,0.9379165861704589,0.3466163615139365,-0.004359096388813902,-0.21700644161279983,0.3833772540955433,0.3548902856993301
1774368234.1914003,base,191302599,1774368234,-0.012271314594408026,0.9379167315860115,0.3466159488912329,-0.004359291613191827,-0.21700628846990627,0.3833775501833288,0.3548906098630737
1774368234.1924233,base,192340638,1774368234,-0.012271429389574871,0.9379160648651039,0.3466177548778933,-0.004358817741489966,-0.2170057289483661,0.383376809350732,0.35488996593480204
1774368234.1934056,base,193310233,1774368234,-0.012267267493661138,0.9379154581324279,0.3466195666772796,-0.004357010549858686,-0.21700575695398316,0.38337563073118824,0.35488695193294006
1774368234.1944602,base,194349710,1774368234,-0.012265832890875034,0.9379156673268221,0.3466190530495236,-0.004356878403938141,-0.2170067568010734,0.3833748049952522,0.3548866666791338
1774368234.1954114,base,195318640,1774368234,-0.012267197158986897,0.9379165269318895,0.34661665925980883,-0.004358429241637516,-0.2170055455682724,0.38337606847264827,0.3548867595003138
1774368234.1964934,base,196385025,1774368234,-0.012267298450267854,0.9379165719505368,0.3466165316280421,-0.004358606592954205,-0.2170055093683077,0.3833760262301183,0.3548865279974537
1774368234.1973252,base,197228870,1774368234,-0.01226448868214972,0.937916096603697,0.3466179269979805,-0.004357835778527281,-0.21700641554727937,0.3833741911516326,0.35488531619260927
1774368234.1983814,base,198300481,1774368234,-0.012264486876880405,0.9379156306195453,0.3466191917528415,-0.004357534829961069,-0.21700589743361742,0.38337405348342135,0.3548847473117239
1774368234.1993146,base,199236021,1774368234,-0.01226510922182145,0.937915142773244,0.3466204931997169,-0.004357263637562003,-0.2170070686518372,0.3833741908230108,0.3548862123182173
1774368234.2004108,base,200310125,1774368234,-0.012266457553877739,0.9379156355185444,0.34661911256194894,-0.0043572325725057,-0.21700745338433686,0.3833741505289735,0.3548871204880427
1774368234.2013385,base,201237627,1774368234,-0.01226665447295352,0.9379156657357518,0.3466190203938951,-0.004357505786468263,-0.21700768394415887,0.383374255845717,0.35488736096671136
1774368234.2023582,base,202248206,1774368234,-0.012268900712275134,0.9379165549433227,0.34661651411510563,-0.004359149143386012,-0.21700529017469494,0.3833768590883002,0.3548884114195501
1774368234.203364,base,203268436,1774368234,-0.012267274815919594,0.9379138054910484,0.34662404310733214,-0.00435662458985865,-0.21700797213172587,0.38337413679207955,0.3548873489728226
1774368234.204528,base,204417407,1774368234,-0.012268990706945811,0.9379152029127107,0.3466201749552215,-0.004358706947395082,-0.2170069760788759,0.3833760779748735,0.35488948738164744
1774368234.2053668,base,205287550,1774368234,-0.012264297746138977,0.9379144121879354,0.3466225193712663,-0.004355625749537786,-0.2170068473564221,0.3833740566392836,0.35488523439363445
1774368234.206524,base,206414837,1774368234,-0.012263711077672842,0.9379144332901824,0.346622489099831,-0.004355142569061345,-0.21700677126783754,0.38337388235059455,0.35488466656667317
1774368234.2073271,base,207241534,1774368234,-0.012265338397212468,0.9379172753008453,0.34661470179898696,-0.004358286709193846,-0.21700337505961564,0.3833776782832123,0.35488692415774825
1774368234.2085438,base,208388467,1774368234,-0.0122645423106943,0.937916108314005,0.3466178938337884,-0.004357802341722568,-0.21700647326066458,0.38337493859541394,0.35488560111506584
1774368234.2094061,base,209327023,1774368234,-0.012262788568815864,0.9379160209152553,0.3466182088540499,-0.00435649145773897,-0.21700525297741163,0.3833748845193697,0.3548838354173288
1774368234.2105203,base,210405653,1774368234,-0.012265453471807944,0.9379169377344406,0.34661560866957525,-0.0043584846678972455,-0.21700497745483446,0.38337610875212375,0.35488679519806643
1774368234.211405,base,211329041,1774368234,-0.01226576028972098,0.9379168375464643,0.3466158680185172,-0.004358555853066639,-0.2170052983146042,0.38337614950088245,0.3548870783419176
1774368234.2127173,base,212384192,1774368234,-0.012264123935336982,0.9379164956468183,0.34661685949318455,-0.004357886273449782,-0.21700585474463246,0.3833752248154792,0.3548855486201665
1774368234.2133532,base,213270250,1774368234,-0.012263173320238482,0.9379165323248031,0.34661679857169736,-0.004357513034020742,-0.21700419475521088,0.3833760895246474,0.35488465797035584
1774368234.2144828,base,214382032,1774368234,-0.012265900435128816,0.937916318426059,0.34661728847249856,-0.004356908146336383,-0.21700459459205984,0.38337578898524727,0.35488714956208955
1774368234.2154133,base,215329551,1774368234,-0.012266503079549322,0.9379153786627694,0.3466198014252329,-0.004357594520542363,-0.21700450767679266,0.3833764775969742,0.35488662185470493
1774368234.2164,base,216295893,1774368234,-0.012267016718177069,0.9379152675587475,0.34662007897411173,-0.004357984972363902,-0.2170047045929071,0.38337656115154173,0.35488674795108593
1774368234.217304,base,217235825,1774368234,-0.012267002821205412,0.9379160284351263,0.3466180183893525,-0.004358161780203276,-0.21700539913882447,0.38337610083740725,0.354886907977504
1774368234.2183554,base,218250112,1774368234,-0.012267184141002703,0.9379163191896857,0.34661723946716144,-0.004357028240318557,-0.21700388279620697,0.3833774694830884,0.35488572261593504
1774368234.2194047,base,219324086,1774368234,-0.012265069657979693,0.9379165047950417,0.34661680731229144,-0.004357406105839442,-0.2170043463447027,0.3833747912612253,0.3548856624237439
1774368234.220399,base,220310753,1774368234,-0.012265963006056967,0.9379162574705946,0.3466174413382295,-0.004357692511683423,-0.21700536718989144,0.38337537646288805,0.3548865858388496
1774368234.221433,base,221364676,1774368234,-0.012265812181113849,0.9379161835577364,0.3466176456160983,-0.004357776908116604,-0.21700557378903568,0.3833751687436962,0.3548865983764744
1774368234.222434,base,222340329,1774368234,-0.012266146792766254,0.9379167090890675,0.3466162037384688,-0.004358412592217949,-0.2170052585090484,0.3833759615800021,0.354887247469474
1774368234.2233534,base,223278209,1774368234,-0.0122667118022011,0.9379155265868894,0.34661940179135337,-0.004356956575872571,-0.2170058913880894,0.38337585652143696,0.3548874805284536
1774368234.2244294,base,224324201,1774368234,-0.01226735876190795,0.9379160494928058,0.34661795156288033,-0.004357942997325513,-0.21700640689929931,0.38337623862275666,0.3548885146952503
1774368234.225385,base,225291375,1774368234,-0.01226929835235056,0.9379157885102509,0.3466185739552829,-0.0043591478916389075,-0.2170055567126819,0.3833763974035988,0.3548893447446832
1774368234.2263658,base,226280211,1774368234,-0.0122695005646109,0.9379159205868063,0.3466182072357352,-0.004359320862643977,-0.21700531492910277,0.3833765157984226,0.35488957789150616
1774368234.2273498,base,227283514,1774368234,-0.012266916746492508,0.9379170818668704,0.34661516631993294,-0.004358528751092916,-0.21700445084793124,0.3833766964702932,0.35488659366591674
1774368234.2284536,base,228345837,1774368234,-0.012266495047963491,0.9379152378642983,0.34662017850776533,-0.004357927539541971,-0.21700646429165327,0.38337538807147,0.35488748525055425
1774368234.2293384,base,229276673,1774368234,-0.01226576623808501,0.9379170664130472,0.346615249684576,-0.004358462554093198,-0.2170052128438553,0.38337646075150417,0.3548866400809479
1774368234.2304618,base,230372288,1774368234,-0.012266759911742217,0.9379167287009724,0.3466161310620327,-0.004358246404430937,-0.21700496237068445,0.3833762524296831,0.35488666948899006
1774368234.231388,base,231320107,1774368234,-0.012266913581663846,0.9379167221187535,0.34661614294090765,-0.004358285667680576,-0.21700495435391695,0.3833762006608777,0.3548864450001406
1774368234.2324224,base,232330294,1774368234,-0.012266423851891518,0.9379160316207416,0.3466180299321917,-0.00435818776697129,-0.21700608018003362,0.38337467205187353,0.3548875789874749
1774368234.2333171,base,233246689,1774368234,-0.01226218624390253,0.9379152262966767,0.34662037645758015,-0.004356798569941532,-0.21700610547799984,0.3833728328441211,0.35488345890280515
1774368234.2344332,base,234343835,1774368234,-0.012266070618263635,0.9379162194729376,0.3466175615166278,-0.004356008430529054,-0.21700494100990433,0.38337615219061133,0.3548868250651629
1774368234.23542,base,235319596,1774368234,-0.012266973673318957,0.9379154341511503,0.34661964729610845,-0.0043565865397816265,-0.21700657300673348,0.38337514203219814,0.3548877677009492
1774368234.2364283,base,236311666,1774368234,-0.012267336686562061,0.9379154033190843,0.3466197189303638,-0.0043565027319484445,-0.21700670302969258,0.38337530226568434,0.35488808782400255
1774368234.237418,base,237352566,1774368234,-0.01226679877580556,0.9379153201091367,0.3466199506812347,-0.004357492640027279,-0.217006758560457,0.3833752100323603,0.35488661342612215
1774368234.2384832,base,238367541,1774368234,-0.012265865485403116,0.937914681223968,0.3466217145983446,-0.004357322267172196,-0.21700761782491376,0.38337490041309796,0.35488511438836723
1774368234.239381,base,239314644,1774368234,-0.012267095068621416,0.9379146842563536,0.34662165559445307,-0.004357901770619184,-0.21700848476720727,0.38337497344479904,0.35488789307601426
1774368234.240443,base,240359655,1774368234,-0.012267576101071926,0.9379158907689868,0.34661836181979694,-0.0043588609730723605,-0.21700587785918588,0.38337713009399604,0.3548888283776474
1774368234.2414064,base,241337000,1774368234,-0.01226751205059442,0.9379161332034404,0.3466177080540952,-0.004358863168409044,-0.21700563839600467,0.38337728513683494,0.35488889023326153
1774368234.2424467,base,242363240,1774368234,-0.012266266602468923,0.9379164157032467,0.34661699238853666,-0.004358491199578277,-0.21700495559644642,0.38337616250765283,0.35488800482124183
1774368234.2433846,base,243319309,1774368234,-0.01226700473265613,0.9379151304435095,0.3466204444533312,-0.004358459245951398,-0.21700661434701343,0.3833752063631767,0.35488812323961194
1774368234.2444835,base,244360722,1774368234,-0.012265210207680226,0.9379142161094405,0.3466229962518054,-0.004357328056955559,-0.21700793614162064,0.38337395679959246,0.3548863840148784
1774368234.245368,base,245306370,1774368234,-0.012269093419312729,0.9379164216346734,0.3466168795442456,-0.004358232404047696,-0.2170050370250176,0.38337645570145706,0.3548889812657364
1774368234.2464435,base,246330622,1774368234,-0.01227013973706442,0.9379166463138616,0.34661622762063926,-0.0043587828838872545,-0.21700513867837648,0.3833767368197785,0.35488959847132834
1774368234.2474463,base,247339287,1774368234,-0.012266985701772858,0.9379143942668965,0.34662245081369913,-0.004357370842360698,-0.21700776034662156,0.3833745683178713,0.3548871051049882
1774368234.2484133,base,248315875,1774368234,-0.012268881888707036,0.9379141387873411,0.346623072856558,-0.004357540989878366,-0.21700817846810366,0.3833750352058343,0.35488858452280597
1774368234.2493255,base,249234216,1774368234,-0.012268165994611502,0.9379146947598233,0.34662158817204425,-0.004357989192964387,-0.21700855346185693,0.3833736120181399,0.3548884257385318
1774368234.2503712,base,250300193,1774368234,-0.01226446427132676,0.9379134826405628,0.3466250033307412,-0.004357644220379901,-0.21700811070541431,0.3833723030553299,0.35488573763538467
1774368234.251363,base,251282357,1774368234,-0.012264418468492577,0.9379133158328665,0.34662545522842886,-0.004357729995288885,-0.21700811755612742,0.3833722651242269,0.35488572510715
1774368234.2523854,base,252301076,1774368234,-0.012268609370686119,0.9379152848223141,0.34661997838125846,-0.004357787025872644,-0.21700840827731427,0.3833762234770713,0.3548879957990618
1774368234.2533765,base,253306788,1774368234,-0.01226388361593615,0.9379149928376335,0.34662094523942677,-0.0043570276982268525,-0.21700736104929855,0.38337447884826303,0.35488508069312
1774368234.2544384,base,254321079,1774368234,-0.012265199753671211,0.9379152123884802,0.34662029292225466,-0.004357955915898643,-0.2170077500276328,0.3833741328991793,0.3548866213008261
1774368234.2554095,base,255323463,1774368234,-0.012269952978529404,0.9379149437970697,0.34662086058745784,-0.0043572309617861855,-0.21700793221115763,0.38337653666591154,0.35488954862965144
1774368234.2564375,base,256325316,1774368234,-0.01227031777282483,0.9379148114632871,0.34662121055788037,-0.004356848738484954,-0.217008020711124,0.38337667631855604,0.35488943524241173
1774368234.2573833,base,257314675,1774368234,-0.012267043720078624,0.9379159098885862,0.34661834447629547,-0.004357624209036481,-0.21700861566123258,0.3833752900707164,0.3548875447758708
1774368234.2584093,base,258303018,1774368234,-0.012267055182555964,0.9379140301725821,0.346623434180108,-0.004357320250026121,-0.2170093111684446,0.38337475983390124,0.3548872705675532
1774368234.2593656,base,259302791,1774368234,-0.012270665020545435,0.9379151109424629,0.34662036537203283,-0.004358641428171961,-0.21701033108851256,0.3833747027952938,0.35488932846112275
1774368234.2604733,base,260358610,1774368234,-0.012266669108082695,0.9379141793027492,0.34662303339025585,-0.004358189438367688,-0.21700927193926725,0.3833737106595795,0.3548868360716823
1774368234.2613845,base,261308227,1774368234,-0.012266701277229381,0.93791406066588,0.34662335168949204,-0.0043583148759440155,-0.2170090569486549,0.38337376191903016,0.3548871535910145
1774368234.2624326,base,262316038,1774368234,-0.012265644086745183,0.9379150250151812,0.34662079356548003,-0.004357211716939355,-0.2170078204129219,0.383375032426012,0.35488643242782003
1774368234.2634013,base,263303647,1774368234,-0.012265365739786687,0.9379145510148604,0.34662208643024955,-0.004357177595954909,-0.2170080745135575,0.38337412290523465,0.35488618634914604
1774368234.264477,base,264364739,1774368234,-0.012268299947687262,0.9379153314509041,0.3466198678484362,-0.004357414195029622,-0.21700772070541635,0.3833753142617497,0.354887630159899
1774368234.2653823,base,265292473,1774368234,-0.012269019541579372,0.9379140235523461,0.3466233766759786,-0.004357789012800688,-0.2170106779007931,0.3833738736223771,0.3548891234917915
1774368234.2665112,base,266356049,1774368234,-0.012269286555990787,0.9379139142886103,0.3466236628317811,-0.004357792595366623,-0.2170109567700145,0.38337379441034203,0.3548896212127919
1774368234.2673934,base,267306397,1774368234,-0.012262878027547365,0.9379167450103679,0.34661622855534074,-0.004357907033156791,-0.2170043838566558,0.38337480229553444,0.3548844059773675
1774368234.2684999,base,268360657,1774368234,-0.012269101197648657,0.9379139094070481,0.3466236748968269,-0.004358405397424224,-0.21701016846488666,0.3833746435839244,0.35488850281159334
1774368234.269426,base,269338767,1774368234,-0.012267688925111148,0.9379173361968879,0.3466144481791834,-0.00435873642365281,-0.21700516670154665,0.3833771440087193,0.3548869251719664
1774368234.270443,base,270330769,1774368234,-0.012270207262119495,0.9379144591816565,0.3466221622187439,-0.00435728476555604,-0.21700675521682367,0.3833755027628834,0.35488868508763743
1774368234.271359,base,271276690,1774368234,-0.012270392105619476,0.937914031637861,0.3466233176620182,-0.004356878167152555,-0.21700688793875111,0.3833752099529728,0.3548887229663724
1774368234.2723799,base,272291859,1774368234,-0.012268663055800605,0.9379155683680221,0.34661920319511635,-0.004358267556700303,-0.2170085329284476,0.38337410206049477,0.3548877918892658
1774368234.2733536,base,273262211,1774368234,-0.012266324794507297,0.9379150945994008,0.34662057526436424,-0.004357683103897344,-0.21700699251382255,0.3833749432428436,0.35488738141339804
1774368234.2744894,base,274345934,1774368234,-0.012267041797223634,0.9379161517215086,0.3466176795053341,-0.004358472186298125,-0.21700651844088828,0.38337569095801793,0.3548876165934064
1774368234.2753587,base,275269834,1774368234,-0.012266101641073465,0.9379146365317673,0.3466218417801652,-0.004356160114105582,-0.2170062960883512,0.38337500875746017,0.35488674944475107
1774368234.276497,base,276356029,1774368234,-0.012265195017075075,0.9379144480967455,0.34662239152946817,-0.004355540490285502,-0.21700596020323148,0.38337486190233255,0.3548861511209742
1774368234.277371,base,277278519,1774368234,-0.01226496246470984,0.9379162585352215,0.34661747242074015,-0.004357807210986848,-0.21700482482347763,0.38337598962591585,0.3548867240343715
1774368234.2784586,base,278325149,1774368234,-0.012263804890475754,0.9379158235362258,0.3466187176439943,-0.004355643328439037,-0.21700400713717458,0.3833758594389771,0.3548850961125638
1774368234.2793548,base,279268005,1774368234,-0.012265724861448175,0.9379168888814109,0.3466157358856581,-0.004358116689832075,-0.21700525627301215,0.3833759219476439,0.35488695570176204
1774368234.280493,base,280361036,1774368234,-0.012263804860609925,0.9379167742818435,0.34661611002387727,-0.004358426665400037,-0.2170037315831514,0.3833765072480657,0.3548850519588186
1774368234.2813296,base,281249690,1774368234,-0.012263329946850308,0.9379165454121139,0.34661674638610324,-0.0043584063064975274,-0.2170038608607067,0.3833762827785027,0.3548846377476015
1774368234.2823532,base,282258859,1774368234,-0.012263640703216812,0.9379162987497276,0.34661742919011784,-0.004356310129878603,-0.2170038205681255,0.3833753005571592,0.3548850749866784
1774368234.2833612,base,283278695,1774368234,-0.012265043333148963,0.9379158208869351,0.34661865716834017,-0.00435753885115344,-0.21700426849081955,0.3833762279712028,0.3548853508399144
1774368234.284437,base,284313692,1774368234,-0.01226727886744012,0.9379162642645825,0.34661738389971275,-0.004357094866699793,-0.21700329427788037,0.3833761820210827,0.3548870421378787
1774368234.2854443,base,285300191,1774368234,-0.012266161540613631,0.9379168806878808,0.34661574362847264,-0.004358035182981578,-0.21700176225844764,0.3833767745030368,0.3548858476356247
1774368234.2865689,base,286395654,1774368234,-0.012266265983860858,0.9379169291837025,0.3466156036846378,-0.004358434553938739,-0.21700167560261788,0.383376661838972,0.35488596126848576
1774368234.2874544,base,287335918,1774368234,-0.012264772132378487,0.9379169838601102,0.34661551161381365,-0.0043581945790363945,-0.21700339206621957,0.3833769288090862,0.35488635781563654
1774368234.2885628,base,288374994,1774368234,-0.01226471341296905,0.9379170847557787,0.3466152367902026,-0.004358503526530158,-0.21700242858612942,0.3833763090099359,0.354886458530116
1774368234.2894,base,289320977,1774368234,-0.012263637605227489,0.9379164649003281,0.3466169562517964,-0.004358176258435216,-0.2170034243362869,0.38337665692217043,0.3548850893816306
1774368234.2904842,base,290345862,1774368234,-0.012263159989609753,0.9379172981704521,0.3466147208914913,-0.004357976711982343,-0.21700374194790356,0.38337658549975157,0.35488405496479164
1774368234.29136,base,291281034,1774368234,-0.012263830671610371,0.9379173841812527,0.34661446200650703,-0.004358168857945356,-0.2170038677305094,0.3833766008695965,0.3548842914399643
1774368234.292362,base,292299645,1774368234,-0.01226926130307868,0.9379164496741993,0.34661678827348397,-0.004358984353804539,-0.2170039021701225,0.383376739905447,0.35488844763511607
1774368234.2933834,base,293298332,1774368234,-0.012269572906991794,0.9379164611678799,0.34661675985788765,-0.004357893599018561,-0.2170049841912489,0.3833781530004254,0.35488795576270626
1774368234.2944705,base,294355012,1774368234,-0.012266692506607847,0.9379181083955195,0.3466123942813274,-0.0043587072951294095,-0.21700160618062847,0.3833778073796586,0.35488728141401493
1774368234.2953622,base,295282159,1774368234,-0.012264981358167051,0.9379168946411136,0.34661574891956,-0.004357932994734268,-0.2170041542732085,0.38337593423453564,0.35488517009977333
1774368234.2964895,base,296354618,1774368234,-0.012265328530711212,0.9379168522703871,0.346615849691063,-0.004358059910667862,-0.21700447313163637,0.38337605451799006,0.35488523832488217
1774368234.2973878,base,297312780,1774368234,-0.01226691177383334,0.9379167543008108,0.3466160530396944,-0.00435851494769429,-0.21700390668948902,0.3833765940767383,0.35488602363160554
1774368234.2985344,base,298399007,1774368234,-0.012265591466245859,0.937916997806306,0.3466154430851902,-0.004358337624159124,-0.21700320975469564,0.38337749481486316,0.35488631997487674
1774368234.299396,base,299321631,1774368234,-0.0122669809986549,0.9379169263265565,0.3466155873275952,-0.004358337856302103,-0.21700398818754488,0.38337759001805227,0.3548867378272893
1774368234.3005054,base,300386117,1774368234,-0.012265838565555734,0.9379169619926037,0.34661551389993794,-0.004359717276436378,-0.21700450890332768,0.3833765943153738,0.35488571493901677
1774368234.30144,base,301351372,1774368234,-0.012266212044677144,0.9379169658247115,0.34661548944318127,-0.00435978649774034,-0.2170045871772321,0.38337676959939015,0.35488596625426605
1774368234.3024247,base,302345499,1774368234,-0.012267645229840479,0.9379170929938689,0.34661510891754377,-0.004358648933342077,-0.2170047934064697,0.3833774042356616,0.3548881765470802
1774368234.3034248,base,303322015,1774368234,-0.012265307654684443,0.9379176713513943,0.3466136326349835,-0.004358172380103271,-0.21700299202081,0.3833768192729008,0.3548861028786412
1774368234.304514,base,304393221,1774368234,-0.01226483686831798,0.9379165043127787,0.34661682209440403,-0.004356989266351924,-0.21700530717760333,0.383376636256614,0.35488478078579966
1774368234.3053038,base,305232167,1774368234,-0.012260915803911117,0.9379171672039457,0.3466151823940049,-0.0043557710851167865,-0.2170021475330405,0.38337617952428943,0.3548822035500571
1774368234.3064835,base,306359582,1774368234,-0.012260323771077301,0.9379170311013724,0.34661557483143574,-0.004355515502109122,-0.2170022341589792,0.38337583716459744,0.35488191581288736
1774368234.3073866,base,307299960,1774368234,-0.012263897870647229,0.937916774167165,0.34661612364840133,-0.004357105901143599,-0.21700290026808627,0.38337663080947026,0.35488513924364357
1774368234.3085208,base,308396993,1774368234,-0.012264746118304424,0.9379160622717035,0.34661800862287956,-0.004358007997342398,-0.21700377891763312,0.38337548093228263,0.35488604148097297
1774368234.3094077,base,309324754,1774368234,-0.012264220304265596,0.9379156018239019,0.346619288446817,-0.004356791509650958,-0.217006260159628,0.3833748730382834,0.3548842622883163
1774368234.3105586,base,310415849,1774368234,-0.012264907824088195,0.9379170920484213,0.3466152164772203,-0.004358002518286413,-0.21700420810068843,0.3833763310620055,0.3548855461417727
1774368234.3114605,base,311377443,1774368234,-0.012264802773583758,0.9379171193388827,0.3466151465561862,-0.004357985981031367,-0.21700421733862071,0.3833763932103461,0.35488571679326597
1774368234.312638,base,312496532,1774368234,-0.01226674688277631,0.9379167547194929,0.3466160629321234,-0.004358102201981026,-0.21700453974365214,0.38337545505150733,0.3548860307445889
1774368234.313423,base,313338900,1774368234,-0.012263523970533931,0.937916268348509,0.34661749995200675,-0.00435755367750883,-0.21700595613012366,0.383374146619095,0.3548839813416234
1774368234.314553,base,314420480,1774368234,-0.012266516836662626,0.9379163763000413,0.34661710401143875,-0.00435738908277429,-0.21700473569810294,0.38337578293561164,0.35488707492117133
1774368234.315336,base,315250052,1774368234,-0.012268815711559786,0.9379158946644138,0.3466183098414422,-0.004358667175853374,-0.21700656299699853,0.3833756168814357,0.35488913034752356
1774368234.31643,base,316316192,1774368234,-0.01226887219408632,0.9379158896202863,0.34661832056801395,-0.004358740584338662,-0.21700648250198065,0.38337546207202583,0.3548892159331501
1774368234.3174167,base,317334499,1774368234,-0.01226521566519932,0.9379146264122381,0.3466218840525002,-0.004357469744359045,-0.2170074392555241,0.38337396488187425,0.3548864139168537
1774368234.3185217,base,318408725,1774368234,-0.012264760010018106,0.9379154908916698,0.3466195636890497,-0.004357255483389177,-0.2170059375337191,0.38337439932026113,0.3548842319627855
1774368234.3194225,base,319335830,1774368234,-0.012264197253430559,0.9379152666373298,0.34662018327972405,-0.004357822562465878,-0.21700753690138347,0.38337380569769486,0.3548860313335985
1774368234.3205283,base,320419988,1774368234,-0.012264250366009482,0.9379166095856548,0.34661654654302815,-0.00435789959669431,-0.2170045419693399,0.38337493894994473,0.3548861326624567
1774368234.3213148,base,321235769,1774368234,-0.012264237586532587,0.9379166932734888,0.34661632051656366,-0.004357901662978558,-0.2170043526917003,0.3833749587094405,0.35488595809139245
1774368234.3224895,base,322364723,1774368234,-0.012265496802881064,0.9379150835430903,0.3466206273066128,-0.00435825379099163,-0.21700911928761066,0.383373327963069,0.3548876443551873
1774368234.3233635,base,323286987,1774368234,-0.01226623170632394,0.9379148657710522,0.34662120597674007,-0.004357027957931751,-0.2170087846560569,0.3833739071948424,0.3548872575483869
1774368234.3245223,base,324412814,1774368234,-0.012264738011567704,0.9379155241065462,0.34661946554525586,-0.0043579750540136235,-0.21700724735258486,0.3833735074706421,0.35488635069330415
1774368234.3254168,base,325336853,1774368234,-0.01226686686719688,0.9379147717927074,0.3466214431056372,-0.004356605291001209,-0.21700785035259343,0.38337402472639037,0.3548871201919029
1774368234.3265116,base,326354641,1774368234,-0.012266848355891969,0.9379147925244155,0.34662139292387006,-0.004356186728366632,-0.21700748549538654,0.38337418206093987,0.35488702415844736
1774368234.32737,base,327282528,1774368234,-0.012264472388100202,0.9379150433948817,0.3466207882277547,-0.004356978194667288,-0.217007689115195,0.383372665619173,0.3548853691677542
1774368234.3285153,base,328405236,1774368234,-0.012263345099178272,0.9379143258568029,0.3466227675431098,-0.004357148185754451,-0.2170078771748486,0.38337260678387947,0.354884412216361
1774368234.3293064,base,329228548,1774368234,-0.012266678816509056,0.9379147213438201,0.3466215693903814,-0.004357947992568921,-0.21700805789468117,0.3833753585216872,0.3548872465496087
1774368234.330465,base,330356564,1774368234,-0.012266720343123034,0.9379153430882594,0.346619879241702,-0.004358449968074627,-0.21700928444864295,0.383374746643662,0.35488621873313203
1774368234.3314097,base,331333808,1774368234,-0.012267276567169961,0.9379155197352144,0.3466193741717356,-0.004359038224379348,-0.21700957989948233,0.38337483484793095,0.35488641960517314
1774368234.3324785,base,332363981,1774368234,-0.01226607122968007,0.9379145925546166,0.3466219445821785,-0.004357534138157906,-0.21701044256195348,0.3833731693113701,0.35488606376374376
1774368234.3334122,base,333315121,1774368234,-0.012264516759510239,0.937914656274737,0.34662183055684903,-0.004357264636975298,-0.21700912101206474,0.3833732931456958,0.35488551621480774
1774368234.3343976,base,334284825,1774368234,-0.012263698831313964,0.9379147133453224,0.3466217077272929,-0.004357053310633719,-0.21700826357648825,0.3833713740964423,0.3548839102372049
1774368234.33555,base,335474898,1774368234,-0.012266343555538803,0.9379144436333379,0.34662233839655454,-0.004357495180495398,-0.21700803465213744,0.3833731259931617,0.3548869296804016
1774368234.3364985,base,336384597,1774368234,-0.012265881780007256,0.9379145591013947,0.34662204253247314,-0.004357476381092034,-0.2170077120593842,0.3833731629821002,0.3548868238604106
1774368234.3374033,base,337311767,1774368234,-0.012263592683308863,0.937915303070945,0.3466201075008455,-0.004357709941918475,-0.21700769961720548,0.3833730783320857,0.3548852603101368
1774368234.3384945,base,338384923,1774368234,-0.012265031164395913,0.9379145173716148,0.34662219305503505,-0.00435687913823136,-0.2170083524037385,0.3833734041860329,0.3548864281061325
1774368234.3393784,base,339301341,1774368234,-0.012263603174143657,0.93791475761094,0.3466215986290415,-0.004356472959450528,-0.21700806452759702,0.38337259261885154,0.35488483952453853
1774368234.3404808,base,340373008,1774368234,-0.012267170405214306,0.9379148647387171,0.346621180759495,-0.0043566135124785445,-0.21700883253412584,0.3833742313765921,0.35488741566937
1774368234.3413937,base,341326062,1774368234,-0.012267396383488465,0.9379148544375886,0.3466211991039414,-0.00435673536414778,-0.21700881503726616,0.3833741709237005,0.3548876295236152
1774368234.3424044,base,342322435,1774368234,-0.012264495084940175,0.9379151014789934,0.34662062448786957,-0.004357437044899386,-0.2170082830676692,0.38337283046274057,0.35488578199330906
1774368234.3433697,base,343297082,1774368234,-0.012263516545239215,0.9379148320184859,0.3466213928366985,-0.0043570712212579205,-0.21700831157501485,0.3833728594954404,0.35488487757036286
1774368234.3444548,base,344348522,1774368234,-0.012263032299085135,0.9379152342571875,0.34662034082296506,-0.004355538415441471,-0.21700741578361663,0.3833732230034582,0.354883273176843
1774368234.345401,base,345328173,1774368234,-0.012266707325263368,0.9379161443399521,0.3466177202993612,-0.004357757720258075,-0.21700616162961514,0.38337459904157045,0.35488644114210693
1774368234.3463888,base,346317950,1774368234,-0.01226712874862479,0.9379161394664797,0.34661771321844786,-0.0043581835405972335,-0.2170063766223179,0.3833745186505114,0.3548867511640566
1774368234.347389,base,347308231,1774368234,-0.012264122544062417,0.9379147709126805,0.34662154052735655,-0.004356769959543706,-0.2170076818726126,0.3833734532781927,0.35488504808474075
1774368234.3483925,base,348275491,1774368234,-0.012267495560931322,0.9379164056144219,0.3466169745543962,-0.004358621656301191,-0.21700559411067707,0.3833764714720065,0.3548874965254779
1774368234.3493617,base,349264047,1774368234,-0.01226384115191292,0.9379139652433778,0.34662372213227527,-0.004357436954434679,-0.21700769004530016,0.3833732311737323,0.3548852949683295
1774368234.3504133,base,350292822,1774368234,-0.012262562555062174,0.9379149535424257,0.3466211029005231,-0.004356662153237559,-0.21700773185727773,0.3833733438130052,0.35488383772804216
1774368234.3513324,base,351251185,1774368234,-0.01226271979434407,0.9379150763498998,0.3466207638959648,-0.004356752802814196,-0.21700769480667934,0.38337328382399294,0.3548840876697872
1774368234.35237,base,352265323,1774368234,-0.012265487386270146,0.9379156954212834,0.34661897709112127,-0.0043578460151995815,-0.21700708820295095,0.3833739353908579,0.35488578340228605
1774368234.353317,base,353239951,1774368234,-0.012264990114319885,0.9379169461687562,0.34661560853472073,-0.004357984290412805,-0.21700460205696678,0.3833752468973931,0.35488558552490324
1774368234.354448,base,354335421,1774368234,-0.012265089493560378,0.9379169771340811,0.3466155061172287,-0.004359185988237325,-0.21700358564501632,0.38337482665940703,0.3548864134393692
1774368234.3553913,base,355306435,1774368234,-0.012262002581256494,0.9379160854523043,0.3466180568465389,-0.00435690376902592,-0.2170058817582399,0.3833734784685043,0.35488282998123327
1774368234.3565695,base,356402167,1774368234,-0.012262002618011086,0.9379159318331095,0.3466184742082963,-0.004356769782576236,-0.21700624287389936,0.3833732934891805,0.35488244992955587
1774368234.3573904,base,357293323,1774368234,-0.012264244845153626,0.9379160238526497,0.3466181381293327,-0.004357386667372954,-0.21700661821491926,0.3833739421617322,0.35488529618126596
1774368234.3584907,base,358356046,1774368234,-0.012267072768428994,0.9379158607400516,0.3466184675633168,-0.004358330184837489,-0.21700550686303238,0.3833763045254044,0.3548885355962694
1774368234.3593583,base,359282653,1774368234,-0.012262310526077161,0.9379156214583295,0.34661931358452697,-0.004355940218711938,-0.21700491647100967,0.3833743433652737,0.35488380231991806
1774368234.360475,base,360320964,1774368234,-0.012262129398620161,0.9379161510617667,0.3466178825351517,-0.00435629050231409,-0.21700410790277536,0.3833739698958686,0.3548834582566108
1774368234.3613324,base,361270808,1774368234,-0.012261973977805634,0.9379162047868717,0.3466177393736706,-0.004356551829710208,-0.21700416450333912,0.3833738755782053,0.35488338393042596
1774368234.3623483,base,362270609,1774368234,-0.01226355001745127,0.937916886896512,0.3466158247033217,-0.004357600321422028,-0.2170034557342235,0.38337556435702935,0.35488377323469583
1774368234.3634253,base,363337942,1774368234,-0.012262097672035722,0.9379173368962883,0.346614663139526,-0.004357224658982272,-0.21700360542158667,0.3833752863929024,0.35488295084386373
1774368234.3644478,base,364331289,1774368234,-0.01227055201290051,0.9379163659105286,0.34661697254172935,-0.0043587218874362775,-0.21700582919197803,0.3833773771279327,0.35488939773010314
1774368234.3654222,base,365356538,1774368234,-0.012265433807958488,0.9379152297965904,0.3466202371993867,-0.00435798267008087,-0.21700654064578215,0.38337485977826774,0.35488651861677173
1774368234.3664343,base,366316029,1774368234,-0.012265064114148846,0.9379150248343466,0.3466208050370957,-0.00435797059403597,-0.21700642301543432,0.38337456191222274,0.3548864769062876
1774368234.3674452,base,367330531,1774368234,-0.012265033450418905,0.9379153022064823,0.34662006532764666,-0.00435719561656177,-0.21700653993313887,0.38337478679066644,0.35488585890794333
1774368234.3684294,base,368307752,1774368234,-0.012262708919815738,0.9379166938005578,0.346616368291585,-0.004358290092571484,-0.2170031052054553,0.38337530156010025,0.3548845839642622
1774368234.36936,base,369277497,1774368234,-0.012263445874678239,0.9379164104190656,0.3466171206204759,-0.004357367859632762,-0.2170046091396817,0.3833752110523044,0.35488452791763847
1774368234.3704493,base,370339791,1774368234,-0.012265138047897712,0.9379174379004882,0.34661427355478297,-0.0043579168119478335,-0.2170031749186791,0.38337732237873096,0.35488610490136846
1774368234.3713548,base,371283918,1774368234,-0.012265098591607813,0.9379174195692738,0.346614324652552,-0.004357908983475989,-0.21700322221108254,0.38337727689357526,0.3548860704328353
1774368234.3724594,base,372350119,1774368234,-0.012266263908932085,0.9379171554809057,0.3466150093183505,-0.004357010392786706,-0.2170032617753626,0.383377574420536,0.3548874969837555
1774368234.3733974,base,373315755,1774368234,-0.012263282903050536,0.9379171695525925,0.34661507335914626,-0.004357277949215138,-0.21700221679914203,0.3833761854404298,0.3548849179885756
1774368234.3744829,base,374366549,1774368234,-0.012267486874661265,0.9379166183287533,0.34661640663612675,-0.004358036162641549,-0.21700475827167023,0.38337756849006943,0.35488849264818606
1774368234.3754082,base,375328978,1774368234,-0.012267446295615856,0.9379161910877346,0.3466175562565535,-0.00435866396906899,-0.21700541847817903,0.38337651271958845,0.35488855267779235
1774368234.376419,base,376315078,1774368234,-0.012267778148050227,0.9379161684748603,0.3466176045663065,-0.00435875411825802,-0.21700558600770511,0.38337665882478517,0.35488886086294613
1774368234.3773289,base,377257426,1774368234,-0.012266477532045399,0.9379159277156455,0.34661830964577883,-0.0043581515071127366,-0.21700620521700317,0.3833758455931493,0.35488734404256095
1774368234.378482,base,378344941,1774368234,-0.012263987106064677,0.9379162399735219,0.3466175605652197,-0.00435753623154969,-0.21700512068978925,0.3833758115976224,0.3548833507993898
1774368234.3793702,base,379289384,1774368234,-0.012266191073439936,0.9379170740633256,0.3466152216920566,-0.0043578467626279715,-0.21700408579955832,0.3833771056085332,0.354886377084449
1774368234.380517,base,380340659,1774368234,-0.012266806771102572,0.9379172541256083,0.3466147078049758,-0.004358233402516818,-0.21700436737942924,0.38337644705411084,0.35488631388850256
1774368234.3813848,base,381304989,1774368234,-0.012267211700709523,0.9379172793726102,0.34661462380981817,-0.004358340572906047,-0.21700436115120322,0.383376581604591,0.35488637936095535
1774368234.3824904,base,382341900,1774368234,-0.012266867885279479,0.9379170926784435,0.34661513807797895,-0.004358585674812834,-0.21700507224494175,0.3833763983001084,0.354887207822207
1774368234.383366,base,383294373,1774368234,-0.012264820743986013,0.9379158454213066,0.3466185952649841,-0.004357808656054302,-0.2170049737372857,0.38337435965045186,0.35488591979534845
1774368234.384517,base,384396895,1774368234,-0.01226392001066296,0.9379169188174544,0.3466157322510193,-0.004357042349393039,-0.21700342133197587,0.3833752241306432,0.3548847996132672
1774368234.3854113,base,385328182,1774368234,-0.012268274591257062,0.9379157502515316,0.3466187380425697,-0.00435721315023006,-0.2170063789666046,0.38337583846608153,0.35488780594067776
1774368234.3864644,base,386345210,1774368234,-0.012268923293528067,0.937915594999369,0.34661913496155233,-0.004357230393518805,-0.21700667471435672,0.383375820289468,0.3548879922522554
1774368234.3874028,base,387322493,1774368234,-0.012263227676875843,0.9379167922883513,0.3466161034856618,-0.004356695409565877,-0.21700278245975876,0.38337470608294855,0.3548842215261872
1774368234.388449,base,388339249,1774368234,-0.012263691771831831,0.9379151162640184,0.3466206217193975,-0.004356735754742655,-0.2170056623001012,0.38337492865988976,0.3548838712164446
1774368234.3893576,base,389286976,1774368234,-0.012263217940454344,0.9379158965394834,0.34661851844597674,-0.004357427520708487,-0.21700460222520923,0.38337517413126526,0.3548844665738413
1774368234.3904016,base,390297749,1774368234,-0.01226468563525724,0.9379162324526045,0.346617554931833,-0.004357637118666387,-0.2170050304331897,0.38337546848890264,0.3548849184445587
1774368234.3913817,base,391306281,1774368234,-0.01226485495045424,0.9379162556435108,0.3466174850018809,-0.004357731482259749,-0.21700509174110683,0.383375405353548,0.354884789215575
1774368234.3924713,base,392357743,1774368234,-0.012266972264854925,0.937915943305422,0.3466182579701498,-0.004357513820096445,-0.2170070316510473,0.3833756505193167,0.3548865244947469
1774368234.3933938,base,393317971,1774368234,-0.012264421898051436,0.9379145735269452,0.3466220710992449,-0.004356208000673606,-0.21700738306230496,0.38337207694757497,0.354885156803527
1774368234.3944495,base,394350818,1774368234,-0.012262238951970008,0.9379154955299487,0.34661965690301677,-0.004355937227595732,-0.21700727256163307,0.3833734877735665,0.35488364861092647
1774368234.3953552,base,395284922,1774368234,-0.012266078816984336,0.9379160494474551,0.3466179973533867,-0.004357913498694703,-0.21700536201167564,0.38337568259877974,0.354886262438267
1774368234.3964612,base,396350564,1774368234,-0.012266873075580248,0.9379161056213777,0.3466178137362756,-0.004358192476348941,-0.21700546005124802,0.38337602637843887,0.35488665598992536
1774368234.3973756,base,397306237,1774368234,-0.012264612720336432,0.9379154615965972,0.34661964092208264,-0.0043578320193051355,-0.21700708778158162,0.38337407848040617,0.3548856833490227
1774368234.3984113,base,398302896,1774368234,-0.01226352745512101,0.9379151141690455,0.34662063194198844,-0.004356835980430277,-0.2170070428155833,0.38337401206093835,0.3548849327149509
1774368234.399349,base,399275776,1774368234,-0.012265289188070556,0.9379151059799815,0.3466205837392427,-0.004357474493307644,-0.21700637849907267,0.3833750028827173,0.3548852400608743
1774368234.4004283,base,400355855,1774368234,-0.012261974546588783,0.9379153990919261,0.34661992046382867,-0.004356473814997383,-0.21700633370543854,0.3833727924042877,0.3548837964228656
1774368234.4013836,base,401303762,1774368234,-0.012261256970249925,0.9379154877048242,0.34661970784581997,-0.004356332610062949,-0.21700599512595625,0.3833726188965381,0.3548834179891316
1774368234.4024303,base,402354822,1774368234,-0.012261065869257012,0.9379155759325832,0.346619470532181,-0.004356757371132368,-0.2170069454579177,0.3833727250214523,0.354883434581249
1774368234.4033606,base,403286597,1774368234,-0.012264202909065842,0.9379143702268128,0.34662262315821707,-0.00435666890673389,-0.21700974418497423,0.3833721580416808,0.35488566288878015
1774368234.4044232,base,404357795,1774368234,-0.01226329068918768,0.9379155075201904,0.34661956606039035,-0.004357623058835279,-0.2170076853736974,0.3833726337519987,0.354884756398417
1774368234.4053996,base,405326161,1774368234,-0.012265341793269666,0.9379157245235626,0.3466189076067063,-0.004357518980837078,-0.2170076152214926,0.38337489091617655,0.35488656020223425
1774368234.406472,base,406359362,1774368234,-0.012265346179465661,0.9379158587364779,0.3466185442442833,-0.004357522195798989,-0.21700734635179258,0.3833751082881338,0.35488656614819586
1774368234.407376,base,407296474,1774368234,-0.012264675941177252,0.9379152032331842,0.34662036402608953,-0.004355744544130683,-0.217006131253607,0.38337510648662354,0.354885642402336
1774368234.4083915,base,408324858,1774368234,-0.012263504308257948,0.9379140465639924,0.346623529966277,-0.004356167324155698,-0.2170080004434724,0.38337328047008723,0.354884705771619
1774368234.4093955,base,409321136,1774368234,-0.012264474615009709,0.9379145143795294,0.3466222196090432,-0.0043569773845475585,-0.21700832869737796,0.3833738775004252,0.35488570980332523
1774368234.4104524,base,410337667,1774368234,-0.012268460270916173,0.9379154778286168,0.34661945186783,-0.0043585455077833415,-0.2170077430257724,0.3833756502264346,0.35488768769880075
1774368234.4113307,base,411249381,1774368234,-0.012268683616466006,0.9379154558036019,0.34661950238915196,-0.004358638610558918,-0.21700782491751613,0.38337555892084896,0.35488750421991083
1774368234.4123583,base,412263986,1774368234,-0.012262911693734226,0.9379154201942622,0.3466198204502835,-0.004357250236722364,-0.2170067419395457,0.383373138378183,0.3548843712319071
1774368234.4134374,base,413333689,1774368234,-0.01226411441920064,0.9379150992323768,0.34662064355270616,-0.004357475477991278,-0.21700937084419483,0.38337299157786175,0.35488532638297543
1774368234.4144258,base,414288882,1774368234,-0.012264481912967048,0.9379143374521708,0.34662271714108517,-0.004355461719880383,-0.21700830129740073,0.3833736542125055,0.3548853778903675
1774368234.4153984,base,415284002,1774368234,-0.012267448388730855,0.9379156000053803,0.34661915739005045,-0.0043585211699221,-0.21700732038787807,0.3833741010286039,0.3548873184395217
1774368234.4164448,base,416300011,1774368234,-0.012267666966498118,0.9379157215921059,0.34661881553317936,-0.00435892830110401,-0.21700725147517713,0.3833741492682075,0.3548871994378199
1774368234.4173336,base,417251602,1774368234,-0.012269821551133658,0.9379147630251236,0.34662133478257634,-0.004358790219182725,-0.21700830636706983,0.38337598105240184,0.35488840592619186
1774368234.4184148,base,418291255,1774368234,-0.012264346384553627,0.9379157719753297,0.3466188111011343,-0.00435778367030161,-0.21700548445494505,0.3833744632756419,0.3548848192047638
1774368234.4193637,base,419283781,1774368234,-0.012264798513061469,0.9379147179937241,0.3466216534293137,-0.004357276915237435,-0.2170085326127448,0.38337455535855425,0.35488587990043635
1774368234.4203331,base,420249739,1774368234,-0.012267877189791847,0.9379145573597353,0.3466219735606539,-0.004357720374863956,-0.21700900982177868,0.38337357061595684,0.3548869644093453
1774368234.4214077,base,421249967,1774368234,-0.012268013576156799,0.9379146432760005,0.3466217349067802,-0.004357827619545553,-0.21700881886615545,0.38337360563734535,0.35488674663034736
1774368234.4224331,base,422264973,1774368234,-0.012267648976532592,0.9379156167193046,0.3466191204128783,-0.004357300407094789,-0.2170067331540775,0.38337531806166814,0.35488796435999365
1774368234.4233966,base,423285640,1774368234,-0.012266032778462464,0.9379153366482527,0.346619941681796,-0.004356804836248469,-0.21700819480858666,0.3833746140965613,0.3548868704189686
1774368234.424508,base,424399401,1774368234,-0.012266562624577445,0.9379153698407157,0.34661983592556306,-0.0043565813279060695,-0.21700664544273718,0.3833740438671775,0.35488735541535893
1774368234.4254618,base,425384678,1774368234,-0.012266296123011009,0.9379153020614197,0.34662001965028255,-0.004357306059477077,-0.21700754493017574,0.3833733923621967,0.3548858123071009
1774368234.426503,base,426388450,1774368234,-0.012266608968569133,0.9379154701104402,0.34661954821238616,-0.004357755037349801,-0.21700743201205325,0.38337355581525967,0.35488578445086694
1774368234.4274454,base,427369421,1774368234,-0.012265465626750755,0.9379151352958398,0.34662048627641523,-0.004358420522068121,-0.21700761721047354,0.38337381369966583,0.35488680574561193
1774368234.4285235,base,428387989,1774368234,-0.012264757016417095,0.9379155645127047,0.34661936474906846,-0.004357242372757049,-0.21700539101347777,0.38337517891719197,0.35488607415703877
1774368234.4294224,base,429332667,1774368234,-0.012265335490336078,0.93791537801457,0.34661984607413143,-0.004357469063700025,-0.2170059238569388,0.3833745155406331,0.35488644137396747
1774368234.430485,base,430369639,1774368234,-0.012268717776267864,0.9379161266463182,0.34661768601733334,-0.004358632914482482,-0.21700529847601688,0.38337460344886043,0.3548883978910726
1774368234.4313924,base,431316592,1774368234,-0.012269365688319484,0.9379161185557404,0.3466176878672251,-0.004358402978111077,-0.2170050725291742,0.38337467470082387,0.3548885310857508
1774368234.4324486,base,432309696,1774368234,-0.012266831173762958,0.9379157469159924,0.3466187948209051,-0.004357478270012939,-0.21700572554313724,0.3833741083009183,0.35488667574140054
1774368234.433503,base,433384009,1774368234,-0.012268090686791331,0.9379164625241991,0.3466168065918911,-0.004358057483887946,-0.2170047700615617,0.38337618557076886,0.35488733793145166
1774368234.4344175,base,434314466,1774368234,-0.012270469809071321,0.937915085296827,0.34662045497454913,-0.004357583796923928,-0.21700818053561854,0.38337651048357635,0.3548890859221051
1774368234.4354362,base,435330303,1774368234,-0.012262730250340918,0.9379156169567994,0.3466192978621988,-0.004356978869593184,-0.2170048200793731,0.38337491439455357,0.35488330214594765
1774368234.4364426,base,436324717,1774368234,-0.012261926437163749,0.9379157052538306,0.3466190855393951,-0.004357124980150073,-0.21700470766491023,0.3833746501929076,0.35488299021749703
1774368234.4374092,base,437325435,1774368234,-0.012267828873353365,0.937915686367697,0.3466189059134039,-0.00435886493722049,-0.21700693569216267,0.3833753933556094,0.35488795772738146
1774368234.4384532,base,438338367,1774368234,-0.012263388813978888,0.9379159430694708,0.34661838033313563,-0.004357917637585191,-0.21700665191466864,0.38337468534730706,0.35488451200953913
1774368234.4395278,base,439367551,1774368234,-0.012263931819636644,0.9379153148608581,0.3466200603695005,-0.0043579668682226114,-0.21700639535403743,0.3833743742746098,0.3548857750276594
1774368234.4405053,base,440372297,1774368234,-0.01226356555036274,0.9379162660443946,0.3466175057832172,-0.0043574687553477294,-0.21700569140326426,0.3833749944909799,0.35488520399495815
1774368234.441492,base,441380218,1774368234,-0.012263860843777228,0.9379162687015705,0.3466174875096413,-0.004357519320837761,-0.21700577615669178,0.3833751732075424,0.35488550346912684
1774368234.4424474,base,442326549,1774368234,-0.01226722842938289,0.937915299992695,0.3466199849381368,-0.004357887993061217,-0.2170080851282712,0.3833760331046915,0.3548882898769299
1774368234.4435077,base,443401514,1774368234,-0.012265953533023661,0.9379157831421496,0.34661871973891456,-0.004358123831416406,-0.2170058396835257,0.38337517352953704,0.3548871422543666
1774368234.4445376,base,444405332,1774368234,-0.012263268382366741,0.9379162721035,0.3466174987793038,-0.004357558035704629,-0.21700590943260556,0.38337517630941564,0.35488445029870563
1774368234.4453964,base,445297720,1774368234,-0.01226464901225547,0.9379161868118581,0.346617698202572,-0.004356167313209794,-0.21700518343501946,0.3833750438590699,0.35488509680694136
1774368234.4464428,base,446326536,1774368234,-0.012265257710180388,0.9379160141393562,0.34661814737603674,-0.004355890706833178,-0.2170053696936312,0.383375145515938,0.35488557432735135
1774368234.4475348,base,447381505,1774368234,-0.012267753597858824,0.9379149808424989,0.34662083423244167,-0.004357546199792493,-0.21700615464053205,0.3833759146499231,0.35488688665201557
1774368234.4484932,base,448364774,1774368234,-0.012264022806583902,0.9379152567868052,0.34662022542372417,-0.004357081402437543,-0.21700617879041453,0.38337462212437995,0.3548849215475773
1774368234.449335,base,449253542,1774368234,-0.01226597927573325,0.9379160641600855,0.3466179529868169,-0.00435855596386589,-0.21700529734317595,0.38337607017413,0.35488713015409845
1774368234.4504309,base,450326092,1774368234,-0.012263612719871217,0.9379163858194138,0.34661717563506966,-0.004357817030647666,-0.21700473748906648,0.38337474328437604,0.3548841012620214
1774368234.4513817,base,451294259,1774368234,-0.012263854177859511,0.9379163918101233,0.3466171504704298,-0.004357849738445696,-0.2170048312368286,0.38337484110923764,0.35488395711624265
1774368234.4524114,base,452312027,1774368234,-0.012266137532662856,0.9379156063271168,0.34661920297171356,-0.004357224956416034,-0.21700493144348182,0.38337546273968137,0.3548868685330617
1774368234.4533732,base,453287250,1774368234,-0.012266563061285114,0.9379161913088325,0.3466175985249066,-0.004357740724687977,-0.2170049043984133,0.38337511531081486,0.35488796184228827
1774368234.454443,base,454316385,1774368234,-0.012262004195663853,0.9379165753899064,0.3466167445534841,-0.0043558302446584235,-0.21700395817662735,0.3833747795319955,0.3548832582040812
1774368234.4553607,base,455273135,1774368234,-0.01226479502898857,0.9379148086629661,0.3466214164019578,-0.004356625426769736,-0.21700737265142983,0.3833739819700885,0.35488614758161136
1774368234.4564488,base,456323542,1774368234,-0.012264918355013988,0.9379149902316104,0.3466209155738853,-0.004357036068751084,-0.21700732006716017,0.38337425072957054,0.35488634408229736
1774368234.4573627,base,457273451,1774368234,-0.012260172225377957,0.9379147264394685,0.34662179613843885,-0.004357125972894639,-0.21700641866027165,0.3833721745403476,0.35488221747932047
1774368234.4584846,base,458334522,1774368234,-0.012265655672455515,0.9379164597706233,0.34661689886658487,-0.004358165024082607,-0.21700394797639458,0.38337677752983107,0.35488690656387795
1774368234.4594042,base,459308552,1774368234,-0.012265280793676578,0.9379154182412752,0.34661973700894194,-0.004357640209794481,-0.21700713873307775,0.3833764691963207,0.354885076409849
1774368234.4603806,base,460291444,1774368234,-0.012264904219579278,0.9379165289582361,0.34661673866867154,-0.004358131034357759,-0.2170046934948246,0.38337546572902587,0.3548855399246747
1774368234.4613543,base,461278588,1774368234,-0.012264301976127358,0.9379164486898559,0.3466169785872087,-0.004358018944618108,-0.21700479065322215,0.3833751230087173,0.3548852558055215
1774368234.462568,base,462360353,1774368234,-0.012265402062810245,0.9379163177634655,0.34661728620848037,-0.004358633584974585,-0.21700422637988911,0.3833757855063565,0.3548866954193368
1774368234.4633763,base,463294627,1774368234,-0.012260949043703312,0.9379158643699388,0.346618682378253,-0.004357696421505893,-0.21700480118700685,0.3833732469973662,0.3548832323325318
1774368234.4645054,base,464354498,1774368234,-0.012263779666741557,0.9379164538800459,0.34661699315394523,-0.004357213132650529,-0.2170046039695062,0.3833749506419789,0.35488509762822934
1774368234.4654057,base,465300572,1774368234,-0.012261634293018677,0.9379173236568095,0.3466147173690774,-0.0043570646158394505,-0.21700430325140663,0.3833744112173713,0.3548834831268467
1774368234.4664845,base,466310310,1774368234,-0.012261657086446226,0.937917249288556,0.34661491866895566,-0.004356995363362528,-0.21700450005360436,0.38337429790172,0.3548834948181627
1774368234.4673636,base,467294015,1774368234,-0.012264174184994125,0.9379160481260653,0.3466180739228771,-0.004357468202905935,-0.2170049216752508,0.3833752186965738,0.354884594525182
1774368234.4683616,base,468278348,1774368234,-0.012266532826916185,0.9379160254967421,0.346618057691258,-0.004356991064997762,-0.21700506687578403,0.3833762125320061,0.3548855857463065
1774368234.4694128,base,469334519,1774368234,-0.012263278980667864,0.9379148049628516,0.3466214736310362,-0.004357136443497546,-0.21700569210232118,0.38337381770687157,0.3548843955618435
1774368234.470543,base,470362854,1774368234,-0.012266054972763415,0.9379150022809926,0.34662084005408283,-0.004357250492307135,-0.21700696285487173,0.383375333917292,0.35488639888396456
1774368234.4714513,base,471318348,1774368234,-0.012265905304514536,0.9379148780333478,0.34662118188870683,-0.004357223522729826,-0.21700728616396275,0.3833750964076622,0.3548863846922297
1774368234.4726093,base,472354818,1774368234,-0.012265506285388443,0.9379162837163446,0.34661738451571783,-0.004357848869282795,-0.21700542208430076,0.38337540485146754,0.3548860681458197
1774368234.4733543,base,473261368,1774368234,-0.012265106707485492,0.9379165669212168,0.3466166383171806,-0.0043573723583459085,-0.21700492181287942,0.3833755295062039,0.35488471018869705
1774368234.4745533,base,474369770,1774368234,-0.012265756798127768,0.9379159781099187,0.3466181979762245,-0.004358216148686727,-0.21700554213687523,0.3833747407922556,0.3548861585267061
1774368234.4754984,base,475294208,1774368234,-0.01226737916995315,0.9379159428182056,0.34661823084237614,-0.004358630913320667,-0.21700559951427822,0.3833763407295566,0.35488715122504677
1774368234.4764435,base,476264082,1774368234,-0.01226809916465497,0.9379159358441652,0.34661822243538626,-0.004358773701746812,-0.2170057585196029,0.3833766173341507,0.35488753061095263
1774368234.4773214,base,477252787,1774368234,-0.012265471374019383,0.9379153621332019,0.3466198815249966,-0.0043576849490479675,-0.21700666380563413,0.3833748462013901,0.35488640523446924
1774368234.4784288,base,478307302,1774368234,-0.01226496194931515,0.9379163633757666,0.34661719129663454,-0.004357604616201739,-0.21700478163236148,0.383375290052041,0.35488545734887583
1774368234.479392,base,479248769,1774368234,-0.012268207612871585,0.9379155247408877,0.3466193484377916,-0.004357386895098395,-0.21700624590779247,0.38337687248928765,0.35488748492658095
1774368234.4804153,base,480302894,1774368234,-0.012265716081480022,0.9379170406136392,0.34661533192005106,-0.004357615576716597,-0.2170033183782021,0.3833775065451141,0.3548864636104907
1774368234.4813375,base,481270354,1774368234,-0.012265414743417774,0.9379171286181373,0.34661510449719724,-0.004357611763043753,-0.21700310290642913,0.3833775765849412,0.35488647375438687
1774368234.482476,base,482322214,1774368234,-0.012266752118280133,0.9379168679757643,0.346615745873008,-0.004358930132476091,-0.2170040986772846,0.3833761905297815,0.3548867437063634
1774368234.4833493,base,483259175,1774368234,-0.01226555635942885,0.9379165450732395,0.3466166748078937,-0.0043579066293691834,-0.21700557720496172,0.3833755133919735,0.3548852049491426
1774368234.4844542,base,484323164,1774368234,-0.012267793783857301,0.9379158432802648,0.3466184958716443,-0.004357806698971319,-0.2170069168208732,0.3833757284089014,0.35488736245189895
1774368234.4853642,base,485293010,1774368234,-0.01226422274528658,0.9379159366715069,0.3466183751520512,-0.004357359867595293,-0.21700666725545806,0.38337427319342815,0.3548858978931255
1774368234.4864898,base,486362205,1774368234,-0.012264034697818225,0.9379159972153911,0.3466182189054855,-0.0043572862171413805,-0.21700650314958056,0.38337428588908584,0.3548858389815017
1774368234.4873855,base,487291549,1774368234,-0.012266214950693717,0.9379162613076476,0.34661741689841213,-0.004358101437577691,-0.2170052684359829,0.38337576150762903,0.35488763434932696
1774368234.4884837,base,488374978,1774368234,-0.012267700864986386,0.9379169539692611,0.3466154809016606,-0.004358826885837754,-0.2170036835835051,0.3833779640786754,0.35488788770713703
1774368234.4893973,base,489309804,1774368234,-0.012263938992897615,0.9379156211773104,0.34661925074738126,-0.004356416334813561,-0.21700526470416467,0.3833743759649469,0.3548846915221984
1774368234.4905741,base,490479554,1774368234,-0.012265531495476658,0.9379168610218749,0.3466158323617118,-0.0043569833835204125,-0.2170031460539181,0.383376011765421,0.35488611532261544
1774368234.4914746,base,491392795,1774368234,-0.012265361488943064,0.9379167518207566,0.34661613600796587,-0.00435681310753775,-0.21700325144342109,0.3833758596463519,0.35488602322834367
1774368234.4925704,base,492470362,1774368234,-0.01226727737495743,0.9379167088011071,0.3466161836586868,-0.004356889187555548,-0.2170050449816423,0.38337616412600406,0.3548877630498224
1774368234.493369,base,493281523,1774368234,-0.012263667332779647,0.9379158117241602,0.3466187490312361,-0.0043560763746348635,-0.21700553942962264,0.3833752718317642,0.35488452493095946
1774368234.4945602,base,494465279,1774368234,-0.012264819281932947,0.9379166006524664,0.346616540762187,-0.004358680827780384,-0.21700470837321828,0.38337498025114086,0.3548859298847235
1774368234.495469,base,495373271,1774368234,-0.012267248966435055,0.9379134509745913,0.346625004481042,-0.004356529839899665,-0.21700785998893227,0.38337439457101646,0.3548865280121688
1774368234.4965355,base,496399584,1774368234,-0.012268262957349573,0.9379129462163815,0.3466263379590219,-0.004356245727027673,-0.21700834644072786,0.38337428090083786,0.35488696640707684
1774368234.497436,base,497357707,1774368234,-0.012270762986133416,0.9379145923132268,0.34662177442220576,-0.004357912120860524,-0.21700708080122938,0.3833752572551737,0.35489011575525675
1774368234.4984818,base,498367670,1774368234,-0.012264516302165008,0.9379170062133964,0.34661547018129074,-0.004357399060961223,-0.2170034055944721,0.38337614378720775,0.3548852026082612
1774368234.4994516,base,499372745,1774368234,-0.01226375646517351,0.9379149744839765,0.34662101473545887,-0.00435580759965522,-0.21700503692166218,0.3833749114440404,0.35488463748447596
1774368234.5005937,base,500468156,1774368234,-0.012263333818303303,0.9379156147323713,0.34661928233089667,-0.0043569945229490455,-0.2170053306458404,0.38337442959219814,0.3548837042873438
1774368234.5014532,base,501336114,1774368234,-0.012263367868024707,0.9379157792540271,0.34661883276559935,-0.004357247647080164,-0.21700526500137848,0.38337462516289156,0.3548834353709819
1774368234.5024648,base,502363083,1774368234,-0.012262298620393262,0.9379157566214334,0.3466189467552972,-0.004356060609836571,-0.21700591102528735,0.383374432608579,0.3548833794622118
1774368234.5034876,base,503388552,1774368234,-0.012265441345093692,0.9379160875661325,0.3466179155396022,-0.004358011040605405,-0.21700573824351313,0.3833751311244868,0.3548862254614864
1774368234.5045075,base,504401680,1774368234,-0.012264520765861557,0.9379157168885552,0.3466189756098422,-0.004356063704197737,-0.21700621418495353,0.3833752151900704,0.3548860477014257
1774368234.5054662,base,505371432,1774368234,-0.012266986724294996,0.9379149671642893,0.3466208962276094,-0.0043577177839911,-0.21700695597797032,0.3833756828927976,0.35488651662849224
1774368234.5064662,base,506355217,1774368234,-0.012267778439571185,0.9379150097222082,0.346620747500443,-0.004358159265303369,-0.2170072241666184,0.38337594328195046,0.35488691047882304
1774368234.5074937,base,507396971,1774368234,-0.0122669965137155,0.9379153825908911,0.34661976716617665,-0.004358085081792875,-0.21700804348249997,0.38337567133593725,0.35488758751766947
1774368234.5084505,base,508347549,1774368234,-0.012264486639145224,0.9379143994017387,0.34662254138253984,-0.004356095483734863,-0.2170086803181647,0.3833736114780388,0.35488565298952474
1774368234.5094373,base,509347870,1774368234,-0.012263325548515048,0.9379148565684031,0.3466213389663281,-0.004356609685622836,-0.21700654109319156,0.3833740316766458,0.3548845639428437
1774368234.5104425,base,510341170,1774368234,-0.012262318500919217,0.9379152793516531,0.34662021200389787,-0.004358088349891725,-0.21700743976780154,0.3833729361849751,0.3548836771424535
1774368234.511356,base,511274294,1774368234,-0.01226223628668387,0.937915257282631,0.3466202733075304,-0.004358193423697064,-0.21700754282881346,0.3833728456147842,0.35488363710267645
1774368234.5124707,base,512365380,1774368234,-0.012261394522232958,0.9379164851095277,0.3466169989256615,-0.004356744188869484,-0.21700420654139155,0.383373953855223,0.354882627043095
1774368234.513435,base,513351020,1774368234,-0.012264556673701384,0.9379149827315082,0.3466209496218851,-0.004356960015274554,-0.21700818611374684,0.3833733792065165,0.35488576108403846
1774368234.5144672,base,514341046,1774368234,-0.01226345011763529,0.9379148519963095,0.3466213525857456,-0.0043561597286118,-0.21700848393770936,0.38337361143725934,0.3548846806098744
1774368234.5154166,base,515335471,1774368234,-0.01226330748094758,0.937914641814988,0.34662192133235487,-0.004356559486259922,-0.21700840003306485,0.3833732678592784,0.3548851504300048
1774368234.5165746,base,516379202,1774368234,-0.01226325876119868,0.9379146333027982,0.34662194618455844,-0.004356551877627932,-0.21700840550205436,0.38337323026397035,0.35488510634646125
1774368234.5174727,base,517318076,1774368234,-0.012263387690640011,0.9379155781793418,0.34661938208924675,-0.004356775290128849,-0.21700809245955435,0.383374164079111,0.354885282009582
1774368234.5183454,base,518254895,1774368234,-0.012261291680802273,0.9379143798334361,0.34662269949171176,-0.004356721824704906,-0.21700814982567476,0.38337239110005095,0.35488288922986544
1774368234.5193987,base,519311184,1774368234,-0.012263924781473796,0.9379147472939164,0.34662161119778717,-0.00435678874784723,-0.21700765655516438,0.38337321340045494,0.35488517478129644
1774368234.520468,base,520362622,1774368234,-0.012265251501624802,0.9379147367437048,0.34662160105508927,-0.0043561320681690585,-0.21700824546089142,0.38337293858186156,0.35488472277604927
1774368234.5213895,base,521290593,1774368234,-0.01226553101561596,0.9379146280901787,0.3466218896482704,-0.004355775479629379,-0.21700827326194644,0.3833731223347963,0.35488450965058427
1774368234.5224917,base,522374752,1774368234,-0.012263819338578359,0.9379151946057736,0.3466204029259118,-0.004356918443492585,-0.21700704547088326,0.383374107345274,0.3548842741819638
1774368234.523509,base,523408433,1774368234,-0.012265817085875284,0.9379152975360887,0.34662005197370704,-0.004357057349919197,-0.2170076501344831,0.3833750829199138,0.35488641104270624
1774368234.5244856,base,524393326,1774368234,-0.012265866384664256,0.9379156350372851,0.34661914037321634,-0.004356787965032591,-0.2170074485934241,0.38337465868412657,0.35488708776835454
1774368234.5254471,base,525354705,1774368234,-0.012264518433176927,0.9379150122617699,0.34662087173246736,-0.00435690727819647,-0.21700826340295246,0.3833744423290111,0.3548860026801334
1774368234.5265656,base,526456441,1774368234,-0.012264010823212396,0.9379150230444194,0.3466208611387053,-0.004356857764107861,-0.21700818751240475,0.38337431243389714,0.3548855636168422
1774368234.527405,base,527324554,1774368234,-0.012265087558440283,0.9379158651416778,0.34661854916978363,-0.004356479559941579,-0.2170065993332799,0.38337524320526817,0.35488613067724145
1774368234.5284784,base,528365141,1774368234,-0.012265071923512564,0.937915193928152,0.34662035126776247,-0.004357648040047631,-0.21700592727032264,0.3833751180671555,0.3548851504575691
1774368234.5293186,base,529234349,1774368234,-0.01226357463838508,0.9379158496600463,0.3466186364481177,-0.004357127541143607,-0.2170061310911728,0.3833738339515076,0.35488479477404306
1774368234.5304184,base,530323512,1774368234,-0.012263929286698198,0.9379150018876993,0.3466209225478754,-0.004356756190988861,-0.21700856517031802,0.38337303765065933,0.3548847752558441
1774368234.5313766,base,531294729,1774368234,-0.012263725809397332,0.9379150047442045,0.3466209230821171,-0.004356671510669187,-0.217008539096485,0.38337293959345736,0.3548846723172972
1774368234.5326488,base,532465497,1774368234,-0.012263930301016848,0.9379153356327611,0.34662001612745624,-0.004357019423744247,-0.21700780785560553,0.38337314185240157,0.35488521609349283
1774368234.5334651,base,533383964,1774368234,-0.012262833678739206,0.9379154701536988,0.34661968882676286,-0.0043571864972582145,-0.21700516784463508,0.3833732297061631,0.35488424166273663
1774368234.5344465,base,534326146,1774368234,-0.012263975579723906,0.9379156286379063,0.3466192233823045,-0.004356884390137032,-0.2170057521769838,0.3833736239166185,0.35488520063938545
1774368234.5355675,base,535431962,1774368234,-0.012263871301812172,0.9379155716227686,0.3466193795598766,-0.004357026710277399,-0.21700656996192697,0.3833738271076512,0.35488516945670384
1774368234.5365627,base,536461777,1774368234,-0.012263807122655644,0.9379155573881754,0.34661941672627056,-0.004357314818370422,-0.21700680027877434,0.38337369420427786,0.3548851673352737
1774368234.5374784,base,537386782,1774368234,-0.012264318292972793,0.937915747320305,0.3466189030913767,-0.004355851826363737,-0.21700658361351913,0.38337526795041893,0.3548853716397796
1774368234.5384896,base,538400150,1774368234,-0.012265800536004647,0.93791528949093,0.34662007014246937,-0.004357390364165763,-0.2170082271462872,0.3833742364050925,0.3548869448568709
1774368234.5394707,base,539391410,1774368234,-0.012267503327028528,0.9379157174961049,0.34661885973767825,-0.004356754530602859,-0.21700610480511595,0.38337599717919935,0.3548870848946304
1774368234.5405257,base,540434122,1774368234,-0.01226263293364979,0.9379152083918447,0.34662040877722017,-0.0043568245236353855,-0.21700602441026992,0.38337373918144996,0.35488364451968035
1774368234.5413942,base,541303234,1774368234,-0.01226219970234905,0.9379151090975374,0.3466206897145911,-0.004357068601181828,-0.21700600368118636,0.38337362976077666,0.3548835730229932
1774368234.5424922,base,542401809,1774368234,-0.012262426863944745,0.9379144107725101,0.34662258724477046,-0.004355796643898716,-0.21700684093060923,0.38337378684967677,0.35488365443469005
1774368234.5434914,base,543395425,1774368234,-0.01226217229753638,0.9379152491075978,0.34662032008986743,-0.004356411685797998,-0.21700492679158132,0.3833741913927229,0.35488354086758767
1774368234.544445,base,544355693,1774368234,-0.01226576455091763,0.9379158691975422,0.3466184854165833,-0.004358772179646996,-0.21700639397695984,0.38337506895097373,0.35488619732462584
1774368234.5454142,base,545340686,1774368234,-0.012268899363307993,0.9379164540278454,0.34661681298211433,-0.004357101142695546,-0.2170045771010642,0.3833770773629108,0.3548882972270771
1774368234.5465279,base,546412622,1774368234,-0.012268390829403335,0.9379164375356905,0.3466168818801481,-0.004356602173659445,-0.21700424225086565,0.3833769896503339,0.3548880232287958
1774368234.5474868,base,547390779,1774368234,-0.01226749573501854,0.9379160396742727,0.3466179729554492,-0.00435796906539598,-0.21700642132610212,0.3833755251607906,0.35488785724284705
1774368234.5485063,base,548415931,1774368234,-0.012264954110954488,0.9379163215969891,0.34661730389117545,-0.004357662887593997,-0.21700490708778558,0.38337565472656104,0.3548861973919815
1774368234.5493677,base,549284349,1774368234,-0.012262662945356564,0.9379178110785709,0.34661335549973094,-0.004357585144107964,-0.21700262221839067,0.38337684343749723,0.35488446765810466
1774368234.5504642,base,550372645,1774368234,-0.012266256491509251,0.9379158161551298,0.34661862424294304,-0.004357761543597581,-0.2170079717556965,0.3833746452322795,0.35488591117303464
1774368234.5514562,base,551357537,1774368234,-0.012266540780383162,0.937915894107048,0.34661840205884775,-0.0043578564490930225,-0.21700821283490193,0.3833745072065677,0.3548857836289711
1774368234.5524666,base,552357268,1774368234,-0.012266222642457175,0.9379148358333692,0.34662128669295283,-0.004357076665792213,-0.21700704051191635,0.3833740256063659,0.35488636986336414
1774368234.5534384,base,553339631,1774368234,-0.012265069053504902,0.9379154563813551,0.34661963712043087,-0.00435797252953228,-0.21700547450701713,0.38337535563025354,0.3548850241505793
1774368234.554414,base,554321189,1774368234,-0.012265091277031816,0.9379160962970107,0.3466179024829064,-0.004358155721536336,-0.21700426350039162,0.38337533305903193,0.3548847658657827
1774368234.555454,base,555362789,1774368234,-0.012265929555429564,0.9379173382524106,0.34661451098802665,-0.0043582508171910485,-0.21700410354126093,0.3833779089829151,0.35488664498408895
1774368234.5565066,base,556373094,1774368234,-0.012265512592535348,0.9379173976073375,0.34661436620476527,-0.004358165530457308,-0.21700395098444467,0.38337789275592604,0.3548866287651999
1774368234.557409,base,557315551,1774368234,-0.012262423582946658,0.9379158476989424,0.3466187021403137,-0.004355563064767083,-0.21700322323070334,0.3833750488459542,0.3548832352532379
1774368234.5584807,base,558299298,1774368234,-0.01226171358531868,0.9379173189943134,0.3466147252290578,-0.00435721985395625,-0.2170028261119499,0.3833754910246352,0.3548838141115355
1774368234.5595603,base,559350517,1774368234,-0.012267478533662253,0.9379161081644397,0.3466177900299866,-0.004357826387697866,-0.21700499133813134,0.3833760728670073,0.35488752745249774
1774368234.5605612,base,560415731,1774368234,-0.01226580552576308,0.9379163796009203,0.3466171061036877,-0.004358514358299519,-0.21700335025199283,0.38337649631062015,0.354885501153345
1774368234.5615063,base,561325440,1774368234,-0.012265534871517275,0.9379162794806738,0.3466173874524476,-0.004358446407380572,-0.2170036041839533,0.38337634829838013,0.3548851286512487
1774368234.5625625,base,562330333,1774368234,-0.01226424583336066,0.9379162723657283,0.34661746016338135,-0.004357822346387927,-0.21700295400391492,0.3833766550386696,0.35488558000451187
1774368234.5634782,base,563315195,1774368234,-0.012264078551128564,0.9379153654229393,0.3466199440892151,-0.004355920159428431,-0.21700549120022428,0.3833749743216673,0.354884641926709
1774368234.5644963,base,564363343,1774368234,-0.012263926248118598,0.9379157696847435,0.3466188374065385,-0.004357366704262797,-0.21700482626447115,0.3833755985370568,0.3548852091860619
1774368234.5654044,base,565312229,1774368234,-0.01226151512830631,0.937917296516365,0.3466147892866513,-0.004357521079873555,-0.2170018554696073,0.3833765087476613,0.3548834186048923
1774368234.5665522,base,566382418,1774368234,-0.012261462381066535,0.9379174205669433,0.3466144544143369,-0.004357605808332672,-0.2170016681066171,0.3833765889375845,0.3548834017515812
1774368234.5674548,base,567351773,1774368234,-0.012264739769794374,0.9379170229567296,0.3466154081435944,-0.004358100941269855,-0.21700293810627957,0.38337767261286987,0.35488663595358744
1774368234.5684721,base,568377218,1774368234,-0.012265969655448305,0.9379172210104288,0.34661482667523547,-0.0043582621975633146,-0.2170036996264177,0.38337728228645557,0.3548877377649393
1774368234.5694675,base,569365168,1774368234,-0.012263733399759232,0.937917521072161,0.34661409135184423,-0.004358461344022742,-0.21700341592597666,0.3833764333577632,0.35488694547276667
1774368234.570404,base,570316854,1774368234,-0.012263977696708101,0.9379157591622376,0.3466188702688576,-0.004356872699439182,-0.2170060427728345,0.38337605959736,0.3548849964474294
1774368234.571412,base,571291293,1774368234,-0.012264163016946356,0.9379155936714667,0.34661931170206584,-0.004356857649731444,-0.21700618921138776,0.3833760750903837,0.3548845165893025
1774368234.572438,base,572306116,1774368234,-0.012264842790162756,0.9379168064045188,0.3466159948502581,-0.00435775277486259,-0.2170037458583815,0.3833763309494534,0.35488565137214667
1774368234.573416,base,573285298,1774368234,-0.01226264519669214,0.9379176001721387,0.3466139104556963,-0.0043588873266823145,-0.21700306492613416,0.3833756620480768,0.35488477330081647
1774368234.5745075,base,574318515,1774368234,-0.012266053710284526,0.9379151591318529,0.3466204226220648,-0.004356698101625128,-0.2170055938330551,0.38337570936750404,0.35488577675993294
1774368234.5755455,base,575356491,1774368234,-0.012266018992812695,0.9379146454423968,0.3466218151741033,-0.0043565913442641805,-0.21700514422989764,0.3833767706619428,0.3548859710512295
1774368234.5765572,base,576365404,1774368234,-0.01226489973246826,0.9379145590822975,0.3466220942180037,-0.004356133140446329,-0.21700501616330997,0.38337658673190844,0.3548851930386849
1774368234.5774326,base,577293055,1774368234,-0.012268153871473368,0.9379168191031374,0.34661583906356486,-0.004358090671323665,-0.2170033188354304,0.3833783987460849,0.35488902431062863
1774368234.5785608,base,578383861,1774368234,-0.012263485220298073,0.9379160333120952,0.3466181384525649,-0.004357462797891358,-0.21700461050136555,0.3833753892038003,0.35488457257491507
1774368234.5794077,base,579294541,1774368234,-0.012266829176669637,0.9379164585313763,0.3466168516970973,-0.004358880303930646,-0.21700490874662007,0.3833759479011677,0.35488712668259004
1774368234.5804355,base,580347484,1774368234,-0.012264201431541555,0.9379172264751201,0.3466148804575184,-0.0043577849746128435,-0.21700365236461625,0.38337647902964195,0.3548854546180154
1774368234.581389,base,581283692,1774368234,-0.012263592722531351,0.937917313453278,0.3466146679499253,-0.004357680585395098,-0.21700336819815932,0.38337634041558716,0.3548851663245059
1774368234.5824609,base,582367670,1774368234,-0.012263779538274677,0.9379167967878523,0.3466160602280528,-0.004357614787227157,-0.2170030769032718,0.383375857888049,0.35488512405061473
1774368234.5833988,base,583286709,1774368234,-0.012261874887535345,0.9379153772112224,0.3466199783272299,-0.00435686118708111,-0.21700641175427499,0.3833736120306621,0.35488419151168393
1774368234.5844996,base,584348457,1774368234,-0.012264388866209399,0.9379169966362554,0.3466155071520512,-0.004356878273623415,-0.21700388333253867,0.3833762768731356,0.35488525409102745
1774368234.58535,base,585275378,1774368234,-0.012264950535919012,0.9379158948642375,0.34661845842614764,-0.00435768604294588,-0.2170046093799786,0.38337554895269255,0.3548856200171611
1774368234.5864787,base,586310562,1774368234,-0.012265003554605783,0.9379156720320516,0.34661905584981173,-0.004357977312442017,-0.21700491648066908,0.38337545213364,0.3548857217402475
1774368234.5874186,base,587338386,1774368234,-0.012266623468047385,0.9379148306045916,0.34662128185735014,-0.0043574584588601225,-0.21700671491128165,0.3833755944710994,0.3548873294563189
1774368234.5884318,base,588349158,1774368234,-0.012263787538968859,0.9379145560495021,0.3466221223271021,-0.004357680474728461,-0.2170066111513178,0.38337355462179845,0.35488462398442505
1774368234.589402,base,589323827,1774368234,-0.012263008911289883,0.9379155085093313,0.34661958265340975,-0.00435688320938097,-0.2170065066604977,0.38337357843387454,0.35488382566223753
1774368234.5904367,base,590292763,1774368234,-0.012263841638400635,0.9379158478673121,0.3466186301568765,-0.004357262418043612,-0.21700689235389317,0.38337432514211217,0.3548851982257165
1774368234.5916572,base,591410376,1774368234,-0.01226382770732452,0.937915761691927,0.34661886378744716,-0.004357265945127496,-0.21700712495036437,0.3833741848636233,0.35488518722544526
1774368234.5925543,base,592350917,1774368234,-0.012262743847021087,0.9379164880781724,0.34661693294807727,-0.004357556438847109,-0.2170054968683645,0.38337443267868715,0.3548831043487465
1774368234.593441,base,593342503,1774368234,-0.012260985585220636,0.9379157559833384,0.3466189758443256,-0.004357579065556352,-0.2170051029008457,0.3833734080333097,0.3548825980156092
1774368234.5945168,base,594319306,1774368234,-0.012265008739987376,0.9379148656296498,0.3466212543652502,-0.00435665167124466,-0.21700779687914,0.38337382495410793,0.3548859572793057
1774368234.5954237,base,595289224,1774368234,-0.012263578300228678,0.9379147419526144,0.3466216568403308,-0.004355282367300276,-0.21700741855375785,0.3833727424637542,0.35488453488470206
1774368234.5964184,base,596306761,1774368234,-0.012264220020267324,0.937914781141405,0.34662152690316883,-0.004355377260417633,-0.21700730145414807,0.3833730208076637,0.35488513389851345
1774368234.5973852,base,597279750,1774368234,-0.012264318937026501,0.9379141089491039,0.3466233431025171,-0.00435531074141484,-0.21700900299748757,0.3833728054246275,0.354885251139791
1774368234.5984607,base,598303970,1774368234,-0.01226261733657172,0.937913489714195,0.3466250713914481,-0.004355905310166988,-0.21700961980483313,0.3833720108383114,0.35488443313925694
1774368234.5994468,base,599280883,1774368234,-0.012263534401234814,0.937915847659959,0.34661864180504054,-0.0043572451755014814,-0.21700712269920228,0.3833742369031094,0.35488492128487087
1774368234.6004627,base,600308876,1774368234,-0.01226421423375409,0.9379143242481518,0.34662274000880405,-0.004357238592345218,-0.21700906659870078,0.38337256398704145,0.35488521657299066
1774368234.6014507,base,601314367,1774368234,-0.012264255373812294,0.9379143359924466,0.34662270594065436,-0.004357304941428875,-0.21700906657683175,0.3833725523762072,0.3548852636645585
1774368234.6024241,base,602305968,1774368234,-0.012264753836644505,0.9379143484649269,0.34662265545856175,-0.004357233043258629,-0.21700775354736773,0.38337352230112953,0.3548853922429235
1774368234.6033728,base,603274792,1774368234,-0.012265795086812947,0.9379139485439463,0.34662370114504637,-0.004357201177544397,-0.2170080889934677,0.3833744320053245,0.35488716688617067
1774368234.6043904,base,604301754,1774368234,-0.01226502724877619,0.9379137189318044,0.34662435009205717,-0.0043571629941950825,-0.2170097974505333,0.3833735938441061,0.35488650307160974
1774368234.6053905,base,605299454,1774368234,-0.012264907929304344,0.9379143740067973,0.3466225749356142,-0.004357706957538861,-0.21700874220733524,0.3833726502707287,0.35488619178279873
1774368234.6064982,base,606344445,1774368234,-0.012264820403156514,0.937914187652083,0.3466230829352049,-0.004357655092563294,-0.21700880318732368,0.3833725439073563,0.35488610613699667
1774368234.6074545,base,607325967,1774368234,-0.0122631803202918,0.9379135205655228,0.34662496204977855,-0.004356378405097923,-0.21700956415079434,0.38337218580975624,0.354884472274288
1774368234.6084802,base,608342339,1774368234,-0.012258307666786792,0.9379143067039588,0.34662303401087274,-0.004354246924100741,-0.21700949301070807,0.38337052094609064,0.354879582269509
1774368234.6093645,base,609228498,1774368234,-0.012264533187695536,0.9379131847522043,0.3466258195715078,-0.0043566386177828886,-0.21701045687366127,0.3833722136086133,0.35488454522655344
1774368234.610542,base,610345338,1774368234,-0.012264998258011486,0.9379136732758651,0.3466244708059913,-0.004357469262226867,-0.21700845317443326,0.3833736305703619,0.3548846725023752
1774368234.6114225,base,611280467,1774368234,-0.012265210525125973,0.937913762986861,0.34662421827337325,-0.004357650395980253,-0.21700832725098568,0.38337401598004495,0.3548847617714194
1774368234.6125097,base,612348108,1774368234,-0.012264905240540993,0.9379140261368624,0.346623536139583,-0.004356130079869067,-0.2170087419363234,0.38337387349284213,0.35488536786012914
1774368234.613422,base,613276220,1774368234,-0.01226706552202005,0.9379141271312068,0.3466231819571054,-0.004356484949625123,-0.21700918332747382,0.38337448556399106,0.3548865159592771
1774368234.6144378,base,614281674,1774368234,-0.012266538391633951,0.9379136158004181,0.3466245691515632,-0.004357682017489756,-0.21700919492127685,0.38337362853318396,0.3548862466944238
1774368234.6153598,base,615261614,1774368234,-0.012264596896073109,0.9379132673811006,0.3466255956381557,-0.00435648734403718,-0.2170096653611727,0.3833716747711588,0.35488516655209584
1774368234.61642,base,616274610,1774368234,-0.012264330381334048,0.9379133192950289,0.34662546530935173,-0.004356430689704064,-0.2170097872494585,0.38337141976681566,0.3548852876655134
1774368234.6173415,base,617262405,1774368234,-0.012264411830377459,0.9379141711724714,0.34662315194254134,-0.004356862831063324,-0.2170077509641968,0.3833741008634292,0.35488527202501363
1774368234.6183908,base,618239973,1774368234,-0.012263507860135822,0.9379151467338712,0.34662054637552175,-0.004356688246841612,-0.217008174745162,0.3833733709050928,0.3548844856519191
1774368234.6194136,base,619322396,1774368234,-0.012263345157444674,0.9379135552675252,0.34662485030142726,-0.00435733456296273,-0.21700909526514406,0.3833719974539493,0.35488445522604234
1774368234.6204612,base,620347321,1774368234,-0.012265090700117429,0.9379145360647126,0.3466221371155276,-0.004357137833162181,-0.21700643561554547,0.38337470962885795,0.35488591375455136
1774368234.6214561,base,621361669,1774368234,-0.01226517529046019,0.9379142487992511,0.3466229165132492,-0.004356732982397233,-0.21700634814136152,0.3833747425892483,0.35488591186261365
1774368234.6224387,base,622284958,1774368234,-0.01226306283277073,0.9379154428071041,0.34661976259368227,-0.004356559813957462,-0.21700694275975574,0.38337366692001656,0.35488438376533354
1774368234.623353,base,623266181,1774368234,-0.012264865551695528,0.9379152306432305,0.3466202684703705,-0.00435691243692436,-0.2170068509001651,0.3833736273360784,0.35488598842887
1774368234.624496,base,624340974,1774368234,-0.012265513608501373,0.9379147490920372,0.3466215440293575,-0.0043572727989700894,-0.21700870181321244,0.383373510117671,0.3548860710481988
1774368234.6253638,base,625270935,1774368234,-0.012264567180991,0.9379150313047531,0.34662080912089216,-0.004357651758130379,-0.2170070789561083,0.3833741684422177,0.3548858738945823
1774368234.6264474,base,626318329,1774368234,-0.012264544718203053,0.9379150661160304,0.3466207143939619,-0.0043577572714806525,-0.2170070918509251,0.38337416022945786,0.3548858739410147
1774368234.6273808,base,627299296,1774368234,-0.012267144632260502,0.9379147241202224,0.3466215410365157,-0.004358294451919608,-0.21700801888383656,0.3833737495024595,0.3548864851206325
1774368234.6284559,base,628344734,1774368234,-0.01226798610595826,0.9379141089509101,0.3466231960307586,-0.004356686946143454,-0.2170080200478613,0.3833760776180727,0.3548880162442955
1774368234.629383,base,629293333,1774368234,-0.012264029555273517,0.9379147373384527,0.34662162683531134,-0.00435739285018979,-0.2170074763786079,0.3833727989316328,0.3548840437052774
1774368234.6304302,base,630335029,1774368234,-0.012264039893089955,0.9379163519712469,0.3466172552244262,-0.004357569406643295,-0.21700483173990653,0.3833749729358273,0.35488522255978855
1774368234.6313844,base,631296286,1774368234,-0.012263541670552446,0.9379163952676962,0.3466171557650277,-0.004357563896012715,-0.21700476172785133,0.38337482607229867,0.35488507857238355
1774368234.6324694,base,632320527,1774368234,-0.012265577122697581,0.9379164797787646,0.3466168460328387,-0.004358282173606669,-0.2170059996445385,0.383375535247458,0.3548868290685701
1774368234.6333332,base,633251750,1774368234,-0.01226507980382476,0.9379155430389893,0.34661940642002254,-0.0043576411411278965,-0.21700730225712553,0.3833741870388687,0.35488601090972055
1774368234.6344438,base,634319938,1774368234,-0.012266072130244568,0.937917089867034,0.34661517536615855,-0.004358464837184879,-0.21700433865387608,0.38337705660074806,0.35488758950633137
1774368234.635376,base,635294284,1774368234,-0.012267551065259348,0.9379162343619035,0.34661743957443975,-0.004358336162785004,-0.2170057224450182,0.3833764406971715,0.3548874254948951
1774368234.6364,base,636312292,1774368234,-0.012267860083902914,0.9379162532319714,0.34661737637419787,-0.00435843179709882,-0.21700568510339144,0.3833764788456909,0.3548873176414079
1774368234.6373749,base,637293482,1774368234,-0.01226492396320769,0.9379168049926553,0.34661599018673683,-0.004358199102163837,-0.2170039111768222,0.38337476300869433,0.35488598451421016
1774368234.6384733,base,638335760,1774368234,-0.012261853482876534,0.9379165334844647,0.3466168384046581,-0.004357809083532497,-0.217002217969326,0.3833750346725472,0.35488331392884426
1774368234.6393147,base,639231947,1774368234,-0.012266475718958269,0.937916392866055,0.34661706525768793,-0.004357021770864084,-0.2170049968793919,0.38337594247306694,0.35488761809012875
1774368234.6404064,base,640280166,1774368234,-0.012264065368590763,0.9379169470860257,0.3466156540107098,-0.004356772221730957,-0.21700401833963792,0.3833760568635839,0.35488526611507965
1774368234.6413023,base,641226546,1774368234,-0.012264327430896638,0.9379170605754293,0.34661533351744706,-0.004357100504119484,-0.2170040592936379,0.383376266224305,0.3548855703445346
1774368234.642391,base,642273686,1774368234,-0.012264388405989776,0.9379167896682075,0.34661605551131175,-0.004357808771602628,-0.21700572957074546,0.383375784183196,0.3548862954712076
1774368234.643383,base,643279353,1774368234,-0.012265803679588015,0.9379162741809689,0.34661740038428307,-0.004357801902928081,-0.21700474602477143,0.3833769904878299,0.35488699937077706
1774368234.64446,base,644353413,1774368234,-0.012262944383042207,0.937917579120209,0.34661397452415293,-0.004357480569630537,-0.21700244887083586,0.3833766308963051,0.35488494980661456
1774368234.645442,base,645357149,1774368234,-0.012268015186144116,0.9379176799233483,0.3466135013105314,-0.004359151276369104,-0.2170031647509245,0.38337760903111495,0.35488794881640756
1774368234.6464572,base,646347059,1774368234,-0.012268548084907986,0.9379176820852383,0.3466134751678105,-0.004359265056839869,-0.21700322600724176,0.38337774478382763,0.35488804060395557
1774368234.6474023,base,647320864,1774368234,-0.012263830679380375,0.9379169059878362,0.34661575711979203,-0.004358077046737732,-0.21700387104303268,0.38337578393890026,0.35488446208225455
1774368234.6484416,base,648336639,1774368234,-0.012260567644921935,0.9379168764853617,0.3466159755707418,-0.004356232788792735,-0.21700286639727867,0.38337551900392236,0.3548819779893726
1774368234.649305,base,649227487,1774368234,-0.012266351602250192,0.9379170471838455,0.34661528161243993,-0.004358414050445529,-0.2170043845767659,0.3833763505668739,0.35488633024331623
1774368234.650433,base,650319705,1774368234,-0.012263359355790458,0.9379173944077244,0.34661445876487906,-0.004357552049694361,-0.21700277539732368,0.3833763293936723,0.3548846561113911
1774368234.6514015,base,651314173,1774368234,-0.012262730831125961,0.9379174766151153,0.34661425930905765,-0.004357491954250933,-0.2170024806063368,0.3833762112042539,0.35488436818139474
1774368234.6523888,base,652297904,1774368234,-0.012263972239394695,0.9379155029070815,0.34661956371282354,-0.004356884552013079,-0.21700607162710867,0.38337483203357614,0.35488518086649923
1774368234.6534488,base,653308103,1774368234,-0.012261412870758262,0.9379167156960233,0.34661636429192,-0.004357542592879507,-0.2170036878914294,0.3833761152092848,0.3548833867087021
1774368234.6545513,base,654318385,1774368234,-0.012262304937725163,0.9379165773658329,0.34661670366785485,-0.004357811194442475,-0.21700235049653716,0.3833756224938011,0.3548838895820461
1774368234.6553822,base,655291248,1774368234,-0.012265924138201004,0.9379166778882484,0.3466163027852748,-0.004357876498299586,-0.21700452737419404,0.3833768034080768,0.3548862011459497
1774368234.6564336,base,656311911,1774368234,-0.012266537879231239,0.9379168290168568,0.34661587030308205,-0.004358021277895343,-0.217004534252871,0.3833769728938555,0.35488636939623025
1774368234.657393,base,657261719,1774368234,-0.012262593331427228,0.9379169715702703,0.3466156309421448,-0.0043574799850001076,-0.21700284667803055,0.38337560267528553,0.35488357186681907
1774368234.6584146,base,658296929,1774368234,-0.012263834010445404,0.9379164842384516,0.34661690048674987,-0.00435789698191944,-0.21700374803746356,0.38337647701873095,0.3548845413753223
1774368234.6593788,base,659294684,1774368234,-0.012264892992184837,0.9379171251182692,0.3466151385745739,-0.004357122984290324,-0.21700306317681736,0.38337754739715807,0.35488544411055245
1774368234.6604052,base,660315156,1774368234,-0.012264688138146145,0.9379159382804523,0.346618364272076,-0.004356569031168142,-0.21700301153537985,0.3833764489029509,0.35488455479714154
1774368234.6613793,base,661295867,1774368234,-0.012265301996855573,0.9379158707924992,0.3466185289376979,-0.004356268993113504,-0.2170030218535296,0.3833766188350183,0.35488465345783843
1774368234.6624768,base,662327652,1774368234,-0.012264670220157854,0.9379166066351685,0.34661654517692086,-0.004357461643767818,-0.21700366414547856,0.38337715629899033,0.3548854181105555
1774368234.6634004,base,663309248,1774368234,-0.012265813657436954,0.9379164429264647,0.3466169356656951,-0.004358418659574563,-0.21700411771200814,0.38337597668788664,0.35488541837830395
1774368234.6644578,base,664351607,1774368234,-0.012264438717945888,0.9379149378346259,0.3466210601314849,-0.004358165087409229,-0.2170060797376814,0.3833737886404074,0.35488508492889037
1774368234.6653798,base,665312882,1774368234,-0.012262026756214595,0.9379149225649892,0.346621208790484,-0.004356414393029555,-0.21700704772860427,0.38337330491915356,0.35488412598147057
1774368234.6664183,base,666312133,1774368234,-0.012261417354634567,0.9379150417341577,0.34662090835723314,-0.004356377265032437,-0.2170067984564816,0.38337322723361983,0.35488405932354883
1774368234.6673844,base,667307673,1774368234,-0.012266648048019786,0.9379150913763614,0.3466205651974264,-0.0043582675863484,-0.21700717915655343,0.3833759240749551,0.35488711881164087
1774368234.668386,base,668281259,1774368234,-0.012267241981495845,0.9379161538405875,0.3466176612028306,-0.004358908272325106,-0.21700623683616804,0.3833757640663813,0.3548867101048605
1774368234.6693954,base,669321763,1774368234,-0.012265997190118116,0.9379148380655142,0.3466212828631009,-0.004357535520265886,-0.2170082190546973,0.3833748225824233,0.35488518799762436
1774368234.6704235,base,670316019,1774368234,-0.012263524486461804,0.9379142562410144,0.3466229535272384,-0.004356833149033764,-0.21700758953909904,0.38337330588649476,0.3548837100394504
1774368234.6714282,base,671332854,1774368234,-0.012263136011861592,0.9379142347946658,0.34662302583785337,-0.004356790527632402,-0.21700753241545656,0.38337308877561366,0.3548837262770515
1774368234.672436,base,672329310,1774368234,-0.012263679298354844,0.9379158432502357,0.34661864482674865,-0.004357546182750799,-0.21700548447141507,0.3833744398707497,0.35488384042663446
1774368234.6734452,base,673358136,1774368234,-0.012265057413296053,0.9379151878377243,0.34662037594545636,-0.0043570367688822035,-0.2170074124004475,0.3833748297159049,0.3548860537067395
1774368234.6745005,base,674389769,1774368234,-0.012262378128480949,0.9379159889296673,0.3466182997222875,-0.004357303104985076,-0.2170051659427908,0.3833751488114533,0.35488433605419933
1774368234.6753538,base,675267318,1774368234,-0.012263200494491314,0.9379153112548348,0.34662011320281233,-0.004356598518083401,-0.21700719123829026,0.38337420539443345,0.3548844937109404
1774368234.6763883,base,676287952,1774368234,-0.012263140487446799,0.9379154467037255,0.3466197478221736,-0.004356677590677912,-0.21700695250849442,0.38337432555963497,0.35488448627215696
1774368234.6773636,base,677285129,1774368234,-0.012268254990139123,0.9379137915718736,0.34662403277573384,-0.004357682991684762,-0.2170095937477562,0.3833746541003876,0.354889372078096
1774368234.678406,base,678340673,1774368234,-0.012263084893387377,0.9379156291507178,0.34661926325948716,-0.004356108488208099,-0.21700600284385843,0.3833743244621384,0.3548845739081163
1774368234.6793728,base,679291371,1774368234,-0.012262297860534083,0.9379147851864434,0.34662156868943367,-0.004356592604702369,-0.21700664468878503,0.38337327812142924,0.35488372421899417
1774368234.6804168,base,680349659,1774368234,-0.012262091108374961,0.9379150239830406,0.3466209338819215,-0.004356271727859844,-0.2170073531662961,0.3833729552718387,0.3548837718833475
1774368234.6813138,base,681234920,1774368234,-0.01226149077134142,0.9379150482546671,0.3466208903482527,-0.004356199684867883,-0.2170073148813937,0.38337281478131907,0.3548832398570245
1774368234.6824083,base,682337503,1774368234,-0.012264082540545366,0.9379166643595586,0.34661640403079375,-0.004357918406689297,-0.21700500229868916,0.38337539325427966,0.35488550728613544
1774368234.6833727,base,683283178,1774368234,-0.012263692798430828,0.9379160539731709,0.34661808097241764,-0.00435700371128224,-0.217005971124157,0.38337418729958056,0.35488500208467616
1774368234.68434,base,684246938,1774368234,-0.01226365153906665,0.9379152550500144,0.3466202360257882,-0.004357656804015972,-0.21700669432977554,0.3833737611759104,0.35488508392057766
1774368234.6853876,base,685313719,1774368234,-0.012266145499347873,0.9379153548051006,0.3466198699080573,-0.0043582886931227,-0.21700847699051656,0.3833750036400772,0.3548871036659726
1774368234.6864827,base,686371803,1774368234,-0.012266493739836818,0.9379153239177113,0.3466199403599298,-0.004358352503427434,-0.21700864001386658,0.383375151305701,0.35488742103434806
1774368234.6873724,base,687281481,1774368234,-0.012266486694590142,0.9379148300751182,0.34662128449613033,-0.00435774753586555,-0.21700693454032668,0.383375383633392,0.35488610346483945
1774368234.6883628,base,688295539,1774368234,-0.012267084901495966,0.9379154693243803,0.34661955515273485,-0.004356032112713431,-0.21700597287706958,0.3833760558655037,0.3548873932669476
1774368234.6893773,base,689304630,1774368234,-0.012267032856475608,0.9379148476483669,0.34662121938452084,-0.004357606915131917,-0.21700798767297141,0.38337460531158407,0.35488671871789906
1774368234.6904151,base,690349863,1774368234,-0.012270498480662433,0.9379147849284801,0.34662125837115293,-0.004358247904539027,-0.2170082514411174,0.3833765674045603,0.3548892685606984
1774368234.6913943,base,691282845,1774368234,-0.012270847180953042,0.9379147847432294,0.34662124449680565,-0.004358409458628859,-0.21700839992006793,0.38337669070917946,0.3548895018874538
1774368234.6924002,base,692335199,1774368234,-0.012265336491469154,0.9379151786038996,0.34662037827464154,-0.004358053454300975,-0.21700786452466173,0.38337347715530595,0.35488513966070023
1774368234.693366,base,693296076,1774368234,-0.012265108272112657,0.9379159515174479,0.3466182954258216,-0.0043580138012246205,-0.2170061228754517,0.38337574165315036,0.354886118772334
1774368234.694419,base,694351288,1774368234,-0.012266759895694299,0.9379144179010268,0.3466224102349227,-0.004356147147695179,-0.2170087218594299,0.3833743264137888,0.35488814254913514
1774368234.6954205,base,695323635,1774368234,-0.012266942945130161,0.9379139589581401,0.3466236408502802,-0.004356524525948224,-0.21700755622640988,0.38337540272049186,0.3548877041304944
1774368234.696383,base,696316025,1774368234,-0.012266985564768868,0.9379137391875998,0.3466242364464523,-0.004356330589230731,-0.21700762632189424,0.38337559096334933,0.35488775439985026
1774368234.697442,base,697282808,1774368234,-0.012266301971767252,0.937915019069537,0.346620778496385,-0.004357838258533406,-0.21700505780245763,0.38337552976306105,0.35488620276887695
1774368234.6982877,base,698221490,1774368234,-0.012263836547768409,0.9379152462742314,0.34662025532930174,-0.004357489521174005,-0.21700618256440832,0.3833738560587923,0.3548845074358682
1774368234.6993878,base,699302933,1774368234,-0.01226565577065435,0.9379143522789567,0.34662260981176274,-0.004357504439877813,-0.2170093496295848,0.38337288630973526,0.35488550577849576
1774368234.700429,base,700371406,1774368234,-0.01226668859511419,0.9379151217305164,0.34662048611593893,-0.004357910610758762,-0.2170076509948255,0.38337491918587235,0.3548870460097463
1774368234.7013698,base,701268720,1774368234,-0.012266281750318624,0.9379151504016612,0.34662042378242425,-0.0043578430379882915,-0.21700758829378544,0.3833748137649694,0.35488697053094326
1774368234.702462,base,702319444,1774368234,-0.012265927500609545,0.9379152550362682,0.34662016661514855,-0.004356775010060106,-0.21700662022629033,0.38337518339004967,0.3548868655518623
1774368234.7034202,base,703300380,1774368234,-0.012264657329396862,0.9379169901507698,0.34661550687229975,-0.004357540908811184,-0.21700446267576864,0.38337432124388565,0.35488438849998694
1774368234.7044418,base,704278378,1774368234,-0.012264277099107572,0.9379140066693528,0.34662361475886044,-0.004355834268953684,-0.21700631729396577,0.38337448285130044,0.3548843315157278
1774368234.7053485,base,705256366,1774368234,-0.012267931266891968,0.9379142310848179,0.34662284936782545,-0.00435812885713896,-0.21700803372079586,0.38337478924614893,0.35488783858622625
1774368234.70646,base,706313776,1774368234,-0.012268358713161183,0.937914360229326,0.34662247940356744,-0.004358557355679878,-0.2170082958025138,0.38337477280667737,0.35488798520975756
1774368234.7073715,base,707295243,1774368234,-0.012269366624491424,0.9379155704585609,0.34661916745238547,-0.004358679690161179,-0.21700531081572313,0.3833759879095433,0.3548881799063466
1774368234.7084172,base,708317578,1774368234,-0.012263556448647461,0.9379152967950192,0.34662012655340607,-0.004357647214113002,-0.21700613983832687,0.3833735705078279,0.3548846708044661
1774368234.7094064,base,709324849,1774368234,-0.012264787431569833,0.9379151822133415,0.34662038776883847,-0.004358066767842241,-0.2170059121209426,0.38337419109475,0.35488475998536456
1774368234.7104626,base,710364681,1774368234,-0.012261172889713859,0.9379161130865405,0.3466180031404355,-0.004357562499994755,-0.21700541386579802,0.3833732525396564,0.35488271165992025
1774368234.7113686,base,711297185,1774368234,-0.012260697435489411,0.9379162241293472,0.3466177197095196,-0.00435754480371993,-0.21700511673190157,0.38337328465909937,0.35488259535138245
1774368234.7124095,base,712313337,1774368234,-0.012266446143050178,0.9379154173184758,0.34661970197751696,-0.004357345102959648,-0.2170070972267644,0.3833758126574638,0.35488713616954476
1774368234.7132993,base,713225185,1774368234,-0.012265807404645591,0.93791507446412,0.34662066996487717,-0.004355940171313018,-0.21700755824524387,0.38337490739984326,0.3548851899066664
1774368234.7144449,base,714317652,1774368234,-0.01226517409894948,0.9379159134948798,0.3466183966085326,-0.0043579639646903895,-0.21700614518948047,0.3833749593389649,0.3548860557201994
1774368234.7153163,base,715248675,1774368234,-0.012264462769569837,0.9379140286523393,0.3466235370805143,-0.004356759335336606,-0.2170090219136123,0.38337365757859543,0.35488463116930513
1774368234.716399,base,716244322,1774368234,-0.01226453543543967,0.9379139610786805,0.34662371752229015,-0.0043567459507938625,-0.21700930486726522,0.3833736336176919,0.3548843963904147
1774368234.7173188,base,717232628,1774368234,-0.012265152868669282,0.9379143050237186,0.34662275628030254,-0.004357440261084484,-0.21700764113247614,0.38337388277266676,0.35488517987484874
1774368234.7184982,base,718385427,1774368234,-0.012263202945509474,0.937915478965226,0.34661964648271126,-0.004357618976944574,-0.2170057617945048,0.38337469407706315,0.35488465422257937
1774368234.7193995,base,719308646,1774368234,-0.012261641030885178,0.9379153837015551,0.34661996416616037,-0.004357248747079628,-0.21700630867198709,0.383373852222119,0.3548830936531827
1774368234.7205837,base,720392431,1774368234,-0.01226473851779296,0.9379148320356935,0.3466213569918532,-0.004356479504515616,-0.21700642899005837,0.3833746939768038,0.35488575894207863
1774368234.7214136,base,721338218,1774368234,-0.012264928889479847,0.9379146029995186,0.3466219755683807,-0.00435603634792506,-0.21700659012991116,0.3833745021731925,0.3548858847008581
1774368234.7225447,base,722409363,1774368234,-0.012264907384014345,0.9379149388726342,0.34662105541434834,-0.004356997802111422,-0.21700703448944803,0.3833749832519293,0.3548860676825965
1774368234.7234046,base,723324851,1774368234,-0.012267451533057586,0.937915774684143,0.346618694306441,-0.004357750431820364,-0.21700637912476173,0.3833762177445886,0.3548877709073906
1774368234.7245371,base,724407978,1774368234,-0.01226713596649035,0.9379158680931411,0.34661843793471975,-0.004358926239815407,-0.2170057654596416,0.38337653886398076,0.35488646172491717
1774368234.7254283,base,725324573,1774368234,-0.012263849661701794,0.9379157572490555,0.34661887060427027,-0.004357618205631997,-0.21700529496245477,0.3833756463181118,0.3548844377577149
1774368234.7265759,base,726413245,1774368234,-0.012263032156561318,0.9379158166217798,0.34661874144511967,-0.004357413456196348,-0.21700522434134745,0.3833755445438517,0.3548840433800714
1774368234.727385,base,727327571,1774368234,-0.01226426775782366,0.9379145189840502,0.34662221079373007,-0.004357269758578348,-0.21700721136913023,0.38337414394292485,0.3548854920349419
1774368234.7285554,base,728410838,1774368234,-0.012264178156200185,0.9379145121195093,0.3466222340429409,-0.004357150084268269,-0.21700793584305123,0.38337285224341666,0.3548845409647132
1774368234.7293265,base,729243957,1774368234,-0.0122641301866065,0.9379160207010807,0.346618152193398,-0.004357268989887823,-0.21700572335169957,0.38337580392037124,0.3548853286277017
1774368234.7304406,base,730318166,1774368234,-0.012266119035983826,0.9379151221767523,0.3466205035458297,-0.004358031390260565,-0.21700701578273007,0.383375223581687,0.3548871838579463
1774368234.7314048,base,731335055,1774368234,-0.012266142876386228,0.9379150409954107,0.3466207231861734,-0.004357966430273023,-0.2170072130926041,0.3833751507781711,0.35488728523151
1774368234.7325597,base,732406983,1774368234,-0.012262824341385573,0.9379151489418072,0.3466205757968327,-0.004355796013608591,-0.21700547440526444,0.38337567739137807,0.35488403654828604
1774368234.733394,base,733329394,1774368234,-0.012257796174726072,0.9379155328673566,0.3466197274010532,-0.004354792245447573,-0.21700578298106976,0.3833728645340295,0.35487950196343876
1774368234.7343934,base,734300156,1774368234,-0.01226363779961881,0.9379145310803738,0.3466222159334365,-0.004356030027040021,-0.2170067791529325,0.38337381918601177,0.35488359258252256
1774368234.735422,base,735324594,1774368234,-0.01226248352400334,0.9379140688747486,0.3466234944193779,-0.0043570656566409155,-0.21700629164467972,0.38337363351388837,0.3548835558592674
1774368234.7364657,base,736352348,1774368234,-0.012262116177672002,0.9379141571116943,0.34662326542889094,-0.004357322540035373,-0.21700611701477543,0.3833735792612704,0.3548835435687588
1774368234.737504,base,737366823,1774368234,-0.01226157629422532,0.937915201213242,0.34662046109004,-0.00435718184526662,-0.217006103038061,0.38337372195506747,0.3548828363018057
1774368234.7384484,base,738350388,1774368234,-0.012261616668459598,0.9379141903638728,0.34662320185401563,-0.00435662796519665,-0.217007644786166,0.3833732009136306,0.3548834040281434
1774368234.7394342,base,739334620,1774368234,-0.012266794197200946,0.9379154518716882,0.3466195815342677,-0.00435850862789256,-0.2170076694487216,0.38337510965680355,0.35488680146728185
1774368234.7404644,base,740382430,1774368234,-0.012267852113912625,0.9379163532391086,0.34661712394201666,-0.004357008300129918,-0.21700558134701045,0.38337689576733386,0.3548867578470259
1774368234.7414846,base,741344166,1774368234,-0.012267968073328065,0.9379163684687793,0.3466170835094828,-0.004356619913297236,-0.21700525016840222,0.38337698063837894,0.35488665351312165
1774368234.7424521,base,742344248,1774368234,-0.01226533646242837,0.9379161406867456,0.3466177865541184,-0.0043571326658739,-0.21700661266739224,0.38337566741221657,0.35488562140808666
1774368234.743433,base,743329161,1774368234,-0.012261469283119946,0.9379142412878873,0.34662307578587875,-0.00435610986120554,-0.2170073255470673,0.38337296936379023,0.3548827313061831
1774368234.7444713,base,744384314,1774368234,-0.012260394839306339,0.9379160099552214,0.3466183218954361,-0.004356594364081395,-0.21700518176157843,0.38337401445217806,0.3548822720826439
1774368234.745388,base,745291699,1774368234,-0.012263773542165495,0.9379163296564479,0.34661732574502563,-0.004357512553126242,-0.2170043100987913,0.38337564671433033,0.35488540595038426
1774368234.746462,base,746380933,1774368234,-0.012264043463005922,0.9379163262264715,0.34661732400517903,-0.004357629546600844,-0.21700430774491922,0.383375625487089,0.3548856716775089
1774368234.747388,base,747287170,1774368234,-0.012264205024981868,0.9379157204652042,0.34661896573084766,-0.004356968558478341,-0.21700634086470613,0.3833744253765276,0.35488452705367474
1774368234.7484462,base,748297518,1774368234,-0.01226444017636175,0.9379142100299359,0.34662303918173487,-0.004357389069058716,-0.2170085949439173,0.38337324381492943,0.3548858707768227
1774368234.7494574,base,749333008,1774368234,-0.012267669681573022,0.9379157781748116,0.3466186641489814,-0.00435878364880346,-0.21700677211476127,0.38337502412486235,0.3548871525386898
1774368234.7505035,base,750392137,1774368234,-0.012265982774298499,0.9379145199538144,0.34662214733138175,-0.004357281924378144,-0.2170079692184986,0.38337368810234096,0.35488687835154037
1774368234.7514298,base,751311723,1774368234,-0.012265609248087984,0.937914226364435,0.346622956843727,-0.004357132300993441,-0.21700817598785999,0.38337343762983106,0.35488682047427683
1774368234.7525113,base,752293606,1774368234,-0.01226678716397439,0.9379158777843332,0.346618428259637,-0.004358591921302372,-0.21700627168136655,0.38337500692256593,0.35488700922840455
1774368234.7534919,base,753371488,1774368234,-0.012264441460812391,0.9379161344496779,0.34661782896681825,-0.004357620561439988,-0.2170047728881588,0.38337513498080034,0.3548838656806374
1774368234.7544863,base,754311753,1774368234,-0.012264859834661124,0.9379155380105929,0.34661944549146967,-0.004356234465930752,-0.21700530413881347,0.3833749506558646,0.3548850393437481
1774368234.7553961,base,755294158,1774368234,-0.01226607512051,0.937914401905546,0.3466224762356151,-0.004356267621518289,-0.21700682797127835,0.383374023762691,0.35488610030242695
1774368234.756438,base,756341589,1774368234,-0.012266555743773219,0.9379144621313718,0.34662229653133986,-0.004356246359454717,-0.21700693007952646,0.38337408823024344,0.3548862386086131
1774368234.757497,base,757303912,1774368234,-0.012265551276644525,0.9379153571677922,0.34661991050725083,-0.0043562232080586,-0.2170048334290149,0.38337503601237527,0.35488589893861094
1774368234.7585306,base,758365162,1774368234,-0.012264140694397813,0.9379158385128472,0.3466186451805876,-0.004357239142466422,-0.21700455189184742,0.38337558302363367,0.3548855022586339
1774368234.7594554,base,759302377,1774368234,-0.012260298937696751,0.9379161407401359,0.34661796555824137,-0.004357058796221431,-0.2170053615848509,0.383373766886946,0.3548825293221954
1774368234.760332,base,760241246,1774368234,-0.012264242335155016,0.9379151941265587,0.34662038066383244,-0.004357601971765239,-0.21700680819602863,0.3833731698667036,0.35488524117087417
1774368234.761463,base,761311212,1774368234,-0.012264241135477487,0.9379150419615633,0.3466207918947867,-0.004357645905840987,-0.21700678943816362,0.38337317273356414,0.35488526048091923
1774368234.7624192,base,762262951,1774368234,-0.012265150506080772,0.937915351770249,0.34661991317239893,-0.004358301172696755,-0.21700623196966304,0.3833759168475466,0.35488678977304966
1774368234.7633848,base,763267056,1774368234,-0.012265196673027497,0.937915540865258,0.3466193928981265,-0.00435885546180219,-0.21700505442487714,0.38337537602870086,0.35488660388092347
1774368234.764388,base,764282621,1774368234,-0.012263007575259827,0.9379162198824016,0.34661765295491453,-0.0043572682660226155,-0.2170050328432608,0.3833753833132768,0.35488499863777206
1774368234.765425,base,765316477,1774368234,-0.012265110784442014,0.9379163996912364,0.34661708152280096,-0.004358100995878972,-0.21700526483873575,0.3833758895525107,0.3548866953309592
1774368234.7664013,base,766297709,1774368234,-0.012265108426212576,0.9379164186270369,0.3466170301816971,-0.004358115779397627,-0.21700524225238507,0.383375844841002,0.35488669437824805
1774368234.767391,base,767290286,1774368234,-0.012266499337587868,0.9379162712140252,0.34661738999122854,-0.0043573089916354914,-0.2170054787448601,0.38337639354669356,0.35488632207196485
1774368234.7684107,base,768307256,1774368234,-0.012263909521282323,0.9379171079198558,0.34661521621979025,-0.004357416598788939,-0.2170040302238114,0.3833758338001669,0.3548848724578033
1774368234.7693844,base,769288364,1774368234,-0.012267868240304182,0.9379161797856584,0.3466175820105745,-0.00435786028432018,-0.21700574941284823,0.3833776500376243,0.35488693595937837
1774368234.7704287,base,770314596,1774368234,-0.01226466555118463,0.9379159886307489,0.3466182168323268,-0.004357523344824681,-0.21700446968070128,0.38337635042689117,0.3548855150992988
1774368234.771431,base,771311817,1774368234,-0.012264489087966462,0.9379160764999457,0.34661798498978325,-0.004357548850181709,-0.21700423746126205,0.38337634661950715,0.35488565345269335
1774368234.772422,base,772285180,1774368234,-0.012268049542186679,0.9379168092760872,0.34661586245889836,-0.004358638510873949,-0.2170045922737324,0.3833773693804928,0.35488753923627686
1774368234.773312,base,773229287,1774368234,-0.012264873962727154,0.9379156574170274,0.3466191165083349,-0.0043566626728595206,-0.21700573729008046,0.3833754360605372,0.3548852485070362
1774368234.7744303,base,774293089,1774368234,-0.012265473047810968,0.9379159847197946,0.34661819627816703,-0.004357727261004111,-0.21700601834992458,0.38337562105285133,0.3548865422578545
1774368234.775349,base,775260327,1774368234,-0.012265177715623871,0.9379154503201695,0.3466196569009551,-0.004357397868227839,-0.2170057244892937,0.38337521552620024,0.3548860064135354
1774368234.776405,base,776288909,1774368234,-0.012265516734942125,0.9379154727538025,0.3466195821076557,-0.004357564428688152,-0.21700582354158912,0.3833753734283845,0.35488636384997824
1774368234.7773578,base,777275160,1774368234,-0.012265627195389622,0.9379170639548359,0.3466152597722616,-0.004358580600567286,-0.2170035231663639,0.3833778818706133,0.35488723257775084
1774368234.7784317,base,778314044,1774368234,-0.012263007065673535,0.9379167373993131,0.34661625700768944,-0.004356918855624029,-0.21700399552860106,0.3833759526207828,0.3548851971361421
1774368234.7793577,base,779267178,1774368234,-0.012263179392385498,0.9379157257081713,0.3466189853727299,-0.004357164179141105,-0.21700523223313356,0.383374600400681,0.35488485220999777
1774368234.7804227,base,780271537,1774368234,-0.0122633583757647,0.9379159762698857,0.3466182924022711,-0.004357851671226152,-0.21700437271387538,0.3833759026095527,0.3548848630084039
1774368234.7813966,base,781259218,1774368234,-0.012263951766804075,0.9379160809715033,0.34661798600557325,-0.004358017847394795,-0.2170045176673485,0.38337602048092023,0.35488540845742134
1774368234.7823927,base,782283649,1774368234,-0.012269154316839889,0.9379145428846352,0.3466219871685987,-0.0043561576127390264,-0.2170086896975684,0.3833755831608731,0.35488845769576627
1774368234.7833767,base,783255942,1774368234,-0.012264671762615382,0.9379145019807067,0.3466222663761927,-0.004355370600769322,-0.2170066668406499,0.3833750183209718,0.3548851672018324
1774368234.784433,base,784318462,1774368234,-0.012265687605154106,0.9379154129403673,0.34661974640531623,-0.004356888613156219,-0.21700548506712605,0.38337600349482553,0.3548865911450032
1774368234.7853882,base,785257117,1774368234,-0.012263725324703729,0.9379156686889643,0.3466191193799474,-0.0043572410035556996,-0.21700669439675402,0.3833741247549301,0.35488447533864953
1774368234.786453,base,786328564,1774368234,-0.012263697270239099,0.9379157889736595,0.3466187922602176,-0.004357450544744838,-0.21700649528135724,0.38337419286091057,0.3548845135634644
1774368234.78739,base,787283232,1774368234,-0.012263395973600854,0.9379151930204417,0.3466204179371221,-0.004357257132312366,-0.21700622632991476,0.38337390846468655,0.3548850487365107
1774368234.7883554,base,788269118,1774368234,-0.01226417834742243,0.9379160610060607,0.34661803282086545,-0.00435795361741566,-0.21700581781506145,0.38337371899654826,0.3548852681612007
1774368234.7894063,base,789327047,1774368234,-0.012263687245187832,0.9379157411502759,0.34661892743989325,-0.004357019405385666,-0.21700598509162966,0.3833754758751418,0.3548853017822669
1774368234.7904685,base,790351229,1774368234,-0.012263720527763113,0.9379153589846427,0.3466199731028045,-0.004356005708984125,-0.21700492764441587,0.38337581592899395,0.3548856430255597
1774368234.7914245,base,791315707,1774368234,-0.012263478443581357,0.9379152436448619,0.3466203004516875,-0.004355473550020362,-0.2170049037165635,0.38337584988641166,0.35488533930838095
1774368234.7923512,base,792233670,1774368234,-0.012262465613220218,0.9379161680323064,0.34661781868196895,-0.0043567709180771,-0.21700441408198123,0.3833744541678806,0.35488387284886314
1774368234.7935078,base,793399966,1774368234,-0.012264212184472677,0.9379161629017412,0.34661777074407735,-0.004356773069019212,-0.21700623494728136,0.38337483498866504,0.35488512583177856
1774368234.794394,base,794260944,1774368234,-0.012263779561960361,0.9379149194057751,0.3466211367903564,-0.004357889061806359,-0.21700734095282595,0.38337416065705965,0.3548837727241727
1774368234.7968729,base,796765796,1774368234,-0.012266578804831623,0.9379156568216623,0.3466190405404132,-0.004358034884893381,-0.2170071635706692,0.3833752990738882,0.3548867474759112
1774368234.7969959,base,796908777,1774368234,-0.012266760641461793,0.9379157343227519,0.34661882264041144,-0.004358174451917875,-0.21700703663702328,0.3833754816336219,0.3548871892428951
1774368234.7973762,base,797264837,1774368234,-0.012266679482940168,0.9379152628115771,0.3466200949617475,-0.004358684235196487,-0.21700738489508878,0.3833745459855965,0.3548872759446392
1774368234.7984304,base,798327154,1774368234,-0.012266155267080667,0.9379155525593273,0.3466193331968383,-0.004358389206436359,-0.21700767807258534,0.3833751715057457,0.354887663224463
1774368234.7994077,base,799322159,1774368234,-0.012261935332223584,0.937915453482148,0.34661978612466254,-0.004355562900285384,-0.21700608298309815,0.38337479120345974,0.3548835013553206
1774368234.800427,base,800320693,1774368234,-0.012264119935699045,0.9379149166453868,0.3466211421651532,-0.0043570977042686684,-0.2170065011547305,0.38337503320186744,0.3548859334730772
1774368234.8014421,base,801325972,1774368234,-0.012264388310714608,0.9379149688578209,0.34662098720634904,-0.004357430423174597,-0.21700667682817265,0.38337516436350827,0.3548862323217435
1774368234.8024447,base,802324652,1774368234,-0.01226521799623025,0.9379141964505519,0.34662306314428715,-0.004356216304548435,-0.2170087707288497,0.38337417978706645,0.35488649100689074
1774368234.8034248,base,803326253,1774368234,-0.012264738529359016,0.9379143421493815,0.34662267302498845,-0.004357238151779136,-0.21700836902807993,0.3833729466069228,0.3548850504017397
1774368234.804435,base,804322691,1774368234,-0.012264840397501336,0.9379145403975557,0.3466221488248871,-0.004355978062761015,-0.2170064298206413,0.38337487966349726,0.35488543160252306
1774368234.8054018,base,805318991,1774368234,-0.012270041329819221,0.9379140987909894,0.3466231430537329,-0.004357301275121735,-0.21700854970989034,0.38337552310147377,0.35488898214968595
1774368234.8063803,base,806293852,1774368234,-0.012270461085827723,0.9379142229111611,0.3466227934424507,-0.0043572137709842924,-0.21700844876813102,0.38337595257772006,0.35488903301168795
1774368234.8074384,base,807315496,1774368234,-0.012261838868427048,0.9379141660824196,0.34662326293064893,-0.004356370598831434,-0.21700713498379778,0.3833731012620892,0.35488216542355067
1774368234.808493,base,808366974,1774368234,-0.012265010853230363,0.9379155301947718,0.34661944380825915,-0.00435762576220701,-0.2170068371676852,0.3833738221639538,0.3548860808715605
1774368234.809401,base,809315135,1774368234,-0.01226288604806307,0.9379145346048561,0.3466222180656234,-0.004357217689755424,-0.2170094141705273,0.38337299621217585,0.35488432941051656
1774368234.8103957,base,810311878,1774368234,-0.012262026120451689,0.937913996586262,0.3466237197808003,-0.004355985345264822,-0.21700884464903625,0.3833719952301654,0.35488337876335
1774368234.811398,base,811321746,1774368234,-0.012262256369976294,0.9379138759592464,0.34662403797450625,-0.004355990136394532,-0.2170091058277862,0.38337182011576904,0.3548835940102521
1774368234.8124018,base,812325593,1774368234,-0.012262026459702478,0.937913968220847,0.34662379019821,-0.004356488488762307,-0.21700880644895632,0.3833712075210232,0.3548834677323731
1774368234.813433,base,813335243,1774368234,-0.012263526765408539,0.9379146755261534,0.34662183496868076,-0.0043555558645377405,-0.2170086325903266,0.3833734725565051,0.35488464694568883
1774368234.8144722,base,814340674,1774368234,-0.012264691409257518,0.9379142084173947,0.3466230308129969,-0.004357694736890432,-0.2170097916009854,0.3833720714235934,0.3548862680990762
1774368234.8154387,base,815331031,1774368234,-0.012263707262476638,0.9379136234530646,0.3466246629361209,-0.0043565433251316074,-0.21700855236058086,0.38337296341025195,0.3548846565934014
1774368234.816466,base,816362240,1774368234,-0.012263647225891428,0.93791334520337,0.34662541813132974,-0.0043565297455387,-0.21700879884165505,0.38337276853086044,0.3548846049345276
1774368234.8173273,base,817243560,1774368234,-0.012262705781367893,0.9379147224173139,0.34662171069678277,-0.004357659166150437,-0.2170083948020622,0.38337351442555323,0.35488430459867015
1774368234.8183925,base,818300442,1774368234,-0.01226100188056718,0.9379151333996669,0.34662066831137683,-0.004356910848785509,-0.21700775283922621,0.3833730167154269,0.3548832118333253
1774368234.8194065,base,819323765,1774368234,-0.012264077707741397,0.9379150387904612,0.34662083124034654,-0.00435565826451537,-0.21700824396894478,0.3833743354197397,0.3548851471949577
1774368234.8204966,base,820399115,1774368234,-0.012267034626079983,0.9379137642211461,0.34662416412573177,-0.0043565571430479065,-0.21701069502440165,0.3833730489730664,0.3548878874936859
1774368234.821476,base,821364024,1774368234,-0.012267010174164091,0.9379137969235922,0.34662407312506593,-0.004356825902710367,-0.21701073632025447,0.3833728494787056,0.3548879117013652
1774368234.8225005,base,822386026,1774368234,-0.012264274688493613,0.9379134076952854,0.346625230229114,-0.004356259909171571,-0.21700973991402345,0.3833728250920959,0.3548854204893047
1774368234.8234277,base,823326165,1774368234,-0.012265712335816352,0.9379148202175244,0.3466213643532705,-0.004355696396813821,-0.2170083350285841,0.383374198506024,0.3548870871705821
1774368234.8244963,base,824380542,1774368234,-0.012265452096202433,0.9379146002347292,0.34662195306683435,-0.004356948879321365,-0.21700887982912295,0.38337346941812706,0.35488624201844365
1774368234.8253481,base,825266371,1774368234,-0.012266726398114011,0.9379144243961924,0.3466223720212197,-0.0043578833642073725,-0.21700638991423477,0.38337551762169564,0.3548863171393865
1774368234.8264086,base,826299377,1774368234,-0.01226719668695904,0.9379143426397909,0.3466225727350282,-0.004358190744150694,-0.21700620424851952,0.38337561014193705,0.3548863804445999
1774368234.8273582,base,827257835,1774368234,-0.012267783522038922,0.9379141013266767,0.3466232065557298,-0.004358061157508236,-0.21701028563102348,0.3833744179379505,0.35488738096108663
1774368234.8284004,base,828302128,1774368234,-0.012269990966894654,0.9379138935856518,0.34662368997327087,-0.004358106238819374,-0.21700800612268534,0.3833750791643666,0.35488892391761545
1774368234.8294625,base,829367773,1774368234,-0.01226640913586892,0.9379146967252148,0.34662164447456684,-0.004358033444895319,-0.21700866615694173,0.3833743544035387,0.3548858328379656
1774368234.830496,base,830395526,1774368234,-0.01226680998219959,0.9379158968415293,0.34661839262820654,-0.0043572602227493805,-0.2170075293040947,0.3833759194529093,0.35488691764725394
1774368234.8314183,base,831325305,1774368234,-0.012266429265156961,0.9379159238561355,0.3466183346336235,-0.004357130476370483,-0.2170075888446358,0.38337590046914033,0.35488695881572857
1774368234.83249,base,832396645,1774368234,-0.012264483348160039,0.937914448315485,0.34662240222174423,-0.00435664633513189,-0.217007567835953,0.3833737858349063,0.35488527821291893
1774368234.8333533,base,833276939,1774368234,-0.012266078461475052,0.9379159502529809,0.34661827197508577,-0.004357420478926845,-0.21700376097131596,0.38337597406339335,0.3548873436208455
1774368234.834502,base,834358966,1774368234,-0.012262136729364886,0.9379169021923169,0.34661583381973887,-0.0043575601252544985,-0.21700404235225862,0.38337507571629137,0.35488398579084873
1774368234.8354313,base,835327346,1774368234,-0.012262760391628227,0.9379166422133143,0.3466165078513638,-0.004358147749324785,-0.2170040689370003,0.3833748780957649,0.35488463594448616
1774368234.8366013,base,836399191,1774368234,-0.01226298088877863,0.9379165071410271,0.3466168637957734,-0.004358286874370819,-0.21700411301388528,0.383375016218529,0.35488485550160964
1774368234.8373618,base,837270799,1774368234,-0.01226223601670947,0.9379166610903928,0.34661647845758714,-0.0043578984133066,-0.2170038549476182,0.38337459455974415,0.35488413057718887
1774368234.838619,base,838391788,1774368234,-0.012263878383168869,0.9379162479584922,0.34661755214735085,-0.004356793068951915,-0.21700357277432625,0.38337619007824925,0.3548851206696652
1774368234.839491,base,839334657,1774368234,-0.012265284804339482,0.9379176660626074,0.34661365140233774,-0.00435788226989241,-0.2170021333856369,0.3833775493336433,0.354885344656248
1774368234.8405032,base,840291972,1774368234,-0.012267226639761313,0.9379168825800384,0.34661569124772423,-0.00435879602340163,-0.21700468085536176,0.38337636638587996,0.3548865056654758
1774368234.8414729,base,841318073,1774368234,-0.012267724826399483,0.937916882901661,0.34661566954159273,-0.0043590507967839615,-0.21700476392094925,0.3833763611191206,0.3548868499956472
1774368234.8424952,base,842288335,1774368234,-0.01226612080882599,0.9379165963471675,0.34661650973030356,-0.004358412466729668,-0.21700443909543482,0.3833760367055827,0.35488647134338686
1774368234.8434541,base,843303548,1774368234,-0.012266944211188563,0.9379164796056003,0.34661679952519014,-0.0043581705876523215,-0.21700409205534163,0.3833780672510639,0.3548878415531048
1774368234.8446033,base,844423465,1774368234,-0.012264656874185643,0.9379174807661035,0.3466141680055601,-0.004358440424926228,-0.21700197787521366,0.3833769066547656,0.3548868066034728
1774368234.8454444,base,845326529,1774368234,-0.012258742498684066,0.937917510046457,0.34661431648025925,-0.004356970452971329,-0.21700191512588765,0.3833744971611866,0.3548810038750108
1774368234.8464243,base,846323438,1774368234,-0.012258982106981524,0.9379174978188806,0.3466143404334547,-0.004357022923060745,-0.2170019629446481,0.38337452397358446,0.35488098627526354
1774368234.8474593,base,847342172,1774368234,-0.012260974056843963,0.9379177977242853,0.34661345285195927,-0.004357468215224095,-0.21700284142359783,0.3833764504605031,0.35488330231374504
1774368234.848415,base,848327394,1774368234,-0.012265166882622688,0.9379164293014837,0.34661700427838904,-0.00435771416819191,-0.21700464676212775,0.38337537263319066,0.35488666957690085
1774368234.8494337,base,849328943,1774368234,-0.012264508624353897,0.9379171933273014,0.34661497774267097,-0.004356316527577422,-0.21700299035707166,0.38337745454259825,0.3548852703836466
1774368234.850515,base,850376201,1774368234,-0.012262758640815863,0.9379174752403927,0.3466142637282306,-0.004357358068949719,-0.21700284246954213,0.3833763771073286,0.354884782574335
1774368234.8514469,base,851327978,1774368234,-0.01226237296785325,0.9379176561079459,0.34661378606067456,-0.004357508790479426,-0.21700266102347004,0.38337649519310973,0.3548844789761191
1774368234.8524787,base,852355685,1774368234,-0.012263558972997546,0.9379169325013647,0.34661571333611735,-0.004356617614713537,-0.2170039072876869,0.3833761371099562,0.35488481320219606
1774368234.853388,base,853305121,1774368234,-0.012261386005130296,0.9379170959440616,0.34661534067209343,-0.004357196330203451,-0.21700300651876028,0.3833773314356274,0.35488222475725834
1774368234.854504,base,854311369,1774368234,-0.012264824824280934,0.9379176561885235,0.3466137018069648,-0.0043572929128927905,-0.2170019402210102,0.3833787154500162,0.3548860454230861
1774368234.85538,base,855301220,1774368234,-0.012267513550772931,0.9379169251978997,0.3466155594709963,-0.004359297100138381,-0.2170034334012594,0.38337723865683726,0.3548872329703334
1774368234.8564095,base,856300384,1774368234,-0.012268379579533322,0.9379168267177276,0.3466157927138163,-0.004359502679578945,-0.21700331518404226,0.38337753438576994,0.3548876272987968
1774368234.8573198,base,857250164,1774368234,-0.012268720755418322,0.9379174463022659,0.3466141097431197,-0.004359052631755806,-0.2170028102916759,0.38337894639949066,0.35488829887571616
1774368234.8584163,base,858303107,1774368234,-0.012266682837128522,0.9379163357973916,0.3466172066444335,-0.004357475711663269,-0.21700489975525247,0.3833779495426202,0.35488716106886964
1774368234.8593414,base,859263781,1774368234,-0.01226559915220213,0.9379174296754037,0.34661428125922145,-0.004357776459943922,-0.21700215752342045,0.383377927480155,0.3548854066590012
1774368234.8604107,base,860302081,1774368234,-0.0122682058077394,0.9379167690049888,0.3466159685100272,-0.004358430836598967,-0.21700434991165396,0.38337664897380214,0.35488721674855395
1774368234.861341,base,861271082,1774368234,-0.012268294201664741,0.9379167292479632,0.3466160712588518,-0.00435856619346966,-0.21700459697818061,0.38337648258824636,0.3548872286231201
1774368234.8624263,base,862315275,1774368234,-0.012265042343655915,0.9379172738127627,0.3466147167262107,-0.004358252947235037,-0.21700398470986393,0.38337683518990057,0.35488609820747646
1774368234.8633878,base,863314991,1774368234,-0.012269004332582711,0.9379155460217532,0.3466192627168332,-0.004357381902325937,-0.2170045300106556,0.3833771709695205,0.354888291248783
1774368234.8644893,base,864289400,1774368234,-0.012263206595407425,0.9379165163424266,0.3466168399550868,-0.004357567628249166,-0.2170040823356823,0.38337544734207096,0.3548844873958637
1774368234.8653488,base,865270364,1774368234,-0.012266576511448307,0.9379155480302782,0.3466193411200726,-0.004357548076455189,-0.21700635348678565,0.38337523269452944,0.354887721849264
1774368234.86643,base,866319074,1774368234,-0.012266392000686344,0.9379153462397537,0.3466198929716329,-0.0043576038808140665,-0.21700651825438974,0.38337507447131675,0.354887672674253
1774368234.8673506,base,867276682,1774368234,-0.012262380161462043,0.9379167060844231,0.34661635599070917,-0.004357549798178219,-0.21700391275789424,0.383374900071134,0.35488362495951026
1774368234.8683782,base,868256761,1774368234,-0.012266414961085896,0.937915442744367,0.34661962820942116,-0.004357828083238914,-0.21700671477893363,0.38337429016614927,0.3548874813727944
1774368234.869373,base,869257456,1774368234,-0.012262208555704916,0.9379157809876212,0.3466188716420927,-0.004357044557884325,-0.21700471013078834,0.3833750686409366,0.3548837223466687
1774368234.8704376,base,870319079,1774368234,-0.0122612337818635,0.9379157975672295,0.3466188800288915,-0.00435555134178572,-0.21700413593894702,0.3833748083599982,0.3548828648431814
1774368234.8713598,base,871277373,1774368234,-0.012260763905418526,0.9379158488787489,0.34661876494783417,-0.004354982956284289,-0.21700397137312905,0.38337476099979356,0.3548823552280472
1774368234.872453,base,872347345,1774368234,-0.012261862571254004,0.9379151929862962,0.3466204893590089,-0.004355898102978004,-0.21700634417461445,0.38337343058164836,0.35488321583461996
1774368234.873367,base,873303379,1774368234,-0.012264569142314956,0.9379139808303958,0.3466236569291444,-0.004357219721332823,-0.21700878743125224,0.38337321432130983,0.3548858164792342
1774368234.8744633,base,874344968,1774368234,-0.012263022524156675,0.9379136979354026,0.34662450423458463,-0.004355062323192892,-0.2170082812134703,0.38337246283453574,0.3548837050287151
1774368234.8753617,base,875288447,1774368234,-0.0122676201570109,0.9379145869006196,0.3466219062327635,-0.0043574412547555995,-0.21700990499865105,0.38337388772278874,0.35488722684175744
1774368234.8763788,base,876277012,1774368234,-0.012267740445966194,0.9379146945851978,0.34662160610450055,-0.0043577984168519214,-0.2170098982070622,0.38337394780003325,0.3548872652240761
1774368234.8773057,base,877242780,1774368234,-0.012267476774593881,0.9379144573435426,0.34662225587155326,-0.004357918547686656,-0.21700903640332206,0.38337398612100587,0.35488790779337726
1774368234.8783736,base,878270917,1774368234,-0.012264348581591795,0.9379151659292296,0.34662046253385503,-0.0043568597213286455,-0.21700760234833483,0.38337424908612566,0.35488538501510625
1774368234.8793492,base,879283091,1774368234,-0.012266695166919181,0.937914402819873,0.3466224400110805,-0.004357207074221243,-0.2170103164571842,0.38337313489024305,0.35488762159921805
1774368234.8804495,base,880341735,1774368234,-0.012265405606740623,0.9379145165647497,0.3466221901801025,-0.004356227400266712,-0.21700752544924717,0.383373431135547,0.3548860076011075
1774368234.881369,base,881299750,1774368234,-0.012265519116975035,0.9379144269310109,0.3466224335469255,-0.00435584176384985,-0.21700744269548197,0.38337345321046135,0.3548860471926364
1774368234.882454,base,882339458,1774368234,-0.012262623074540345,0.9379148511462785,0.34662137790840125,-0.00435665599598606,-0.2170083427351981,0.38337130276172854,0.3548842668447373
1774368234.8833404,base,883277772,1774368234,-0.012264773276588906,0.9379136547510618,0.34662453386375436,-0.004357073755959875,-0.2170086448785081,0.3833732780892414,0.3548859697935841
1774368234.8844275,base,884325052,1774368234,-0.012262793212359074,0.9379143219845743,0.34662279943538776,-0.004356997868058179,-0.21700895750032434,0.3833731413758518,0.3548830955171913
1774368234.8853989,base,885292167,1774368234,-0.012267178285823289,0.9379150880069612,0.3466205598661889,-0.004357924259062533,-0.2170086280521817,0.38337497492761974,0.3548875342997215
1774368234.8864288,base,886326073,1774368234,-0.012267025078662052,0.9379151195075907,0.34662047958072173,-0.004357961680849577,-0.21700850924993215,0.38337491166744203,0.354887665270908
1774368234.8873827,base,887295756,1774368234,-0.01226545428771098,0.9379142991087266,0.34662276671138753,-0.004357035212753862,-0.21700909600929985,0.38337287138533915,0.3548867784910126
1774368234.8884356,base,888325485,1774368234,-0.012264781001707257,0.937914979148442,0.34662094440534896,-0.00435751483093038,-0.2170076232476084,0.3833731873341095,0.35488602307757444
1774368234.8894157,base,889288870,1774368234,-0.012266593662811113,0.9379138125162307,0.3466240397868323,-0.004357294233462097,-0.21701002097147556,0.383372710274713,0.3548870160822284
1774368234.8904526,base,890348570,1774368234,-0.012266521560797695,0.9379143379961156,0.34662263651065534,-0.004356017505578525,-0.21700845546605246,0.3833734776394391,0.3548869974229758
1774368234.8914013,base,891307184,1774368234,-0.012266641230061092,0.9379141078147751,0.3466232614130433,-0.004355516310662335,-0.21700866797563206,0.38337335912905085,0.3548870142877765
1774368234.8924947,base,892366878,1774368234,-0.012265811919789253,0.9379143314273654,0.3466226678105964,-0.004356939404151818,-0.21700919737933638,0.38337224756050386,0.35488683439408636
1774368234.8934457,base,893326272,1774368234,-0.012267200648764872,0.9379129523295255,0.3466263572449587,-0.004356386558411418,-0.21701060686815332,0.38337395515486555,0.3548871354330902
1774368234.8944783,base,894372429,1774368234,-0.012266627311811457,0.9379141438899322,0.3466231415840008,-0.004357323036729259,-0.21700960010682904,0.38337342215239734,0.35488764100001086
1774368234.89541,base,895327141,1774368234,-0.012261603813394868,0.9379149932477341,0.34662103314664416,-0.004356362402211094,-0.21700735245214103,0.3833720550937038,0.3548830622805405
1774368234.896448,base,896341423,1774368234,-0.012261448767966124,0.9379151060408091,0.3466207318286598,-0.004356489542368127,-0.21700718403793948,0.3833721560279855,0.3548829495470362
1774368234.8974357,base,897329204,1774368234,-0.01226825094632642,0.9379146792734604,0.346621626296361,-0.004358050681875685,-0.2170086497128737,0.38337357329191757,0.3548882328734117
1774368234.898464,base,898366440,1774368234,-0.012265969318043059,0.9379141339267454,0.34662318715763785,-0.004357694552521999,-0.21700858712710266,0.38337339469623977,0.35488671957896584
1774368234.899385,base,899320839,1774368234,-0.01226596451838942,0.9379146831228848,0.34662168963677253,-0.004358620226742721,-0.2170078630216315,0.3833733797517219,0.35488594835107806
1774368234.90044,base,900337794,1774368234,-0.012265038021173671,0.9379146174279083,0.34662193961456844,-0.00435548335252465,-0.2170066647635343,0.38337369126969306,0.3548845433182204
1774368234.90141,base,901327208,1774368234,-0.012265028360657492,0.9379146343286751,0.34662190025731027,-0.004355003264215774,-0.21700666579170003,0.38337381465474324,0.35488435044295735
1774368234.9024692,base,902363777,1774368234,-0.012266487496871556,0.9379153843028967,0.34661978935990195,-0.004357384139128527,-0.21700747563056727,0.3833747849857731,0.35488720729160683
1774368234.9033952,base,903321502,1774368234,-0.012263936242874189,0.9379159943708928,0.3466182297104545,-0.004357316086858992,-0.2170054361557578,0.38337617089817977,0.35488479698883985
1774368234.9045315,base,904348620,1774368234,-0.012265410082933761,0.9379152101393652,0.34662031506349444,-0.004356086547797195,-0.21700470961826915,0.38337480892593284,0.354885060889634
1774368234.905403,base,905238368,1774368234,-0.012264012591032257,0.9379162512236721,0.3466175254628855,-0.004357835206442439,-0.2170060572450854,0.3833752876919927,0.35488445664896673
1774368234.9064596,base,906349853,1774368234,-0.012263677706438639,0.9379163331446466,0.3466173125262417,-0.004358082915520712,-0.2170060318311497,0.383375168969405,0.35488448547954987
1774368234.9074721,base,907324601,1774368234,-0.012261690680242595,0.9379149544942389,0.34662113921218574,-0.0043560221508372994,-0.21700744539481473,0.3833729683339871,0.35488274902439104
1774368234.908514,base,908368943,1774368234,-0.01226259810574895,0.9379161996201879,0.34661772259518225,-0.004357242321695391,-0.2170046324117161,0.3833747142980881,0.3548845901229172
1774368234.9094677,base,909325500,1774368234,-0.012264435175030612,0.937916254117494,0.3466175112941399,-0.004357150020672305,-0.2170057115335672,0.3833748169743221,0.3548859396382795
1774368234.9104455,base,910327348,1774368234,-0.012263225695525955,0.937914870195709,0.34662128728249647,-0.004358068830591737,-0.21700806859078944,0.38337309819609633,0.35488480320980675
1774368234.9113867,base,911321482,1774368234,-0.012263342056549874,0.9379149538480088,0.3466210562391402,-0.004358114449421165,-0.2170079897633991,0.38337339464427944,0.3548849168453887
1774368234.9124775,base,912365886,1774368234,-0.012265130272163782,0.937916745979811,0.34661615307036236,-0.0043573639683421195,-0.21700543350184362,0.3833762015153802,0.35488633728019725
1774368234.9134357,base,913323935,1774368234,-0.012262560040307924,0.9379152346416747,0.3466203409348211,-0.00435677616346285,-0.21700555288687062,0.3833745898037292,0.35488396726813687
1774368234.9144986,base,914381869,1774368234,-0.01226334992489171,0.9379151985424905,0.34662040542051525,-0.004357193791657242,-0.21700587480884256,0.3833752522221708,0.3548841855860749
1774368234.9154007,base,915325283,1774368234,-0.012263958045874511,0.9379158404214097,0.34661865142793724,-0.0043568454101370335,-0.21700464676245476,0.38337637662727503,0.3548837479259674
1774368234.916545,base,916367201,1774368234,-0.012264262114814446,0.9379157592554024,0.34661886007897974,-0.004356862711852143,-0.2170044888481562,0.3833766487163858,0.3548836252369417
1774368234.9174342,base,917328588,1774368234,-0.012267027815204907,0.937915466196741,0.3466195412995683,-0.004357968197200082,-0.21700261715186117,0.38337701559698756,0.35488718557625953
1774368234.918461,base,918365415,1774368234,-0.01226669530070653,0.937916486407287,0.34661679176366034,-0.004358024698924148,-0.21700454867732255,0.3833763667199539,0.35488612332064684
1774368234.919391,base,919323494,1774368234,-0.012262856147064913,0.9379161993102377,0.34661771265683966,-0.004357373417009007,-0.21700368935318393,0.3833765723394591,0.3548835879530451
1774368234.9204671,base,920324417,1774368234,-0.012262472615993522,0.937916395521898,0.34661719948659714,-0.004357039892071267,-0.21700345146398417,0.3833765731597061,0.35488349399097857
1774368234.9214225,base,921322486,1774368234,-0.01226200772311217,0.937916352624574,0.34661733341807316,-0.004356927834890716,-0.21700361432168092,0.38337645192535097,0.3548831746508902
1774368234.9224596,base,922367513,1774368234,-0.012263050493436449,0.9379150469981768,0.3466208236621129,-0.004357385776068392,-0.21700589333450374,0.3833748713437337,0.3548833359812781
1774368234.923473,base,923323028,1774368234,-0.01226647204587058,0.9379159634797783,0.34661822386993,-0.0043572921180546915,-0.21700692864939766,0.383376441828507,0.3548859455481239
1774368234.9244735,base,924318135,1774368234,-0.012263251632463012,0.937916465726013,0.34661697552491355,-0.004357551765056999,-0.2170034064738783,0.38337639775023863,0.3548832789503021
1774368234.9253764,base,925238797,1774368234,-0.012264137031232285,0.9379163614727507,0.34661723009956624,-0.004357249442015411,-0.2170040240566129,0.38337671755669894,0.3548854083724926
1774368234.9265163,base,926369551,1774368234,-0.01226394145930042,0.9379165284781746,0.3466167854898448,-0.004357219757956448,-0.2170037145807434,0.38337696234662494,0.35488561229195015
1774368234.9274023,base,927331266,1774368234,-0.012267355279405473,0.9379157145479817,0.3466188746232862,-0.00435662177429891,-0.21700503023510526,0.3833765109849128,0.3548863007731349
1774368234.9283884,base,928271958,1774368234,-0.012262034284649887,0.937915927484809,0.34661847978083066,-0.004357173388631301,-0.21700373118813138,0.38337465728497194,0.35488140327891865
1774368234.9294043,base,929334470,1774368234,-0.012265936123515404,0.9379156843000681,0.3466189896242092,-0.00435797967426386,-0.2170052426675382,0.38337653335679694,0.3548860422666307
1774368234.930451,base,930324852,1774368234,-0.012267033416868347,0.9379151381305219,0.3466204318549449,-0.004357726178295637,-0.21700671539571073,0.38337591970517165,0.35488639225226964
1774368234.9314137,base,931335478,1774368234,-0.012267480718174642,0.9379150394065926,0.34662068134894,-0.004357870231622588,-0.21700699570703152,0.38337587319658745,0.35488653216182137
1774368234.9324667,base,932365091,1774368234,-0.012267420264356479,0.937916379247394,0.34661705316105884,-0.004358256240731428,-0.2170046665910544,0.3833765625838898,0.3548864272122754
1774368234.933472,base,933328687,1774368234,-0.012263671303631865,0.937916432292175,0.34661705285808986,-0.004357415569641951,-0.21700404175336244,0.3833758240924507,0.35488448503624576
1774368234.9344506,base,934314566,1774368234,-0.012260903974198338,0.937915302530295,0.34662021390974135,-0.004356928092806602,-0.21700600891504426,0.3833743344399128,0.3548826641329111
1774368234.935469,base,935345052,1774368234,-0.012269337226926915,0.9379154098699557,0.3466195988471308,-0.004359012220557788,-0.2170065767018996,0.38337696989011005,0.3548892998730653
1774368234.9365246,base,936365020,1774368234,-0.012270381207426883,0.9379155216637348,0.3466192563069266,-0.004359257333713892,-0.2170065568694451,0.3833773506967536,0.35488990148811816
1774368234.937434,base,937329437,1774368234,-0.01226559081036229,0.9379164425816503,0.3466169457912247,-0.004358314745152754,-0.21700452066440803,0.3833769635964274,0.35488636760388287
1774368234.9385247,base,938400953,1774368234,-0.012263074874931472,0.937915932164761,0.34661841716562763,-0.0043582184105756,-0.21700305740199496,0.38337590965963664,0.35488473787774233
1774368234.9393587,base,939250503,1774368234,-0.012260354483945479,0.9379150412930137,0.34662096691283817,-0.004354804319541366,-0.21700516605595804,0.3833746176955984,0.35488219618097855
1774368234.9405882,base,940458562,1774368234,-0.012261199749264737,0.9379154195922201,0.34661990235562357,-0.004355681672962046,-0.21700444431639357,0.3833736190622392,0.35488281066111343
1774368234.9414375,base,941343016,1774368234,-0.01226118674339619,0.9379153391950377,0.34662012215675386,-0.004355538811444409,-0.2170046107000131,0.3833735125896447,0.35488278662554046
1774368234.9425306,base,942400154,1774368234,-0.012265357658282683,0.9379150532636513,0.34662072614433587,-0.004357300784859777,-0.21700642772435322,0.3833746182833495,0.3548850093966477
1774368234.9434032,base,943304813,1774368234,-0.012263659114717055,0.9379152069142223,0.34662037417387337,-0.0043570071991774996,-0.21700757590955116,0.38337462038228043,0.3548837178954869
1774368234.9444666,base,944347285,1774368234,-0.012261814613812167,0.9379153892959222,0.3466199478080707,-0.004356857329017602,-0.21700570552055085,0.3833731072251456,0.35488305956531074
1774368234.9454165,base,945318603,1774368234,-0.012264495204596262,0.9379149460077815,0.3466210417909508,-0.0043577058588919765,-0.21700724072283922,0.3833745220494762,0.35488647355635694
1774368234.9465127,base,946401036,1774368234,-0.012263568205262679,0.9379149609733479,0.3466210368389782,-0.004357487568510639,-0.21700714763064247,0.38337436464218144,0.3548861212211491
1774368234.947361,base,947267362,1774368234,-0.012263032932005393,0.9379149396071552,0.34662111762014625,-0.004357167058503718,-0.21700611691024724,0.38337367992482374,0.3548840205823142
1774368234.948372,base,948275850,1774368234,-0.012264655061130864,0.9379155961381387,0.34661927750982513,-0.00435766171679349,-0.2170065042392217,0.38337360792568403,0.3548850540004353
1774368234.9493806,base,949299877,1774368234,-0.012265603106640323,0.937915239739272,0.3466202151038927,-0.004357123659617364,-0.21700601982592754,0.38337570713350055,0.3548853280752429
1774368234.9504535,base,950332678,1774368234,-0.012263907827804132,0.9379153464353854,0.3466199783737364,-0.004357760660284825,-0.21700589732310654,0.3833741517831263,0.35488555701895
1774368234.9513826,base,951295553,1774368234,-0.012263627861474582,0.9379152664541971,0.34662020477081285,-0.0043577549802017645,-0.21700597141032552,0.38337387381330607,0.3548856736461568
1774368234.95249,base,952375476,1774368234,-0.012264288046316312,0.9379154871203169,0.34661958688066863,-0.004357550831619726,-0.21700674169674516,0.3833750511654193,0.35488585481674934
1774368234.9533138,base,953231511,1774368234,-0.012265587658420065,0.9379163717370906,0.3466171604851399,-0.0043564944788377505,-0.2170060143801387,0.38337698229731215,0.3548865879864751
1774368234.9545174,base,954352777,1774368234,-0.012261882559959698,0.9379153246117257,0.3466201394363066,-0.004355345189823614,-0.21700682989358178,0.3833735278017528,0.3548836724670184
1774368234.9553845,base,955285498,1774368234,-0.012264827980568228,0.9379160251642937,0.3466181072661827,-0.004357918061204806,-0.21700395779888113,0.383375206716602,0.3548849202115367
1774368234.956412,base,956307414,1774368234,-0.012265608080235689,0.9379161225961483,0.34661780842036766,-0.004358522512293423,-0.21700405691689822,0.38337530852401813,0.3548853140240623
1774368234.9574413,base,957263937,1774368234,-0.012265599656880804,0.9379150696671196,0.3466206635637046,-0.004358066892161905,-0.21700675682328655,0.38337504910091796,0.3548854153320081
1774368234.9584694,base,958332331,1774368234,-0.012262900700838315,0.9379157247200802,0.3466190006088447,-0.004356949177327485,-0.21700646899421736,0.38337433293792766,0.3548837725292392
1774368234.9594305,base,959277230,1774368234,-0.012262238139614284,0.9379135525899167,0.34662490547687574,-0.004356637133832785,-0.2170090016971883,0.3833722216046551,0.3548835054967479
1774368234.9605138,base,960381463,1774368234,-0.0122646746243755,0.9379142557229241,0.3466229058678657,-0.004357498799576717,-0.217008791562044,0.38337380154898615,0.35488646510697175
1774368234.9614298,base,961261133,1774368234,-0.012264316592364136,0.9379142587287941,0.34662291072014584,-0.004357473537814069,-0.2170086750503393,0.3833736093944902,0.35488655971298777
1774368234.9625268,base,962345182,1774368234,-0.012262954436931046,0.937915047195066,0.34662083247483877,-0.004356912668920931,-0.2170073246157879,0.38337447644971084,0.354884883897093
1774368234.9634519,base,963302971,1774368234,-0.012264689579888868,0.937916193730577,0.3466176752323788,-0.004356391162060835,-0.21700567311136473,0.3833752370350524,0.35488474893273286
1774368234.9645622,base,964379008,1774368234,-0.012265876633726433,0.9379156721232295,0.3466190310852651,-0.004357470085837311,-0.2170052365692014,0.383376020747258,0.3548866350671104
1774368234.965473,base,965296314,1774368234,-0.01226236177945781,0.9379153813536297,0.3466199553783158,-0.004356424841466288,-0.2170052703900333,0.3833743964480062,0.35488415337489837
1774368234.9663815,base,966271144,1774368234,-0.012262290523029731,0.937915407266666,0.34661988672944577,-0.004356508533104864,-0.21700527239105932,0.38337437813701203,0.35488418183894493
1774368234.9674194,base,967300221,1774368234,-0.012262128831152106,0.9379153237961766,0.34662013248357915,-0.0043553807993753245,-0.21700518641634128,0.38337603416760246,0.35488364359296887
1774368234.968548,base,968413809,1774368234,-0.01226341573566733,0.9379151400653104,0.3466205755670818,-0.004356060641036374,-0.2170069428304961,0.3833738171416542,0.35488429075514394
1774368234.969392,base,969285624,1774368234,-0.012266547242222628,0.9379135722396302,0.34662468938668306,-0.0043574688794925775,-0.21700786230583216,0.3833737431971344,0.35488606948854967
1774368234.970481,base,970380779,1774368234,-0.012264377915050152,0.9379158044745658,0.34661872433743973,-0.004357601389637231,-0.21700451207760565,0.3833759989848277,0.35488500117506133
1774368234.9714937,base,971354252,1774368234,-0.01226373094177857,0.9379159708247249,0.3466182976493896,-0.004357557795441138,-0.2170044799647252,0.3833759106703448,0.35488469720111604
1774368234.9726753,base,972558098,1774368234,-0.012262879503045703,0.9379160300256817,0.34661816807232226,-0.0043575187143444685,-0.21700618737094837,0.3833757147521954,0.354884087188576
1774368234.9735675,base,973418223,1774368234,-0.012264270046419065,0.9379152069438429,0.34662034820725074,-0.004357346945256986,-0.2170065068704941,0.3833746220690276,0.35488556408157673
1774368234.9745946,base,974451416,1774368234,-0.01226617239639818,0.9379148766691345,0.34662116600327264,-0.004358028911752591,-0.21700683383175307,0.3833752096229422,0.3548861652333978
1774368234.9755313,base,975367863,1774368234,-0.012265449239371895,0.9379149100852648,0.3466210983755561,-0.004358251441694924,-0.21700738177236759,0.38337460209979213,0.3548863641581341
1774368234.976585,base,976435257,1774368234,-0.012265229121176845,0.937915081136519,0.3466206436227261,-0.0043582273746428195,-0.21700733344868933,0.38337453110515757,0.3548864304168174
1774368234.9774506,base,977365374,1774368234,-0.012261516941144619,0.9379155416679177,0.34661953419039887,-0.004357799640817391,-0.217005570998211,0.38337423239242613,0.3548832066311974
1774368234.9784932,base,978411847,1774368234,-0.01226150019893923,0.9379167799066555,0.3466161888773891,-0.004357429347208072,-0.2170040461741012,0.3833753633790776,0.35488341516623906
1774368234.979425,base,979329939,1774368234,-0.012264615919693234,0.9379157662079873,0.3466188238831765,-0.004357249668070536,-0.21700588159308673,0.38337537258899035,0.35488494572641754
1774368234.9805338,base,980434701,1774368234,-0.012261807498674603,0.9379153873974909,0.3466199540001572,-0.004356793409033864,-0.2170048270171917,0.3833750009946934,0.35488319706535837
1774368234.981441,base,981325999,1774368234,-0.012261726458751641,0.9379152002671475,0.3466204629451861,-0.004356815322274972,-0.21700475956285825,0.38337489549139814,0.3548833878753971
1774368234.9825485,base,982440798,1774368234,-0.012263108475705711,0.9379148476256941,0.34662138272089105,-0.0043556646383405544,-0.21700778552794422,0.38337389237324404,0.35488423829982263
1774368234.983454,base,983363854,1774368234,-0.012261451852817113,0.9379154055880404,0.3466199219910808,-0.004356424908077269,-0.21700539443561492,0.3833744878365407,0.3548832105715912
1774368234.9845645,base,984462219,1774368234,-0.012263525942201035,0.9379163966056118,0.3466171497559868,-0.00435779816485758,-0.21700367183715033,0.38337614750212357,0.35488498692464954
1774368234.9854562,base,985357340,1774368234,-0.012265823481894447,0.937915252895239,0.34662017350118873,-0.004356980924528304,-0.21700545302138963,0.3833751550663122,0.3548853372694177
1774368234.986437,base,986347961,1774368234,-0.012266142457523808,0.9379150795432009,0.3466206360101195,-0.004356604942281939,-0.2170056596533552,0.383375234989342,0.3548851586431177
1774368234.9874232,base,987296327,1774368234,-0.012264161447105565,0.9379158205974805,0.34661868851097394,-0.004357590146685495,-0.21700477960325165,0.38337654507490726,0.35488500897505587
1774368234.988406,base,988309415,1774368234,-0.012263349473094726,0.9379169846754022,0.3466155658839412,-0.004357706283959367,-0.2170054288353529,0.38337444145860095,0.35488491569065383
1774368234.989401,base,989308728,1774368234,-0.012267350806805938,0.9379146793514233,0.34662167238562985,-0.004356901868158744,-0.21700731314914096,0.38337488432310235,0.3548878077937821
1774368234.9904017,base,990311299,1774368234,-0.01226621962025897,0.9379152614477159,0.3466201238109963,-0.004357977620396648,-0.21700590968249317,0.3833753749281233,0.3548861696493472
1774368234.9914067,base,991289253,1774368234,-0.01226669450769501,0.9379154178686874,0.3466196786324939,-0.0043583844216831995,-0.2170060256111587,0.3833754789784238,0.3548862784861316
1774368234.9924212,base,992336819,1774368234,-0.012263958239851446,0.9379162144052019,0.3466176244317492,-0.004358040545635607,-0.2170051203438992,0.38337543591706386,0.35488515711688573
1774368234.9933488,base,993241240,1774368234,-0.012261537988851786,0.9379156981715776,0.3466191170613763,-0.004357235024872231,-0.21700560189385928,0.3833742927115281,0.35488354937909466
1774368234.99443,base,994308895,1774368234,-0.012266474121124183,0.9379158575943524,0.3466185010333035,-0.00435803018714287,-0.21700623508506936,0.3833759773153927,0.35488638499102115
1774368234.9954422,base,995330308,1774368234,-0.012266274617139245,0.937915503599354,0.3466194605581464,-0.004358460435368896,-0.21700803005491578,0.38337530752235194,0.3548856536213354
1774368234.9965107,base,996401721,1774368234,-0.012266054732750905,0.9379153779336787,0.3466198054256024,-0.004358695164289645,-0.21700838027664968,0.3833751759646249,0.354885397355682
1774368234.9973505,base,997264201,1774368234,-0.012263520844802672,0.9379152605993415,0.34662021813395677,-0.004358253334371728,-0.2170068668765833,0.383373814627049,0.354884779996241
1774368234.9984128,base,998301406,1774368234,-0.01226678852967982,0.9379157726834394,0.34661872120203496,-0.004357908106072445,-0.21700780964447886,0.3833745138642256,0.354887691538077
1774368234.9994109,base,999304003,1774368234,-0.012262708617495075,0.937915949863728,0.34661839168337244,-0.004357466628172794,-0.21700588458697673,0.38337475309134394,0.3548838097167733
1774368235.0004232,base,309772,1774368235,-0.012265382745609657,0.9379147660598883,0.34662149929097663,-0.0043575477282718315,-0.21700639344556558,0.38337498287344957,0.3548858473361207
1774368235.0014374,base,1322246,1774368235,-0.01226515461222143,0.9379146613670393,0.346621790801291,-0.0043575356333999185,-0.2170064407575899,0.38337476523726977,0.3548859178687251
1774368235.002511,base,2401396,1774368235,-0.012263440995209296,0.9379147680499016,0.3466215728254493,-0.004356735115676694,-0.21700707232968489,0.38337371225148287,0.3548832193860235
1774368235.0033922,base,3247464,1774368235,-0.012265164646517127,0.937914976849217,0.3466209398307209,-0.004357293769585667,-0.21700796793780083,0.3833731381440924,0.3548847479040695
1774368235.0044396,base,4314756,1774368235,-0.012265405327007059,0.9379142904010589,0.34662277914814343,-0.004358057968857798,-0.2170081064482944,0.38337314677279344,0.3548861455852964
1774368235.0054204,base,5331475,1774368235,-0.012265013276019632,0.937914852906654,0.34662127549617683,-0.0043576966200447554,-0.21700755215133868,0.38337475004053906,0.3548861163795659
1774368235.006489,base,6398940,1774368235,-0.012264843588800183,0.9379147151492387,0.3466216544299251,-0.004357682701405694,-0.21700744963422,0.38337475470314064,0.3548860815621211
1774368235.0074086,base,7320075,1774368235,-0.012266417458656292,0.9379150471585085,0.34662070225006125,-0.004357532335739563,-0.21700798817811123,0.38337421144176237,0.35488773725120737
1774368235.0084963,base,8404025,1774368235,-0.012262735729823919,0.9379146141326601,0.34662203382896356,-0.004355177731911237,-0.21700731346862404,0.38337298659687274,0.35488353764689995
1774368235.0093434,base,9267822,1774368235,-0.012264132408841043,0.937914718430358,0.34662168506595525,-0.004356541058971242,-0.2170087481114421,0.38337389769583385,0.3548856113943179
1774368235.010426,base,10339332,1774368235,-0.012262129877682383,0.9379148633040638,0.34662135714484316,-0.0043570787517969835,-0.21700768274680043,0.3833731364310122,0.3548839514918736
1774368235.0114298,base,11329940,1774368235,-0.012262402513743513,0.9379148907907028,0.3466212706194965,-0.004357278024263168,-0.2170076848311705,0.3833731188986579,0.3548842213197332
1774368235.0123928,base,12304750,1774368235,-0.012263246919670873,0.93791437576038,0.34662266008852544,-0.004355230207297472,-0.21700927768128614,0.3833730164473388,0.3548843580827601
1774368235.013351,base,13275621,1774368235,-0.012267090764309135,0.9379148520125965,0.34662121023617887,-0.0043572322380267155,-0.2170087666031541,0.383374492501847,0.35488685985686497
1774368235.014424,base,14337529,1774368235,-0.012263460093009182,0.9379141600725258,0.34662320825062515,-0.004357451553298132,-0.2170088311630305,0.38337262481411355,0.3548847693718234
1774368235.0154161,base,15326403,1774368235,-0.012263401998898209,0.9379142524443054,0.34662296825861977,-0.004356823250615206,-0.21700866091080087,0.3833732638423787,0.35488488837341015
1774368235.0164914,base,16399708,1774368235,-0.012263040619112504,0.9379142920548839,0.3466228749116082,-0.004356739832913007,-0.2170085713313303,0.38337328731378595,0.35488464823781796
1774368235.017316,base,17232083,1774368235,-0.01226550946862337,0.9379148400295111,0.34662128749544435,-0.004358117126954539,-0.21700837400225886,0.3833743046873012,0.35488505094156014
1774368235.0183961,base,18302608,1774368235,-0.012265892997767201,0.9379146291746913,0.3466218560968874,-0.004357192331936482,-0.21700886554207247,0.383373799931461,0.35488711180838184
1774368235.019353,base,19261579,1774368235,-0.012263668894732623,0.9379150679500966,0.34662075866354836,-0.004356305879086113,-0.21700913665945148,0.3833735490620613,0.354884477508965
1774368235.0205007,base,20401260,1774368235,-0.012264430002200705,0.9379156023867303,0.3466192779456314,-0.004356915503771654,-0.21700776221371965,0.3833745419947081,0.3548859004183881
1774368235.0213203,base,21231675,1774368235,-0.012264064010722947,0.9379157246239272,0.34661896042199863,-0.0043568925953386675,-0.21700750730054869,0.3833746317436903,0.35488560622314536
1774368235.0224082,base,22324624,1774368235,-0.012267185982502557,0.9379156947974189,0.34661893039841984,-0.004356912920980374,-0.21700718388403192,0.3833747920581791,0.35488800265626685
1774368235.0234067,base,23320065,1774368235,-0.012261971755347625,0.9379144820741873,0.3466223972559215,-0.004356843437439251,-0.21700813022933824,0.38337237062992435,0.3548834919982133
1774368235.0244596,base,24374236,1774368235,-0.012263813698957486,0.9379145260840238,0.34662221076674987,-0.004357021609907792,-0.21700829086531684,0.383372856501846,0.35488512089324453
1774368235.025385,base,25301907,1774368235,-0.012267364299924628,0.9379157593181797,0.34661873039141566,-0.004358432926914101,-0.2170069220087754,0.38337556111864024,0.35488845203946806
1774368235.0264728,base,26368572,1774368235,-0.012267368505521773,0.9379157679548935,0.3466187064332164,-0.004358467861054959,-0.21700692437780847,0.3833755586694894,0.35488846209117264
1774368235.0274136,base,27279624,1774368235,-0.012268485957230865,0.9379149324085273,0.34662094409847455,-0.00435716991945564,-0.21700755817589662,0.3833751173656858,0.3548880212405715
1774368235.0283964,base,28254316,1774368235,-0.012266668310667202,0.9379166275705108,0.34661641110742114,-0.004357995677736021,-0.21700573024818545,0.3833749834138182,0.3548861770470567
1774368235.0294435,base,29301984,1774368235,-0.012263719336585857,0.9379156926462245,0.34661904960488266,-0.004357651545759947,-0.2170068430032522,0.3833755507810228,0.3548843727383509
1774368235.0303965,base,30276821,1774368235,-0.012263188582237317,0.9379159917518212,0.34661827235938025,-0.0043565913961066734,-0.21700472499061876,0.38337527304231417,0.3548840113353617
1774368235.0314238,base,31262780,1774368235,-0.012263322647338055,0.9379162154606984,0.34661766173886854,-0.004356634504685724,-0.21700460719273135,0.38337552979457296,0.3548842557528073
1774368235.0324965,base,32355019,1774368235,-0.012265046454719786,0.9379166919040623,0.34661629092355817,-0.004358273694818526,-0.21700583201088652,0.3833758116822471,0.3548852353551605
1774368235.0334346,base,33318863,1774368235,-0.012268346018465118,0.9379158510724107,0.346618456511185,-0.004357705691121001,-0.2170064494107974,0.3833767385085225,0.35488760693709187
1774368235.0344765,base,34307129,1774368235,-0.012268104433440808,0.9379179431668836,0.3466127793278291,-0.004359668089469192,-0.2170039199051742,0.3833763734150608,0.35488817899170183
1774368235.035386,base,35268009,1774368235,-0.012260833049444614,0.9379166739351686,0.34661651353527007,-0.004356291080513408,-0.21700503672169957,0.3833748190972345,0.3548824978498211
1774368235.0364065,base,36280527,1774368235,-0.012260400352217054,0.9379166568046039,0.3466165748159831,-0.00435632121336787,-0.21700485934821323,0.3833748699425692,0.3548822438086269
1774368235.0373998,base,37282930,1774368235,-0.012265007790766494,0.9379162153202015,0.34661759084710914,-0.004357561091693719,-0.21700426457375713,0.3833754926828842,0.35488563240433546
1774368235.038429,base,38308812,1774368235,-0.01226697663744599,0.9379168048462106,0.34661592979350125,-0.004357256549498375,-0.217003972708776,0.3833770254728918,0.35488757319436226
1774368235.0393505,base,39255374,1774368235,-0.01226544186077537,0.937916503439871,0.3466167916152208,-0.004357898743307712,-0.2170042393822251,0.38337582068698983,0.3548866520288178
1774368235.040415,base,40272933,1774368235,-0.012264974738505002,0.9379165844557642,0.3466165945845519,-0.004357448347995026,-0.21700324912695595,0.38337578839131037,0.35488469798937794
1774368235.041345,base,41256845,1774368235,-0.012265543910908219,0.9379163981865235,0.34661707694906674,-0.00435756958327612,-0.21700351728991388,0.3833757933377701,0.3548848263816448
1774368235.0423868,base,42248089,1774368235,-0.012264769136739233,0.9379159883146769,0.34661821954829714,-0.0043570837602266675,-0.21700432563867747,0.3833761689111844,0.354885108049543
1774368235.043372,base,43281295,1774368235,-0.012267293241161195,0.9379169363138186,0.3466155420292452,-0.004358912250592462,-0.21700325311034868,0.38337705986373677,0.354886781715305
1774368235.0444558,base,44319482,1774368235,-0.012265613974233104,0.937916467086699,0.3466168814422081,-0.004358093702372507,-0.21700378099950923,0.38337685949468775,0.35488666330429436
1774368235.0453608,base,45281629,1774368235,-0.012264526771933812,0.9379178115581083,0.3466132703272557,-0.0043590111440818795,-0.2170021510184167,0.38337713127384926,0.35488442481582944
1774368235.0464973,base,46357432,1774368235,-0.012264626375786746,0.9379178470370841,0.3466131711025016,-0.004358986975321729,-0.21700214047284616,0.38337728612458116,0.3548842190812214
1774368235.0474079,base,47325821,1774368235,-0.012265912377672203,0.9379174048539768,0.3466143112441016,-0.00435985163756921,-0.21700430615048694,0.3833780102972551,0.3548871957947207
1774368235.0484743,base,48345520,1774368235,-0.01226206277242549,0.9379166066043559,0.3466166407891296,-0.004357200981643846,-0.21700356616130037,0.3833762369526113,0.35488371812927877
1774368235.0493894,base,49305842,1774368235,-0.012262436256610377,0.9379173804392831,0.34661451990148917,-0.004358293292771159,-0.21700203037485333,0.3833770123640051,0.3548843273459029
1774368235.050448,base,50294649,1774368235,-0.012262660053647009,0.9379161800261213,0.34661776564652064,-0.004357860923774184,-0.21700256107227367,0.38337601824853573,0.3548844679130523
1774368235.0513985,base,51322514,1774368235,-0.012262978326782597,0.9379159510327363,0.34661837301220694,-0.004357941175061837,-0.21700260741013624,0.3833759689325481,0.35488476693964766
1774368235.0524297,base,52296988,1774368235,-0.012263055432870037,0.9379160393527276,0.34661812213545384,-0.004358669938722327,-0.217003069081337,0.38337499908013073,0.3548835132787998
1774368235.0534053,base,53304036,1774368235,-0.012262254641687172,0.9379174948425845,0.34661423168618394,-0.004357105909800153,-0.21700183985900884,0.38337674303894215,0.35488218641701785
1774368235.0544136,base,54311136,1774368235,-0.012266131626367242,0.9379164366444402,0.34661696111871104,-0.004356851150808603,-0.21700358257174007,0.3833771473990498,0.35488654874270137
1774368235.0553832,base,55294860,1774368235,-0.012261886572448725,0.9379165748920057,0.34661673218058275,-0.004357252917507471,-0.21700357825572808,0.38337570883607686,0.3548832928349986
1774368235.0564752,base,56328606,1774368235,-0.012261389634924796,0.9379167070256851,0.3466163896028573,-0.004357460842762751,-0.2170034919626576,0.3833757166611649,0.3548830167895626
1774368235.0573773,base,57281401,1774368235,-0.012262948999981699,0.937916263007778,0.3466175407662035,-0.004357074768431009,-0.21700423600539817,0.3833757349673382,0.3548846125174588
1774368235.0584466,base,58308514,1774368235,-0.012263245518035678,0.9379166532875175,0.3466164675165755,-0.004357607329480881,-0.21700469134554468,0.38337521978937905,0.3548841356770605
1774368235.0593562,base,59280202,1774368235,-0.012262356337719119,0.9379161977840955,0.34661774279064594,-0.004356711373253503,-0.21700400237477552,0.3833753644635216,0.3548837739276951
1774368235.0604386,base,60300550,1774368235,-0.012260168732980047,0.9379161241668688,0.3466180202997628,-0.0043566379136786414,-0.21700405335579753,0.3833752970612858,0.35488215240265597
1774368235.0613708,base,61297205,1774368235,-0.01226014356205396,0.9379162270516161,0.34661774294051795,-0.004356626208433172,-0.2170038280501123,0.38337542570730704,0.35488212877296454
1774368235.062465,base,62323871,1774368235,-0.012262920228744287,0.9379166728325857,0.346616433451893,-0.004357025499720023,-0.21700424870511914,0.3833764962127022,0.3548846321721956
1774368235.0634003,base,63316868,1774368235,-0.01226266718817678,0.9379155593916203,0.34661946528526655,-0.004356228861294814,-0.21700411992086804,0.38337645742020143,0.35488451806052346
1774368235.064473,base,64393962,1774368235,-0.012262369832022795,0.937915603629823,0.3466193445050417,-0.004357151443620303,-0.21700536099059697,0.38337458336832414,0.3548838801752799
1774368235.0653758,base,65254178,1774368235,-0.01226152872630407,0.9379157873140593,0.34661886820386295,-0.004357869366469566,-0.2170054725390878,0.3833742154515374,0.35488264207349646
1774368235.066417,base,66307226,1774368235,-0.012261852538649986,0.9379158137741456,0.34661878469574464,-0.004357905545974199,-0.2170055878623377,0.3833743401400327,0.35488254148533727
1774368235.0673685,base,67283838,1774368235,-0.012262109001755788,0.9379155619046603,0.3466194641356912,-0.004357350362404435,-0.217004558829912,0.38337598744746587,0.35488319592581125
1774368235.0684166,base,68305934,1774368235,-0.012264028812635922,0.9379170168715817,0.3466154644818644,-0.004356930343415039,-0.21700444671981955,0.38337672593545447,0.35488483339201726
1774368235.0693622,base,69278755,1774368235,-0.012260394392626297,0.9379150561859678,0.34662090354378194,-0.004356527918235714,-0.21700572087547276,0.3833736824897722,0.35488082377750385
1774368235.0704195,base,70342698,1774368235,-0.012264928830877143,0.937914020648151,0.3466235346243186,-0.004357365825472326,-0.21700893251487613,0.3833740990165372,0.35488576542108874
1774368235.0713608,base,71276846,1774368235,-0.012264876084538474,0.9379140022853851,0.3466235856521751,-0.004357407631926262,-0.21700893717140515,0.3833739542817405,0.3548859969282797
1774368235.0724268,base,72353760,1774368235,-0.012262812066491536,0.9379145080870523,0.34662229236862413,-0.004357223102453307,-0.21700800756016475,0.3833737496264107,0.35488427403658396
1774368235.0733743,base,73290810,1774368235,-0.012259497792795863,0.9379140475885539,0.3466236804590032,-0.004355249129405571,-0.21700866225538132,0.38337193331034664,0.35488160845828076
1774368235.0744586,base,74355418,1774368235,-0.012266737249207698,0.9379136490133307,0.3466244784193794,-0.0043571908669297705,-0.2170095393538544,0.3833734565923472,0.35488770320188767
1774368235.0753927,base,75293539,1774368235,-0.012261609629803154,0.9379140789894577,0.3466235036003094,-0.004356617321958175,-0.217008601101931,0.38337264824971784,0.35488342645400983
1774368235.0764158,base,76339014,1774368235,-0.012261282016155194,0.9379142036089709,0.346623178627239,-0.00435656633362513,-0.2170084342626635,0.3833727587832432,0.3548831352121049
1774368235.0773802,base,77300135,1774368235,-0.012262831730062155,0.9379156894965207,0.3466190959410378,-0.004357141636886898,-0.21700678641085758,0.3833749162899117,0.35488486800132946
1774368235.078416,base,78342572,1774368235,-0.012264566103294381,0.9379131183743925,0.34662601328919773,-0.0043554231433420906,-0.21700937261618178,0.3833735428202407,0.35488577817495276
1774368235.0793655,base,79281125,1774368235,-0.012266372005753139,0.9379133874943688,0.34662520587233936,-0.004356642125850515,-0.2170099939456872,0.3833742968288409,0.3548867582545342
1774368235.080422,base,80336178,1774368235,-0.012266892910963847,0.9379142959803717,0.34662273208961175,-0.004356412823407849,-0.21700838518481674,0.38337437413004277,0.35488621188310915
1774368235.0813107,base,81238447,1774368235,-0.012267560866658476,0.9379143186048426,0.3466226481420535,-0.004356340366273029,-0.21700818106811323,0.3833744944196409,0.3548863770846785
1774368235.082446,base,82374639,1774368235,-0.01226548989259551,0.9379127201399253,0.3466270482364225,-0.004356212612519033,-0.21701096792031904,0.3833725075558594,0.35488564591037336
1774368235.083423,base,83338454,1774368235,-0.012264606742814852,0.9379140273386529,0.346623535058823,-0.004356797695279243,-0.21700969197547956,0.3833727761922557,0.35488360698498833
1774368235.0844178,base,84345392,1774368235,-0.01226380689581627,0.9379146683038388,0.34662183214169884,-0.004356547216997713,-0.2170079855244037,0.3833735183983328,0.35488430454088377
1774368235.085308,base,85234005,1774368235,-0.012264921235696023,0.9379137473573447,0.3466242783366907,-0.004357050923913686,-0.21700901101363215,0.3833733332263182,0.354885641254251
1774368235.0863948,base,86293188,1774368235,-0.012264693727618434,0.9379138412754597,0.34662403183986384,-0.004357084203488248,-0.2170087893654428,0.3833733970903113,0.35488554668297645
1774368235.0873544,base,87278773,1774368235,-0.012261772375636228,0.9379144044979076,0.34662260345308177,-0.004357699961099296,-0.2170093233670767,0.38337252214892215,0.3548831963264276
1774368235.088355,base,88288757,1774368235,-0.012263916668825882,0.9379145761537948,0.3466220695063962,-0.00435719144524344,-0.2170079418205251,0.3833736681134989,0.3548840691491644
1774368235.0893452,base,89272487,1774368235,-0.01226514124269977,0.9379134750639305,0.34662502527278016,-0.00435562377196491,-0.21701022215551252,0.383373376168109,0.35488567322119013
1774368235.0904064,base,90338446,1774368235,-0.012267103370022623,0.9379156625312173,0.34661900551000047,-0.004358115739081241,-0.2170074691389957,0.3833746670816163,0.35488803745815034
1774368235.0914874,base,91357847,1774368235,-0.012267252564296607,0.9379157346963962,0.34661880030046877,-0.004358486171454048,-0.21700747400742976,0.38337460491503095,0.35488831821787586
1774368235.0924747,base,92353077,1774368235,-0.012264949356048927,0.9379135602776345,0.3466247861252894,-0.0043568461325704435,-0.21700936677645744,0.3833729811095668,0.3548845933663064
1774368235.0933871,base,93311523,1774368235,-0.012263885113582514,0.9379135562831232,0.346624849723152,-0.0043556419352131365,-0.21700837209297857,0.3833733045577717,0.3548842435002963
1774368235.094513,base,94360477,1774368235,-0.012264790047702156,0.9379143319473884,0.3466227060076245,-0.004356665321302908,-0.2170082538122537,0.383372998978294,0.3548857640669438
1774368235.0954227,base,95335158,1774368235,-0.012262568923001541,0.9379142702554987,0.3466229460205811,-0.004357102995977742,-0.2170088604252516,0.38337174948030256,0.35488401660536323
1774368235.09649,base,96356409,1774368235,-0.012262476949434786,0.9379143069322808,0.346622850733915,-0.004357047153521885,-0.21700918210148287,0.38337168406147826,0.35488396593663063
1774368235.0974712,base,97359943,1774368235,-0.012264741400098176,0.9379141083941616,0.34662331204053787,-0.004356712478659217,-0.21700904753832467,0.3833731964589388,0.35488558224886885
1774368235.0984714,base,98392027,1774368235,-0.01226330063603455,0.9379146487383201,0.34662190230009216,-0.004356602512189168,-0.21700843246366805,0.38337346543050377,0.3548846332188837
1774368235.0994217,base,99324470,1774368235,-0.012267572140194461,0.9379141554464826,0.346623066398978,-0.004358156383856554,-0.2170093191121176,0.3833736601950069,0.35488685333478664
1774368235.1004605,base,100388699,1774368235,-0.012264680734323415,0.9379152555881635,0.3466202043134782,-0.004357166872830671,-0.21700782872092367,0.38337488739348974,0.35488523972474145
1774368235.1013608,base,101261105,1774368235,-0.012264086951472956,0.9379153023060259,0.3466201005158484,-0.00435703911227557,-0.21700769362611652,0.3833748572772871,0.3548849635916913
1774368235.1024454,base,102369306,1774368235,-0.0122671125968777,0.9379147211256985,0.34662154481696344,-0.004358728362777876,-0.21700761062296492,0.3833745271956383,0.35488676274573666
1774368235.1034224,base,103329805,1774368235,-0.01226701291237045,0.9379149906657549,0.3466208392891544,-0.004357114773203664,-0.21700620149846647,0.3833761701926166,0.35488633499735533
1774368235.1044514,base,104382232,1774368235,-0.012266934736596428,0.9379146553275894,0.3466217584888793,-0.004356394836810408,-0.21700669289029628,0.38337373227987825,0.3548876713077365
1774368235.105402,base,105322713,1774368235,-0.012263357504682954,0.9379156947273286,0.34661906709094,-0.004356830943620328,-0.2170055305595804,0.38337479763905374,0.35488450318373094
1774368235.1063905,base,106317287,1774368235,-0.012262572460742374,0.9379158131579937,0.3466187721761952,-0.004357008135351064,-0.21700549970268898,0.3833746147615158,0.35488397406701994
1774368235.1073682,base,107266695,1774368235,-0.012261876382437026,0.9379165033929497,0.34661693196980675,-0.004356778920637091,-0.21700362987588945,0.38337434759783257,0.354883018277496
1774368235.1084104,base,108326066,1774368235,-0.0122635537738381,0.9379152289715428,0.34662031884733535,-0.004356956996131936,-0.2170058337615578,0.38337461325700845,0.3548842259468402
1774368235.1093965,base,109299377,1774368235,-0.012264530601436702,0.9379152648559205,0.3466201862282432,-0.004357033219182133,-0.21700587945602737,0.38337492646624793,0.3548856158865186
1774368235.1104724,base,110324345,1774368235,-0.012261859592849807,0.9379167456666898,0.34661627219584606,-0.004357160358112659,-0.2170035942568799,0.38337567908014686,0.3548833047164761
1774368235.1113417,base,111258392,1774368235,-0.012261521563254732,0.9379166411386124,0.34661656947022024,-0.004356963726389938,-0.2170038277297252,0.38337551842188083,0.3548830702560736
1774368235.11247,base,112325134,1774368235,-0.01226450026814746,0.9379160586588244,0.34661802171137673,-0.00435843641239006,-0.21700507475951672,0.3833744934049363,0.35488617850652
1774368235.1134098,base,113309688,1774368235,-0.012263434758428449,0.9379153883537956,0.3466199012424668,-0.004356204740028658,-0.21700462271573098,0.3833748310756849,0.35488487541219466
1774368235.1144655,base,114322937,1774368235,-0.012265101454412744,0.9379170993490799,0.3466151859491686,-0.004358314392573109,-0.21700337375403358,0.38337618451077304,0.35488524816220735
1774368235.1154485,base,115299405,1774368235,-0.012262478906913309,0.9379171539201397,0.34661514532277987,-0.004357181000425911,-0.21700429467628954,0.3833757773670918,0.35488412913768985
1774368235.1165278,base,116319773,1774368235,-0.012261774059742159,0.9379173502811594,0.3466146400677302,-0.0043570895325426556,-0.21700430595613088,0.38337566792984573,0.3548837672200953
1774368235.1174297,base,117295536,1774368235,-0.01225856735341806,0.9379169674861503,0.34661580452781204,-0.004355878736036067,-0.21700359925443075,0.3833739346179016,0.3548810997248751
1774368235.1185267,base,118321161,1774368235,-0.01226135009977314,0.9379158260854558,0.3466188009650403,-0.004355374808881453,-0.2170042494426477,0.38337515765184343,0.3548829353341725
1774368235.119436,base,119298597,1774368235,-0.012262355725301677,0.9379163978888938,0.3466172053069383,-0.0043563962625101675,-0.21700441911255108,0.3833758028253437,0.35488373694133424
1774368235.1205122,base,120324576,1774368235,-0.012260174652906823,0.9379169455783256,0.34661579323093805,-0.004356971125922557,-0.21700305181183469,0.38337519361676897,0.3548821854670165
1774368235.1214073,base,121260981,1774368235,-0.012260480838843962,0.9379170791464292,0.3466154182775708,-0.004357185708215397,-0.2170027899503255,0.38337532342737657,0.3548824864637687
1774368235.1225019,base,122319471,1774368235,-0.012262189015969923,0.9379162285739523,0.3466176693450393,-0.0043563971310408124,-0.21700480771046043,0.38337609029215236,0.35488413278331793
1774368235.1233268,base,123245707,1774368235,-0.012260198591822764,0.9379171738811194,0.3466151845688285,-0.004356179020661621,-0.2170034193643668,0.3833759622508894,0.35488153643302867
1774368235.1243804,base,124250701,1774368235,-0.012260313764853453,0.9379155909929857,0.3466194684402349,-0.004355798075528234,-0.2170043450480195,0.3833747695794841,0.35488155407532346
1774368235.125303,base,125236828,1774368235,-0.012260600199639432,0.9379172473956184,0.34661496876828807,-0.00435639143438974,-0.21700169365144137,0.3833764823959152,0.3548827127104519
1774368235.126412,base,126303514,1774368235,-0.012260677925560442,0.937917217783066,0.3466150514136098,-0.00435597249980794,-0.21700146126524023,0.383376617760712,0.35488270249322823
1774368235.1274133,base,127332341,1774368235,-0.012261953481104844,0.9379172258731417,0.3466149835901138,-0.0043560369698311474,-0.21700259926136964,0.3833770185305726,0.3548830162213885
1774368235.1284814,base,128351952,1774368235,-0.012262076460568011,0.9379169854399576,0.34661563520864297,-0.004355609372575514,-0.21700318842798694,0.38337638707015725,0.3548836068210921
1774368235.1294158,base,129351942,1774368235,-0.012264869172267967,0.9379170988125111,0.34661520793396944,-0.004357334988365079,-0.21700348520980264,0.3833768163085964,0.3548848932080658
1774368235.130556,base,130344412,1774368235,-0.01226446858290125,0.9379162261678448,0.3466175797676146,-0.004357625212048766,-0.21700429214280456,0.38337612175936114,0.3548850723442848
1774368235.1314175,base,131290958,1774368235,-0.012264196562922882,0.9379161512936259,0.34661779124912867,-0.00435768456793694,-0.21700406555162563,0.3833761244728979,0.35488510560945075
1774368235.132488,base,132316228,1774368235,-0.01226532928076964,0.9379162059965056,0.3466176058645383,-0.004357468472660898,-0.217006322641587,0.3833766135718767,0.3548856168854428
1774368235.133486,base,133364907,1774368235,-0.012265166107245883,0.9379169108149676,0.3466156938012504,-0.004358315999041534,-0.21700381912187167,0.38337694956272694,0.3548866339312333
1774368235.1344614,base,134342189,1774368235,-0.012263554792318812,0.9379164191086224,0.3466170910997461,-0.004357539198338377,-0.2170068429258315,0.3833752864534567,0.3548848845547583
1774368235.135465,base,135330956,1774368235,-0.012258790825979986,0.9379157162147009,0.34661917756179356,-0.004356268051371511,-0.21700543297637326,0.3833741106473319,0.35488058644525666
1774368235.136526,base,136345532,1774368235,-0.01225871194221943,0.9379157192940754,0.34661917222883853,-0.00435625136896568,-0.21700542856186647,0.38337408218502644,0.35488054494574806
1774368235.1374218,base,137300364,1774368235,-0.012262476089601125,0.9379161972421587,0.3466177171791651,-0.004358528245208489,-0.21700561632400306,0.38337427800195334,0.3548844701018761
1774368235.1385043,base,138325419,1774368235,-0.012262179988137799,0.937916878028165,0.3466159033362034,-0.004357109852479091,-0.21700475329009666,0.383374938808189,0.35488371181435097
1774368235.1394517,base,139319723,1774368235,-0.012261977053462979,0.9379164398175295,0.3466170932656857,-0.004357349515225289,-0.2170058179381938,0.38337564637121757,0.3548838885317204
1774368235.1404898,base,140312794,1774368235,-0.0122632768134685,0.9379166175497998,0.3466165767953945,-0.0043565188374845,-0.21700498972924137,0.3833757673709974,0.3548839336520828
1774368235.1413906,base,141270174,1774368235,-0.012263821835755903,0.937916696865725,0.3466163414844773,-0.004356630622945943,-0.21700488265976395,0.38337600625450463,0.3548840354342056
1774368235.1425033,base,142328220,1774368235,-0.012263902466858524,0.937916258322261,0.3466175244025286,-0.00435670151782436,-0.21700560924472795,0.38337526786460774,0.3548834589233044
1774368235.143442,base,143325177,1774368235,-0.012263755795909893,0.9379160009871079,0.3466182139596239,-0.004357652759227585,-0.21700583003276508,0.3833752121020776,0.35488461314854153
1774368235.1445007,base,144340479,1774368235,-0.012261217009803194,0.9379136455424967,0.34662469701262877,-0.004356085803308928,-0.217007859459027,0.3833720482030217,0.3548821989807185
1774368235.1454453,base,145326342,1774368235,-0.012261846940996187,0.9379144634596209,0.3466224489837799,-0.00435708656488658,-0.21700759894033692,0.3833728642297614,0.35488305700617023
1774368235.146513,base,146346584,1774368235,-0.012261821117178528,0.9379145777278863,0.3466221419657972,-0.004356986051563177,-0.2170076187386485,0.38337283298982006,0.3548830626317206
1774368235.1474435,base,147322516,1774368235,-0.01226362751476805,0.9379151549124267,0.34662052216383643,-0.004356517031635175,-0.21700810491299458,0.38337409023306507,0.35488405711062465
1774368235.1485264,base,148341063,1774368235,-0.012261217813036936,0.9379148972356872,0.34662131168942417,-0.004355957278784263,-0.2170067267529653,0.3833730718192485,0.35488294804323306
1774368235.149407,base,149298849,1774368235,-0.01226209704502516,0.9379143528758566,0.34662275179885443,-0.0043560969813956655,-0.21700785920704926,0.38337305429998264,0.35488374922544325
1774368235.1504762,base,150347641,1774368235,-0.012265429819540466,0.9379144485851464,0.346622364602795,-0.004356916768754648,-0.21700741660856188,0.3833743693548317,0.3548855976178823
1774368235.1514006,base,151324805,1774368235,-0.012265602318599191,0.9379143208970101,0.34662270313212523,-0.004356986279621538,-0.21700734141330047,0.38337433067357995,0.35488536328137377
1774368235.1524723,base,152348039,1774368235,-0.012264348047487923,0.9379146011175927,0.3466219837387544,-0.004357426580857385,-0.21700712102729044,0.38337372842944933,0.35488448322458704
1774368235.1533294,base,153266294,1774368235,-0.012266754530001714,0.9379148145281667,0.34662131768858545,-0.004357699590841939,-0.21700984461797518,0.38337411284240863,0.35488727919106666
1774368235.1543393,base,154264128,1774368235,-0.012265299758596396,0.9379137492260162,0.346624255202111,-0.004357423574911227,-0.21700901782180682,0.38337228282380015,0.35488655268002717
1774368235.1553667,base,155286767,1774368235,-0.01226426213858425,0.93791469781431,0.34662173389287987,-0.004356729413360911,-0.21700961298055943,0.3833730407303377,0.35488513347420303
1774368235.156448,base,156308799,1774368235,-0.012264789240642077,0.9379147824556706,0.3466214836765004,-0.0043569312498881255,-0.217009514644505,0.3833733142615861,0.3548856669506757
1774368235.1573644,base,157287365,1774368235,-0.012268277486705493,0.9379154282509198,0.346619599225512,-0.004358009769209515,-0.2170091452742254,0.38337621685729617,0.35488892223626595
1774368235.1584036,base,158303429,1774368235,-0.012264095982782587,0.9379138632849887,0.3466240032167752,-0.004356305949960615,-0.21700861514594863,0.38337361404578457,0.3548849529648918
1774368235.159359,base,159244015,1774368235,-0.012265013784018385,0.9379145253864416,0.34662217397461187,-0.0043567206839278585,-0.2170097147947814,0.3833736216840747,0.3548844033941347
1774368235.1604345,base,160299825,1774368235,-0.012265619239938911,0.9379149214523597,0.34662106262961956,-0.004358169706218961,-0.21700881285540385,0.38337334152450026,0.35488651378503455
1774368235.1613512,base,161274466,1774368235,-0.01226559596914667,0.9379148035196458,0.3466213831988783,-0.004358119264336388,-0.2170090085790644,0.3833730861205448,0.3548867455461563
1774368235.1624925,base,162347027,1774368235,-0.012264860384357232,0.9379144175194878,0.34662247227191767,-0.004356641474323123,-0.21700952585864267,0.38337280249349354,0.35488594492087033
1774368235.1634314,base,163342079,1774368235,-0.01226271582664332,0.937913595149097,0.34662477949769543,-0.004356153489576392,-0.2170099193636846,0.3833720013934773,0.3548840380541452
1774368235.1644316,base,164298908,1774368235,-0.012266400747747123,0.9379146611850524,0.34662174131283996,-0.004358003680416239,-0.2170087310774737,0.3833743963781478,0.3548866533797463
1774368235.165459,base,165351896,1774368235,-0.012264640900621574,0.9379155626810107,0.34661936719414665,-0.004357768955696423,-0.2170078645380626,0.3833739212761625,0.3548855909665067
1774368235.1664622,base,166315891,1774368235,-0.012264583567922883,0.9379157032249932,0.3466189880235676,-0.004357840679708311,-0.21700789474976387,0.3833737681937185,0.35488581208331826
1774368235.167356,base,167281817,1774368235,-0.0122639664177933,0.937916080183434,0.34661800800037346,-0.004356396549740451,-0.21700664970571623,0.38337526294734914,0.3548851158244346
1774368235.168801,base,168296794,1774368235,-0.012264376479790357,0.9379146238532265,0.3466219232731468,-0.004357262701213225,-0.21700846974393256,0.38337484774785463,0.3548856837842178
1774368235.1693392,base,169237735,1774368235,-0.012265421944484642,0.9379150817892984,0.34662064650817964,-0.004357314648832196,-0.21700861055114606,0.3833733740018933,0.35488509550676356
1774368235.17054,base,170372603,1774368235,-0.012264079105597991,0.9379153832873137,0.3466198804582081,-0.004357135279119731,-0.21700661686740816,0.3833747703944552,0.3548846876513393
1774368235.171371,base,171261392,1774368235,-0.012263332424012294,0.9379153878189366,0.34661989604022825,-0.004357021846783987,-0.217006467773939,0.38337447587736384,0.35488427733549244
1774368235.172538,base,172404152,1774368235,-0.012265980918236325,0.937916157641361,0.34661772312030203,-0.004356715078666282,-0.2170063292334154,0.3833764195841613,0.35488545068826616
1774368235.17343,base,173303095,1774368235,-0.012263311498332716,0.9379161505633079,0.3466178429882677,-0.004356216909411259,-0.21700492047065964,0.3833754231737616,0.3548843962542418
1774368235.1745555,base,174321451,1774368235,-0.012264918817271799,0.9379160921017738,0.3466179195404289,-0.004358187284554339,-0.2170051491279251,0.38337560710590285,0.354885481529277
1774368235.1753976,base,175292455,1774368235,-0.012261663677156748,0.9379144682154766,0.34662245472036507,-0.004356122080071258,-0.21700776045449435,0.3833734885166102,0.35488267734248613
1774368235.1764162,base,176312820,1774368235,-0.012261043216118175,0.9379146096739892,0.3466220955190463,-0.004355993265143452,-0.2170077127794437,0.3833734027268086,0.35488241000292997
1774368235.1773326,base,177238553,1774368235,-0.012263882026928003,0.9379152086860627,0.3466203630253393,-0.00435688526255739,-0.21700605131567785,0.383375757820958,0.3548848213840273
1774368235.178424,base,178292601,1774368235,-0.012262194956711702,0.9379149234950814,0.3466211878920461,-0.004357403397211422,-0.21700633486361193,0.3833740407064262,0.3548837731866818
1774368235.1793494,base,179257344,1774368235,-0.012261753257076926,0.9379165750729279,0.3466167347534631,-0.004357384465333431,-0.21700440505746862,0.38337568155821533,0.3548836607835175
1774368235.1804097,base,180292774,1774368235,-0.012264783045941976,0.937914668924054,0.3466217859996073,-0.004357336842708522,-0.21700825301360652,0.38337443603565724,0.35488573817386276
1774368235.1813626,base,181267730,1774368235,-0.012265109302786115,0.9379147210113464,0.34662163197617835,-0.004357459141492333,-0.21700824285468384,0.38337442398646304,0.3548860407397989
1774368235.1824474,base,182310419,1774368235,-0.012260734104243361,0.9379157302055551,0.3466190773370957,-0.0043557614932271255,-0.21700580741330208,0.3833736259220127,0.35488246420779285
1774368235.1833892,base,183287134,1774368235,-0.01225991854574057,0.937915978237879,0.3466184334801849,-0.0043558851083378,-0.21700453493594068,0.38337452144353007,0.354881523066468
1774368235.1844928,base,184339991,1774368235,-0.01226336100691006,0.9379169208447139,0.3466157448930769,-0.004357173648410459,-0.21700564274517017,0.38337649170797716,0.3548847999364956
1774368235.185359,base,185252935,1774368235,-0.012266360350424202,0.9379164300066957,0.3466169705761234,-0.004356883734895733,-0.21700552853475066,0.38337653218869705,0.35488583812755436
1774368235.1864874,base,186337179,1774368235,-0.012266974912480695,0.9379163203315469,0.34661724900472146,-0.004356612746910711,-0.21700556405104296,0.38337669407891595,0.3548859298861638
1774368235.1873932,base,187297949,1774368235,-0.012260957064202223,0.9379149187480248,0.34662126012057715,-0.004356162781513462,-0.21700739648268466,0.3833743125180251,0.3548822784301183
1774368235.1884656,base,188332917,1774368235,-0.012259297893325114,0.937915081939445,0.3466208772952353,-0.004356157569293222,-0.2170034761950923,0.3833743686087224,0.35488248542115935
1774368235.189345,base,189250429,1774368235,-0.012262114364890313,0.9379164400075922,0.346617094675319,-0.004356810028916122,-0.2170049340416131,0.38337584398891206,0.35488447697147496
1774368235.1904364,base,190283011,1774368235,-0.012258769156591211,0.9379158059164878,0.34661894012869154,-0.004355908040019167,-0.21700547084660554,0.38337437372532657,0.3548812056335016
1774368235.1913881,base,191287267,1774368235,-0.012258895113266388,0.9379157214151111,0.3466191649774854,-0.004355856205674126,-0.21700580558522542,0.3833742150843622,0.3548812403544924
1774368235.1930335,base,192267059,1774368235,-0.012260485190048354,0.9379153925693613,0.34662000278113275,-0.004355520218430734,-0.21700632933727515,0.3833737237255535,0.35488277901219406
1774368235.194043,base,193303270,1774368235,-0.012262690897599078,0.9379167383206367,0.3466162670119894,-0.004356814501635152,-0.21700447584845542,0.38337590311610936,0.3548838105763088
1774368235.1947365,base,194302923,1774368235,-0.012263428944705246,0.9379164871859386,0.346616912900265,-0.004357415150907845,-0.21700489747449753,0.3833756214575291,0.35488454725736457
1774368235.1961029,base,195301428,1774368235,-0.012267417082105618,0.9379162578897868,0.34661738501612066,-0.00435798907054449,-0.217007168628112,0.3833777579098441,0.3548870017924207
1774368235.1968193,base,196299838,1774368235,-0.01226862228919082,0.9379162368807523,0.34661739507511335,-0.004358317785164237,-0.21700738206764672,0.3833780393361054,0.3548877152714929
1774368235.1983387,base,197303353,1774368235,-0.012267245008363258,0.9379170981344421,0.3466151150268029,-0.004358183328893355,-0.21700339983113567,0.38337735495647196,0.3548865877745739
1774368235.1984434,base,198229670,1774368235,-0.01226368102631046,0.9379158775960216,0.3466185548645238,-0.004357304740157037,-0.2170047860739743,0.38337541961745647,0.3548841663622262
1774368235.1994114,base,199238532,1774368235,-0.012263475835949583,0.9379170679461655,0.3466153464965721,-0.0043568783263294225,-0.2170048184412949,0.3833759489539528,0.35488405505512977
1774368235.2003934,base,200228014,1774368235,-0.012264332621443353,0.9379162858764987,0.34661743942855344,-0.004356319200612582,-0.21700422068413028,0.38337659168065286,0.3548842038917175
1774368235.2013993,base,201233036,1774368235,-0.012265221849385836,0.9379160639667431,0.3466180116162712,-0.004356065805307199,-0.21700456682661978,0.3833767922130344,0.354884582887931
1774368235.2025032,base,202319421,1774368235,-0.01226152739426258,0.9379162113867623,0.3466177349561194,-0.004356739348561225,-0.2170044783836493,0.38337430578348736,0.3548825326573864
1774368235.2035763,base,203341267,1774368235,-0.0122619252484668,0.937914343229671,0.3466227736047207,-0.0043569222883088335,-0.2170056133795575,0.38337448435524735,0.3548823621751962
1774368235.2044961,base,204325086,1774368235,-0.012264014229749877,0.9379146848530275,0.3466217681035829,-0.004357495698755624,-0.21700732033484985,0.383374191752949,0.3548852048342046
1774368235.205488,base,205323529,1774368235,-0.012261400338839577,0.9379151840844338,0.34662052665776416,-0.004356147964373864,-0.21700682997239829,0.38337374023263343,0.3548827216020907
1774368235.2064922,base,206324125,1774368235,-0.012260954432773483,0.9379153672461679,0.34662004740570324,-0.004356101049277919,-0.2170067078996864,0.3833734919127811,0.3548824220482371
1774368235.2074928,base,207322692,1774368235,-0.012262404543785861,0.9379145806551842,0.3466221126765203,-0.004357044053050139,-0.21700764241365478,0.3833727861630238,0.3548841544825214
1774368235.2084908,base,208324999,1774368235,-0.012266088957843941,0.9379149265442951,0.346621042859032,-0.004357324225348175,-0.2170077253788487,0.38337439056017425,0.35488567242154323
1774368235.2094426,base,209271722,1774368235,-0.012264415291661505,0.937914434683079,0.3466224339986921,-0.004357244484344664,-0.21700742941716344,0.3833740954029963,0.35488412156965143
1774368235.2104902,base,210322960,1774368235,-0.012264448708026527,0.9379148099856814,0.34662141555321074,-0.0043573830792790055,-0.21700781433342678,0.383374958571085,0.35488494792856967
1774368235.2114959,base,211329559,1774368235,-0.01226400919441011,0.9379145186604934,0.3466222217683872,-0.0043571941294212975,-0.21700798867597326,0.38337470874439716,0.3548848836779989
1774368235.212466,base,212300457,1774368235,-0.012264639860555673,0.9379144156005644,0.34662250000014094,-0.004355469136012574,-0.21700694377544255,0.38337508352081795,0.3548855216672472
1774368235.2134945,base,213329234,1774368235,-0.012262981221085913,0.9379135013645917,0.3466250205567335,-0.004356417522145013,-0.21700756057219328,0.38337281917716143,0.35488395686699165
1774368235.2145224,base,214332595,1774368235,-0.012262686196615937,0.937913854638139,0.3466240793283098,-0.004356080218821732,-0.21700822485399135,0.3833744131143181,0.35488400912183654
1774368235.2154763,base,215309892,1774368235,-0.012265690554016289,0.9379150162135498,0.34662080496429154,-0.004358068640612424,-0.2170085223464171,0.38337468558427346,0.3548857944031954
1774368235.2164884,base,216324204,1774368235,-0.012266223121729128,0.9379151955859575,0.34662029881937906,-0.0043582227624809535,-0.21700859959607655,0.38337481943452806,0.3548858954956148
1774368235.2173874,base,217229756,1774368235,-0.012262943008599031,0.9379145606483232,0.34662214394391133,-0.004357347858164476,-0.2170084939791066,0.38337272045203724,0.35488326331808656
1774368235.218464,base,218302403,1774368235,-0.01226315991555805,0.9379136819975001,0.3466245192270884,-0.004356914202427508,-0.21700876292306812,0.38337358443767033,0.3548840042865783
1774368235.219446,base,219281124,1774368235,-0.012266439970616173,0.9379156571607262,0.34661903679235645,-0.004358650748744593,-0.21700699218150118,0.38337547037549347,0.35488659351776786
1774368235.2204845,base,220308972,1774368235,-0.012261591871561648,0.9379136928674356,0.3466245537762794,-0.004356238737704428,-0.2170085855863877,0.38337309227026867,0.35488400329797676
1774368235.2214563,base,221297341,1774368235,-0.012260769492390591,0.9379136226149724,0.3466247756508509,-0.0043560245305691225,-0.21700882545476763,0.38337290136339514,0.3548839331860861
1774368235.2224932,base,222330746,1774368235,-0.012266179740761092,0.9379132131412861,0.34662569710288244,-0.004355635142744601,-0.21701126455408917,0.38337392423626343,0.3548862690823704
1774368235.2235177,base,223328101,1774368235,-0.012263608940235598,0.9379135577194874,0.3466248577188498,-0.004355473926202835,-0.21700971216459178,0.3833724858880642,0.35488414802745843
1774368235.2245057,base,224326664,1774368235,-0.012263850005319828,0.9379149528159583,0.3466210514187825,-0.004357290514026443,-0.21700829489411355,0.3833738630535633,0.3548848383809885
1774368235.2254343,base,225269979,1774368235,-0.01226454175213854,0.9379134392638154,0.34662514451004844,-0.0043555318067110375,-0.2170097304035151,0.38337392411888255,0.3548852001120719
1774368235.2269897,base,226283368,1774368235,-0.012264360033136757,0.9379131691027559,0.3466258873423842,-0.004355102835466257,-0.21700956541892838,0.3833738436767479,0.35488497749071746
1774368235.2275333,base,227337546,1774368235,-0.01226542966921121,0.9379142431282026,0.3466229248514201,-0.004356574310983745,-0.2170089924403492,0.3833738697582431,0.3548849778179536
1774368235.2284825,base,228326148,1774368235,-0.012264339230955877,0.9379143921392252,0.3466225461611654,-0.004357693665981687,-0.21700830716088865,0.3833736480344278,0.3548841297323902
1774368235.2294915,base,229285179,1774368235,-0.012263691031615002,0.9379146856847562,0.34662178913234387,-0.004356553435798485,-0.21700951827326098,0.38337297648488766,0.3548847177987128
1774368235.2304842,base,230326157,1774368235,-0.012259565409604234,0.9379161379262637,0.3466179957912029,-0.004357323391617907,-0.21700478481577412,0.3833736809298089,0.35488130350944086
1774368235.2314212,base,231254204,1774368235,-0.01225937841516801,0.9379162382603485,0.3466177304243495,-0.004357362034966039,-0.21700456443131402,0.3833737526078568,0.3548812613699689
1774368235.232383,base,232229002,1774368235,-0.012263232217113753,0.9379150267991211,0.3466208741172077,-0.0043572085348197055,-0.21700788687339398,0.3833731200859164,0.3548846292879814
1774368235.2335024,base,233319427,1774368235,-0.012262529691116804,0.937914774657226,0.34662157598358706,-0.004357626408262921,-0.21700864985916343,0.38337348296524243,0.35488266450907713
1774368235.234474,base,234315258,1774368235,-0.012263282033272985,0.9379160252839575,0.3466181838842087,-0.004356148542946193,-0.21700560057806748,0.38337579655908965,0.3548846610658341
1774368235.235476,base,235319095,1774368235,-0.01226133294542654,0.9379159755716768,0.3466183772593806,-0.004356951675763528,-0.2170043641746454,0.38337376958567243,0.3548827721392899
1774368235.2364807,base,236314393,1774368235,-0.012260788286988277,0.9379160881612032,0.34661808954023776,-0.004357136954882209,-0.21700419640038734,0.38337356269878275,0.35488241742455595
1774368235.2375588,base,237318726,1774368235,-0.012263552450039685,0.9379145728794503,0.3466221063782716,-0.00435598801116592,-0.21700809297975354,0.38337424111819934,0.3548844278821518
1774368235.2385252,base,238316227,1774368235,-0.012262727451871569,0.9379151641146037,0.34662052349608446,-0.0043569634629378705,-0.21700704417870273,0.38337365356172576,0.3548838612998185
1774368235.2394404,base,239273211,1774368235,-0.01226140520803041,0.9379163748372676,0.34661728702942296,-0.004357532192108246,-0.21700378503906842,0.3833748108378492,0.3548830763200636
1774368235.2404952,base,240316682,1774368235,-0.01226580083897132,0.9379156366006864,0.3466191281066057,-0.004357611768413698,-0.2170052340213523,0.38337575957447534,0.35488576235384556
1774368235.2415104,base,241336110,1774368235,-0.012266283160898507,0.9379156316868006,0.346619123189239,-0.004357702891401726,-0.21700532171443535,0.3833759005747521,0.3548858076638208
1774368235.2425125,base,242332443,1774368235,-0.012263272012037366,0.9379160351362225,0.34661813605352765,-0.004357861021797634,-0.21700591152837861,0.3833750203003105,0.3548845419774195
1774368235.2435722,base,243332715,1774368235,-0.012265344666560363,0.9379163193152736,0.3466172966339924,-0.004357631976565783,-0.21700536282995173,0.38337597417069325,0.3548848993632036
1774368235.2445455,base,244329789,1774368235,-0.012262293178311741,0.9379169188598117,0.3466158122695207,-0.004355245947931828,-0.2170033647700884,0.3833759354538195,0.3548818531820072
1774368235.2454998,base,245335719,1774368235,-0.012264606698012218,0.9379158812013936,0.34661849443982745,-0.004358729748871228,-0.21700614640581462,0.3833754022993976,0.354884943340145
1774368235.246442,base,246267661,1774368235,-0.01226484170445704,0.9379160692670621,0.3466179677362635,-0.004359485172709069,-0.2170063294974995,0.38337554847620564,0.3548852597378517
1774368235.2475173,base,247327464,1774368235,-0.012266827432408013,0.9379176729048617,0.34661356993929743,-0.00435854693770203,-0.21700467402379928,0.3833781275107418,0.354886274161674
1774368235.2484047,base,248231495,1774368235,-0.0122651196114509,0.9379174667366041,0.34661418436657565,-0.004358856180398427,-0.2170027900902501,0.3833779179723785,0.35488567580507374
1774368235.2495203,base,249325266,1774368235,-0.012266393434909796,0.9379164861114824,0.34661681724615284,-0.004356911123343609,-0.21700543015016327,0.3833768664926067,0.3548854185801211
1774368235.250506,base,250325634,1774368235,-0.012265142469554898,0.9379162267928407,0.3466175627422641,-0.004356948185922585,-0.2170044500098561,0.3833766790616717,0.35488578547087435
1774368235.2515059,base,251328959,1774368235,-0.012264580033634785,0.9379161913263856,0.34661768615734934,-0.0043563479350034835,-0.2170041472337026,0.3833767187160077,0.35488549339642184
1774368235.2524834,base,252327584,1774368235,-0.012265679114528586,0.9379169222726298,0.3466156499897712,-0.004357890850580339,-0.2170034518915156,0.3833768160104605,0.3548856357980046
1774368235.2534788,base,253284969,1774368235,-0.012262168758310307,0.9379169458767367,0.34661572004979874,-0.004357117046491934,-0.21700444493373916,0.38337649862878603,0.35488384599307293
1774368235.254476,base,254299231,1774368235,-0.012261979579485327,0.9379172849535019,0.34661481053362403,-0.004357012850980314,-0.21700353500300013,0.3833762421459106,0.35488364634314185
1774368235.2555032,base,255291433,1774368235,-0.01226352373600496,0.9379168959884304,0.3466157966667525,-0.004357947461446758,-0.21700243359174118,0.38337734916474453,0.35488405476509083
1774368235.2564642,base,256288006,1774368235,-0.012264352975169748,0.9379169959011258,0.3466154939993169,-0.004358183740693237,-0.21700226597296193,0.383377591234327,0.35488445163741045
1774368235.2574344,base,257278994,1774368235,-0.012264059160421741,0.937916714941603,0.34661626644834115,-0.004358040783889648,-0.2170049435623542,0.38337561932217457,0.3548838171799115
1774368235.2584877,base,258286061,1774368235,-0.012261544634295372,0.9379165139800034,0.3466169141861646,-0.004356848269118316,-0.21700352538674816,0.38337635670320336,0.3548830795084325
1774368235.259464,base,259299297,1774368235,-0.012265120417742243,0.9379171767894415,0.34661498033077853,-0.0043579484572170025,-0.21700364337388914,0.38337652625029506,0.3548855476650167
1774368235.260464,base,260269315,1774368235,-0.012259876502527326,0.9379176763108388,0.3466138116421408,-0.004358149920097663,-0.21700335450903735,0.3833752480203889,0.35488170204275643
1774368235.2614522,base,261261941,1774368235,-0.012259417369904699,0.9379178691773005,0.34661329878694164,-0.004358723172803971,-0.2170034822879343,0.3833752855515698,0.35488171934758717
1774368235.2624545,base,262282638,1774368235,-0.012263050880826522,0.9379173402931146,0.3466146121142234,-0.004357869834038613,-0.2170039494821025,0.3833765386544274,0.3548842643410756
1774368235.2638571,base,263326063,1774368235,-0.0122648550017147,0.9379176264753994,0.3466137612354063,-0.004358876091945188,-0.21700273503621376,0.3833768273447655,0.35488630275437094
1774368235.2645032,base,264303814,1774368235,-0.012262993710062156,0.9379174542940185,0.3466143287772672,-0.004356030553053418,-0.2170018482244474,0.38337753489597426,0.35488420541818677
1774368235.2654297,base,265243882,1774368235,-0.012262140060384825,0.9379165148936419,0.3466168830667594,-0.0043574515474929295,-0.21700460554029347,0.38337527846319713,0.35488343004319156
1774368235.2664332,base,266257496,1774368235,-0.012261774116048398,0.9379164824295326,0.3466169817197888,-0.004357621599315583,-0.21700485593229213,0.3833750841384018,0.35488314787069153
1774368235.2674577,base,267262451,1774368235,-0.012263743447153046,0.9379161630814493,0.3466177630867386,-0.0043586626366595715,-0.21700570619962298,0.38337498205146425,0.354885328899192
1774368235.268453,base,268266580,1774368235,-0.012261876017938848,0.937915245348666,0.3466203332802639,-0.004357005365064958,-0.21700549449731865,0.38337439388410993,0.3548837044392426
1774368235.2694576,base,269265834,1774368235,-0.012262031033508312,0.937916073270219,0.3466180795214185,-0.004357642159467379,-0.21700603031856663,0.38337421526607995,0.3548836732872188
1774368235.27044,base,270267309,1774368235,-0.012263426912890212,0.9379148859117858,0.34662125337969035,-0.00435681660463395,-0.21700710660596956,0.3833742148905209,0.3548847695639125
1774368235.2715776,base,271384544,1774368235,-0.012263757836222687,0.9379148208042023,0.34662141641998545,-0.004356929946487877,-0.2170069080964149,0.3833743097046351,0.3548850720683952
1774368235.2724435,base,272260263,1774368235,-0.012263405961182429,0.9379154979524283,0.34661958859663355,-0.004357565373019612,-0.21700702792750634,0.38337277177216894,0.3548851126995123
1774368235.2734406,base,273255669,1774368235,-0.012263421330365497,0.9379154348945238,0.34661977875986305,-0.004355967900915849,-0.21700639263138405,0.3833751125853473,0.3548848681840418
1774368235.2746158,base,274235943,1774368235,-0.012265766318843742,0.9379153331675273,0.3466199457722733,-0.004357978738375672,-0.21700791198294708,0.38337374693322,0.3548849586954769
1774368235.2754402,base,275241276,1774368235,-0.012264149766485974,0.9379155742352052,0.34661936925345926,-0.004356500417124761,-0.21700725538268836,0.38337421503777536,0.35488494904939893
1774368235.2764566,base,276266875,1774368235,-0.012263626139261267,0.9379154913868508,0.3466196138816266,-0.0043563474414532385,-0.21700751366529517,0.38337401937850807,0.3548847365057703
1774368235.2785985,base,277597704,1774368235,-0.012265317511904773,0.9379146780212004,0.34662173782663325,-0.00435770636514555,-0.21700867923625639,0.38337440157293845,0.3548870706759776
1774368235.278789,base,278546569,1774368235,-0.012262214727233196,0.9379146970307887,0.34662181041002577,-0.0043565733900961115,-0.2170077457625184,0.38337310915140377,0.354883920513463
1774368235.279462,base,279247575,1774368235,-0.012263092708616431,0.9379152561886418,0.34662026134155016,-0.00435697065972662,-0.2170070746281193,0.38337411212303635,0.3548847482339947
1774368235.2805946,base,280341951,1774368235,-0.012267345188343121,0.9379149073149292,0.3466210415526454,-0.0043580306810471385,-0.21700881565285812,0.3833738193723522,0.3548869032183435
1774368235.2816675,base,281341420,1774368235,-0.012268143765664126,0.9379150118252475,0.3466207278857502,-0.004358238330262415,-0.2170086379692533,0.38337408470318546,0.3548872398703762
1774368235.2824645,base,282232068,1774368235,-0.012264714184037923,0.9379148583649679,0.34662127817133137,-0.004357150798228333,-0.21700868287087152,0.383372190764645,0.3548839220663977
1774368235.2835028,base,283329959,1774368235,-0.012262451279572395,0.9379137139729393,0.34662445887852067,-0.004356826514355467,-0.21700904017142386,0.3833734632613626,0.35488337720451435
1774368235.2845383,base,284283789,1774368235,-0.01226530726870821,0.9379142975845418,0.3466227800966966,-0.004356712308228556,-0.21701010372175272,0.3833742412603289,0.35488594251889155
1774368235.2855113,base,285301732,1774368235,-0.012262830983071998,0.9379158306886018,0.34661872170249935,-0.00435652215829898,-0.21700797786442425,0.3833748252011588,0.3548841764632999
1774368235.286596,base,286281157,1774368235,-0.012262175154458363,0.9379159605514075,0.34661839490360186,-0.00435641112188347,-0.21700773097431894,0.3833748039718607,0.35488362809058677
1774368235.287542,base,287288680,1774368235,-0.012261896359691871,0.9379137663838977,0.3466243488713663,-0.0043558575202667805,-0.21700896689149393,0.3833724454258544,0.3548832702440783
1774368235.2893949,base,288283586,1774368235,-0.012264023115015173,0.9379143107408168,0.3466227776156911,-0.004357692347570525,-0.21700861027573337,0.3833732132853983,0.35488513196969607
1774368235.2896705,base,289333454,1774368235,-0.012263737773695112,0.9379138173665122,0.34662415149776654,-0.004355402076514638,-0.21700905731098047,0.38337302948536384,0.35488479014046
1774368235.2904763,base,290292134,1774368235,-0.012263721002829896,0.9379149919990563,0.3466209622423171,-0.004356313210170551,-0.21700867911251162,0.3833734017122486,0.35488345261568
1774368235.2914655,base,291284554,1774368235,-0.01226417038687468,0.9379150616966658,0.34662075307640283,-0.0043566849792701775,-0.217008803831756,0.3833735291279934,0.354883521023646
1774368235.2924623,base,292303323,1774368235,-0.012263460716526097,0.9379124938739607,0.3466277431975734,-0.004355342941614952,-0.21701206473128226,0.38337103016582236,0.35488403187948525
1774368235.293434,base,293288359,1774368235,-0.012260606846235002,0.9379137076804358,0.3466245617835598,-0.004355184640765818,-0.21700827601861852,0.3833715443322417,0.3548821062229919
1774368235.2944584,base,294300723,1774368235,-0.012263573848415418,0.9379143977956264,0.34662257624105536,-0.004356237383983684,-0.21700924602536242,0.3833723661784306,0.35488473446125435
1774368235.2954412,base,295292660,1774368235,-0.012262649703797493,0.9379145468343995,0.34662219822374235,-0.004356828801509539,-0.21700956066443366,0.3833725365571334,0.3548834615881308
1774368235.2964036,base,296282693,1774368235,-0.012263474616711153,0.9379146421873404,0.3466219068900701,-0.004357157882154075,-0.21700941776405708,0.383372773184339,0.3548838514798972
1774368235.2974124,base,297285232,1774368235,-0.012266001380166544,0.9379131289294612,0.3466259264078407,-0.004356022703783515,-0.21700901729035835,0.3833727983275781,0.35488598487249456
1774368235.2984567,base,298332461,1774368235,-0.012265998812609813,0.9379146606340009,0.3466217619382364,-0.004357613081560751,-0.21700825789485562,0.3833744631109115,0.35488665838135497
1774368235.2994325,base,299289087,1774368235,-0.0122649925989276,0.937914725027821,0.34662162721525713,-0.004357301823666994,-0.21700855339538727,0.3833727837846491,0.3548846648295897
1774368235.30043,base,300291996,1774368235,-0.012263320181789267,0.9379152645703172,0.3466202443678916,-0.00435587631298144,-0.21700760637756406,0.383372835418882,0.35488406349013835
1774368235.3014355,base,301291482,1774368235,-0.012262914005498761,0.9379152876635413,0.3466202016787583,-0.004355444327197909,-0.21700732687601879,0.38337287686907146,0.35488390340547143
1774368235.3024387,base,302288531,1774368235,-0.012266526701472536,0.9379158249086317,0.3466186031673507,-0.004356793196577484,-0.21700718915087533,0.3833756039901694,0.35488594812659413
1774368235.3034923,base,303338669,1774368235,-0.012261439178005578,0.9379142720527328,0.34662298934001307,-0.0043564492501977905,-0.21700757060136935,0.3833723111111706,0.35488223574052247
1774368235.3043778,base,304246243,1774368235,-0.0122674426195491,0.9379155665991351,0.34661924850323594,-0.004358480199737255,-0.2170068562566971,0.38337515667749233,0.3548880761884672
1774368235.3054576,base,305324053,1774368235,-0.012261111675475627,0.9379155119013535,0.3466196441683014,-0.00435659866682619,-0.2170058808756122,0.3833747681343436,0.35488320489711334
1774368235.3064444,base,306315749,1774368235,-0.012260842732897797,0.9379153996772367,0.3466199581579001,-0.004356534217036487,-0.2170061469488647,0.38337461533465017,0.35488299302566706
1774368235.3074572,base,307311135,1774368235,-0.012260653462942398,0.9379154690808725,0.3466197696056232,-0.004357126807091932,-0.21700617658582402,0.38337292011793594,0.3548820536528085
1774368235.3084447,base,308318898,1774368235,-0.01226541154274971,0.9379158553769384,0.3466185432197212,-0.004358142777740442,-0.2170069162043952,0.3833751550121168,0.35488639893824503
1774368235.3094478,base,309323649,1774368235,-0.012264122803689324,0.9379157934402594,0.3466187701731901,-0.0043570484057218915,-0.21700641940166832,0.3833744301252066,0.3548856592992471
1774368235.3104599,base,310317836,1774368235,-0.012262922125176675,0.9379155743750556,0.346619409566344,-0.004356718666662625,-0.21700620278436375,0.3833749126741296,0.35488401363486516
1774368235.3114765,base,311327314,1774368235,-0.012262826086039492,0.9379156585345086,0.3466191848355141,-0.00435675063854256,-0.21700601947771986,0.3833750209054903,0.3548839342585507
1774368235.312678,base,312409433,1774368235,-0.012262512817156037,0.9379164133494424,0.3466171450793714,-0.004357417371890669,-0.21700393411714752,0.3833761586978444,0.35488258495560565
1774368235.313484,base,313329232,1774368235,-0.012262878440531913,0.9379159224529796,0.3466184624042891,-0.004357263133611916,-0.2170038977773201,0.3833763679216023,0.35488395843619586
1774368235.3145819,base,314403100,1774368235,-0.01226401007140932,0.937916717195081,0.34661627653049576,-0.004356891908894948,-0.2170029931441618,0.3833770145837749,0.35488479822490887
1774368235.3155036,base,315323930,1774368235,-0.012260332135999842,0.9379153922581042,0.3466199986432067,-0.004356347303088206,-0.21700315342541668,0.3833752449037181,0.3548821741438294
1774368235.3165865,base,316402958,1774368235,-0.01226016090549812,0.9379154310818351,0.34661989657378184,-0.004356591824756793,-0.21700291660313745,0.3833753099691172,0.3548820978916128
1774368235.3174376,base,317278781,1774368235,-0.012259639327358098,0.9379166212971495,0.3466166949341065,-0.004356550362283135,-0.21700260639058835,0.3833766842921145,0.3548819454470065
1774368235.318513,base,318314253,1774368235,-0.012262417096259862,0.9379171244262833,0.3466152194634462,-0.004357805777709201,-0.21700287495488269,0.3833764629648009,0.3548831194377929
1774368235.3195317,base,319359458,1774368235,-0.012262244483316115,0.9379151760262175,0.3466205073149112,-0.004357045867822042,-0.21700367709420823,0.38337586251487443,0.3548818769828392
1774368235.3205004,base,320327798,1774368235,-0.012262452395805656,0.937915958172146,0.3466183803860082,-0.004357297998365322,-0.21700244752198097,0.38337733349087416,0.35488315155830424
1774368235.3214617,base,321277426,1774368235,-0.012261969403909978,0.9379160561802153,0.3466181335965776,-0.004357192641350391,-0.2170021384736878,0.3833773495545307,0.35488306062003405
1774368235.3225677,base,322389964,1774368235,-0.012262629983358132,0.9379159101836023,0.3466185053794931,-0.004357184738159704,-0.2170032481290011,0.38337627935548124,0.3548831300389834
1774368235.3235183,base,323336418,1774368235,-0.012262026641360023,0.9379171761202446,0.346615107332364,-0.004356697171751386,-0.21700362681340282,0.38337614379188556,0.35488246022635
1774368235.3244846,base,324310028,1774368235,-0.012260157352793706,0.9379171482666278,0.34661524157041124,-0.004357274396550342,-0.2170036977682446,0.3833762442959815,0.35488083778675167
1774368235.325567,base,325385819,1774368235,-0.012262496405277785,0.9379180609194735,0.34661269059297156,-0.0043571668393957855,-0.21700114518380886,0.38337742698397514,0.35488310561401937
1774368235.3264916,base,326274727,1774368235,-0.012261970628161234,0.9379181071014551,0.34661258563474534,-0.004357054869268359,-0.21700099222193897,0.38337734111301125,0.3548830070632734
1774368235.3276107,base,327338198,1774368235,-0.012264147498148798,0.9379180827025658,0.3466125707408638,-0.004357365040528556,-0.21700082351271358,0.3833788901215961,0.3548847490547599
1774368235.3286073,base,328408139,1774368235,-0.01226251746371624,0.9379178139960428,0.3466133515106934,-0.004357683887243529,-0.2170027452811461,0.38337688897706473,0.35488250954007355
1774368235.329579,base,329335654,1774368235,-0.012265190292263972,0.937915991471853,0.3466181983932889,-0.004356901543077036,-0.21700382574064983,0.3833767511047831,0.3548848406706743
1774368235.3305957,base,330354830,1774368235,-0.012262917024996925,0.9379170873810027,0.34661531639791576,-0.004356661927137512,-0.21700495860533542,0.3833763955933847,0.35488400404288206
1774368235.331533,base,331351077,1774368235,-0.012262649315051218,0.9379172368452742,0.3466149178836868,-0.004356943973343331,-0.2170048549170776,0.38337652148709694,0.354884202886089
1774368235.332709,base,332491908,1774368235,-0.012258876036730764,0.9379165607455596,0.3466168908604556,-0.004356145976441762,-0.21700271419908035,0.38337583233551387,0.354880884095165
1774368235.3336065,base,333333660,1774368235,-0.012261823882624093,0.9379169119229906,0.346615845274809,-0.004355434345986499,-0.2170024125705927,0.38337643600420906,0.3548830694571845
1774368235.3344452,base,334238178,1774368235,-0.012261651939701563,0.9379160574816614,0.3466181583068125,-0.004355839960315694,-0.21700466787669664,0.38337574399158064,0.3548830315140735
1774368235.3355062,base,335313857,1774368235,-0.012262629913511292,0.937916904796517,0.3466158288288736,-0.004356008470899703,-0.21700362453241717,0.3833770378521076,0.354883922404475
1774368235.3365657,base,336365925,1774368235,-0.012262652598158529,0.9379170147375298,0.3466155334901217,-0.004355773232821618,-0.21700314407389962,0.38337730463286035,0.35488389502901213
1774368235.3374553,base,337279951,1774368235,-0.012260830550748784,0.9379178774342329,0.34661324853088143,-0.004356967562243135,-0.2170012002981809,0.3833768836915757,0.35488274692904165
1774368235.3385835,base,338388027,1774368235,-0.012263160601382413,0.9379167580670806,0.34661618090590257,-0.004358091693472201,-0.21700589334376463,0.383374341536871,0.3548832485588546
1774368235.3395157,base,339317279,1774368235,-0.012263448595770405,0.9379160796542938,0.34661800721157077,-0.004358030649115187,-0.217005687673394,0.38337660448955974,0.35488345704468005
1774368235.340574,base,340381670,1774368235,-0.012264295193689236,0.9379163408260641,0.3466172804756851,-0.004357241155657101,-0.21700661484757144,0.3833748819922175,0.3548847705101537
1774368235.341407,base,341243488,1774368235,-0.012263809306832312,0.9379163344637123,0.3466173160233758,-0.004357150466842629,-0.21700657831682044,0.38337474390991105,0.3548846803955295
1774368235.3425677,base,342376646,1774368235,-0.012262766757185429,0.9379157677067703,0.34661888798035717,-0.004357032675928185,-0.21700515873588289,0.38337553958567566,0.35488386106159553
1774368235.3434806,base,343304681,1774368235,-0.012264278531361554,0.9379157887085373,0.34661877851947,-0.004356964656540644,-0.21700743806918538,0.38337477396230824,0.3548855335549913
1774368235.34457,base,344378397,1774368235,-0.012265043488636955,0.9379154872335571,0.34661956678946715,-0.004356998318013382,-0.21700684933236805,0.3833753619637885,0.3548856311898914
1774368235.3454564,base,345301135,1774368235,-0.012261799634528508,0.9379151118540096,0.34662070428098124,-0.004356442282432234,-0.21700749551668969,0.38337300257342105,0.354883268771994
1774368235.3465557,base,346373940,1774368235,-0.012261572202947194,0.9379150698037414,0.34662082662223426,-0.004356401482164994,-0.21700743447884696,0.3833728756322342,0.3548830628618723
1774368235.347389,base,347264629,1774368235,-0.012261945694835883,0.9379145600418372,0.3466221902340278,-0.004356602652215354,-0.217006358145694,0.3833742339407661,0.3548831309284938
1774368235.3484042,base,348264439,1774368235,-0.012266436729668645,0.9379145930038648,0.3466219492326001,-0.004356038400254364,-0.2170088232782012,0.38337424034657486,0.35488661220072826
1774368235.3493366,base,349233190,1774368235,-0.012266503282473808,0.9379131054430278,0.34662596251535466,-0.004356793056931268,-0.21700880336529646,0.3833735698093638,0.3548852786486236
1774368235.3504133,base,350266717,1774368235,-0.012264349876365356,0.937913992932129,0.3466236308950163,-0.00435730299337198,-0.2170087019205872,0.38337286686902355,0.3548851213476566
1774368235.3514266,base,351314955,1774368235,-0.012263602473325126,0.9379142445161193,0.34662297692754507,-0.004357275986225021,-0.21700847023152284,0.38337285022968626,0.3548848164550087
1774368235.3525448,base,352409711,1774368235,-0.012264210753893973,0.9379145511946174,0.34662212466408066,-0.004357348430194828,-0.21700792856559128,0.3833737366867221,0.35488547104213886
1774368235.353459,base,353330127,1774368235,-0.012262161573084088,0.9379157604611947,0.34661893144970324,-0.004356837467754511,-0.21700615845783566,0.38337378670126215,0.35488306182163026
1774368235.3544617,base,354293886,1774368235,-0.012266159888772991,0.9379150851562708,0.3466206114353877,-0.004357302611304617,-0.21700778266084875,0.38337530942491727,0.35488692456894805
1774368235.355417,base,355292918,1774368235,-0.012266322356435187,0.9379129726282217,0.3466263312563426,-0.00435655727712434,-0.21700951996255227,0.3833734971896477,0.3548857452952678
1774368235.3564603,base,356312139,1774368235,-0.012267028168988971,0.9379126661134621,0.34662713913624593,-0.0043562803009064045,-0.21700954815735035,0.38337365836444953,0.35488591454008045
1774368235.3574753,base,357303558,1774368235,-0.012265582217499233,0.9379131386593847,0.3466259146507015,-0.004356043564083735,-0.21700987803655925,0.3833723236056402,0.354885657651705
1774368235.3584638,base,358299238,1774368235,-0.012266303535154694,0.9379144770928803,0.3466222590899982,-0.004356714417825166,-0.2170101602059462,0.3833738329391577,0.3548859359306153
1774368235.3594317,base,359301150,1774368235,-0.012266735176026592,0.9379142037180688,0.34662297094593875,-0.004357715529146877,-0.2170085627734019,0.3833736629148456,0.35488616470926493
1774368235.3604732,base,360379482,1774368235,-0.012261359630619119,0.9379135941883691,0.346624829724822,-0.004356181229264887,-0.21700991926036323,0.38337128374944024,0.354881745889616
1774368235.3613825,base,361257094,1774368235,-0.012260741998709811,0.9379137318395846,0.3466244789685624,-0.004356192392161006,-0.2170095740050464,0.3833712616532392,0.3548815677741596
1774368235.3624976,base,362352503,1774368235,-0.012264204108068754,0.9379134464091319,0.3466251133230126,-0.004357425426663222,-0.21701007078166454,0.38337253100972046,0.3548854916570233
1774368235.3635318,base,363356403,1774368235,-0.01226478388215625,0.9379147173660521,0.3466216775222624,-0.00435553626265882,-0.21700876100516495,0.3833736886547959,0.3548848746519194
1774368235.3645697,base,364351748,1774368235,-0.012265829792049994,0.9379140983236749,0.3466232951981366,-0.004357156318734623,-0.21700879655334523,0.383374845492128,0.35488517190481106
1774368235.3654046,base,365316504,1774368235,-0.01226801198665771,0.9379131935136485,0.34662566569402636,-0.00435720060332048,-0.21701152038512855,0.38337325437350145,0.3548869776760651
1774368235.36646,base,366318439,1774368235,-0.01226819678617135,0.9379131247577953,0.3466258444305956,-0.004357261463425437,-0.2170117632645682,0.3833731740041299,0.3548870238344411
1774368235.3673487,base,367278191,1774368235,-0.012264538620429182,0.9379148948629544,0.3466211878360434,-0.004356974841716438,-0.21700749918580764,0.38337372885537274,0.35488487147408077
1774368235.3684638,base,368337324,1774368235,-0.012263127045106457,0.9379153400171322,0.3466200444013032,-0.004356087104453385,-0.21700746767470525,0.3833742470168585,0.3548827180609028
1774368235.3693676,base,369291936,1774368235,-0.012263261101464185,0.9379156188970827,0.3466192568091421,-0.004358332839241774,-0.2170061633173203,0.3833720518112505,0.35488461441438424
1774368235.3704612,base,370322448,1774368235,-0.012261970228529259,0.9379145593987194,0.34662218596235816,-0.004357011900038157,-0.21700888247733685,0.38337201484499345,0.3548833875108948
1774368235.3714159,base,371283846,1774368235,-0.012261608998578052,0.9379145680034939,0.34662217680011387,-0.0043569050868748896,-0.2170088589392531,0.3833719937407379,0.3548831582129594
1774368235.372469,base,372336760,1774368235,-0.0122634441798833,0.9379157625445045,0.3466188779450377,-0.004357035635692934,-0.21700711409015608,0.38337566324568,0.35488484281904276
1774368235.3733995,base,373303803,1774368235,-0.012264157851423,0.9379147785710666,0.3466215196054107,-0.004356686426452059,-0.21700893008684058,0.38337309635082367,0.354884226110162
1774368235.3744664,base,374322572,1774368235,-0.012262142919905175,0.9379140599596498,0.3466235398170698,-0.004356331679565188,-0.21700900235669784,0.3833727468501684,0.35488318710953426
1774368235.3753562,base,375280207,1774368235,-0.012262815118873933,0.9379137982438641,0.34662421916435615,-0.004356732471563479,-0.21700938671395256,0.3833735183571065,0.35488464406115805
1774368235.3764362,base,376312583,1774368235,-0.012263021387939122,0.9379137937421796,0.34662422328916714,-0.004356792831043273,-0.21700947613851945,0.38337366948660223,0.3548849238718067
1774368235.3773522,base,377277987,1774368235,-0.012262375080481173,0.9379154712901006,0.3466197062468541,-0.004356846726572553,-0.21700675189410396,0.38337400980269815,0.35488410444297114
1774368235.3784072,base,378270930,1774368235,-0.01226270164969758,0.9379158950738952,0.34661853751097466,-0.004357679398220752,-0.21700683077340147,0.38337467146169996,0.3548839849498485
1774368235.3793707,base,379276496,1774368235,-0.012262412701112285,0.937915502684358,0.34661961570033584,-0.004357186115730284,-0.21700630559851816,0.3833740851748327,0.35488392594089824
1774368235.3804605,base,380334077,1774368235,-0.012264413278960296,0.9379150138916498,0.34662088295909627,-0.004355959160253621,-0.21700658780030666,0.38337512715417765,0.35488573102078647
1774368235.3814132,base,381319597,1774368235,-0.012264643541575672,0.9379146046849102,0.34662198876218997,-0.004355426970017091,-0.21700688522442438,0.38337520582371226,0.3548858429454908
1774368235.3824954,base,382338138,1774368235,-0.012261257077008711,0.9379161605428538,0.3466178941458693,-0.004355780679307585,-0.21700441000803136,0.38337487068710463,0.35488268760840885
1774368235.3833737,base,383296883,1774368235,-0.012265424978601697,0.937916190890015,0.3466176376311841,-0.004357923752936653,-0.2170059399036879,0.38337535951636564,0.35488577239310853
1774368235.3845172,base,384362075,1774368235,-0.012262027965681151,0.937915798589467,0.3466188333258018,-0.004356811943514854,-0.21700475890495388,0.38337585874936975,0.35488315485979827
1774368235.385349,base,385276848,1774368235,-0.012262735497512847,0.9379152995009968,0.3466201583655706,-0.004356844580668027,-0.21700607002298888,0.3833754154546847,0.354884567859346
1774368235.3864543,base,386325564,1774368235,-0.012262929959906152,0.9379153346350309,0.3466200555692834,-0.004356912026148386,-0.2170060923261301,0.38337559664482523,0.3548848382753391
1774368235.3874202,base,387314533,1774368235,-0.01226286547207073,0.9379168887411653,0.3466158497362002,-0.004357138528704408,-0.2170048573361467,0.3833766476142328,0.3548843326874762
1774368235.3884356,base,388308793,1774368235,-0.012261873863060378,0.9379170220695808,0.3466155233776596,-0.004357191196971082,-0.21700435927216702,0.3833750988031029,0.35488255450673745
1774368235.389375,base,389295565,1774368235,-0.012260499096097114,0.9379159798572494,0.3466183939633487,-0.004357046774952089,-0.2170040821782321,0.383375801507051,0.3548815666539308
1774368235.3904767,base,390331502,1774368235,-0.012259292322849445,0.9379169447105179,0.3466158359920974,-0.004356238759490221,-0.21700271530170331,0.38337581812860166,0.3548806097918009
1774368235.3913634,base,391281991,1774368235,-0.012259150788721135,0.9379170980020732,0.34661542624251634,-0.0043562355339701484,-0.21700263497711306,0.3833758160208472,0.35488057315547183
1774368235.39245,base,392328334,1774368235,-0.012261181403916856,0.9379160867612151,0.3466180931753925,-0.004356042764240077,-0.21700330879425078,0.38337568842792863,0.3548829051071223
1774368235.3933852,base,393299784,1774368235,-0.012262562142384805,0.9379171142360779,0.3466152509332266,-0.004357087704940332,-0.21700427540651682,0.38337530215350674,0.3548825580156692
1774368235.3944395,base,394333244,1774368235,-0.012260174195736464,0.9379175787074941,0.3466140840268847,-0.004356654033245494,-0.21700190583366988,0.38337619065324585,0.35488149105262745
1774368235.3954074,base,395326593,1774368235,-0.012262824604819065,0.9379178789783745,0.34661316503107104,-0.00435766595349233,-0.21700162564728057,0.38337805343563675,0.35488448895603053
1774368235.396461,base,396321910,1774368235,-0.01226270214988182,0.9379178075737771,0.3466133628690398,-0.0043576430094631234,-0.21700176947442465,0.383377932184506,0.35488446614909985
1774368235.3974228,base,397321645,1774368235,-0.012264241963571204,0.9379163123945666,0.34661735424957335,-0.00435764228254104,-0.21700375033979072,0.383376557378182,0.3548846574116689
1774368235.3983285,base,398249309,1774368235,-0.012263376053435361,0.9379173639959445,0.34661454252355806,-0.004357388421458253,-0.21700398686683764,0.3833768276011953,0.3548846898580127
1774368235.3994112,base,399321608,1774368235,-0.012265945441933313,0.9379159261544643,0.3466183444106382,-0.004357220014782584,-0.21700357163309691,0.3833767860550214,0.3548856709779584
1774368235.4005075,base,400382952,1774368235,-0.012259296809978844,0.9379175961910288,0.34661407007829076,-0.004356468837123562,-0.21700196224695373,0.3833766141640335,0.3548812007796834
1774368235.4013286,base,401246806,1774368235,-0.012258532838680414,0.9379177114384704,0.3466137870193159,-0.004356327672888426,-0.21700195243410575,0.3833765056894587,0.35488080474845685
1774368235.4024131,base,402317148,1774368235,-0.012262383418110197,0.9379169090361922,0.3466158059776184,-0.0043576075303456184,-0.2170034161963386,0.3833756553731649,0.3548827291954584
1774368235.4034054,base,403322096,1774368235,-0.012263290965743386,0.9379170398843479,0.3466154172139033,-0.004357813546232658,-0.21700440390458284,0.383375957981894,0.3548843866019178
1774368235.4044752,base,404381330,1774368235,-0.012264087207306923,0.9379150618278401,0.3466207487493121,-0.0043572351229545035,-0.2170074713737188,0.3833754933582645,0.3548852979529516
1774368235.4053671,base,405284876,1774368235,-0.0122624907531945,0.9379166730050303,0.3466164472055236,-0.00435710297368349,-0.217003101484829,0.3833768513235865,0.35488337364090294
1774368235.406453,base,406332940,1774368235,-0.01226234731753106,0.9379168864321151,0.34661587531777843,-0.004357058806288132,-0.21700290875958567,0.383376951960201,0.3548832727864623
1774368235.4073956,base,407319859,1774368235,-0.012262338322043544,0.937916371499422,0.3466172793509895,-0.004356235479417005,-0.2170032516949651,0.38337632771234437,0.3548839486892516
1774368235.408562,base,408381756,1774368235,-0.012260129706656785,0.9379155935518791,0.34661946852083325,-0.004355758732677457,-0.21700501720251633,0.383374099301188,0.35488195188786564
1774368235.409501,base,409355765,1774368235,-0.012260734645948686,0.9379158953954521,0.3466186470836562,-0.004354428135219694,-0.21700528999556146,0.38337474750086276,0.35488198984497044
1774368235.4103765,base,410277559,1774368235,-0.012262747251081393,0.9379161465387802,0.3466178718359406,-0.0043563764328697,-0.21700515171006393,0.3833746473403168,0.3548828910434698
1774368235.4113624,base,411288770,1774368235,-0.012263461286205613,0.9379161433399844,0.34661784882411156,-0.004356886052772018,-0.21700543569573155,0.3833746501207211,0.35488321045820564
1774368235.4124944,base,412345147,1774368235,-0.012263724436231107,0.9379166563996403,0.346616436944777,-0.00435802142935207,-0.21700545990507844,0.3833761754752861,0.3548847073745005
1774368235.4133983,base,413307754,1774368235,-0.01226137043930426,0.9379157425363793,0.3466190070487751,-0.00435690829642625,-0.21700642728985434,0.38337479218032117,0.35488282191151554
1774368235.414491,base,414331426,1774368235,-0.012261449599534898,0.937916090863688,0.34661805637890414,-0.004357332303952586,-0.2170064254793827,0.3833748790541292,0.35488279064226547
1774368235.415367,base,415275495,1774368235,-0.012262644430966111,0.9379156993950405,0.34661907469746445,-0.004357227988687919,-0.21700461147276112,0.3833748666797279,0.35488435757056885
1774368235.416488,base,416347380,1774368235,-0.012262709107398233,0.9379156722256332,0.3466191458596011,-0.004357233347720569,-0.21700466629793821,0.3833748255764588,0.3548844275549956
1774368235.4173717,base,417279730,1774368235,-0.012261612075799308,0.937915550498459,0.346619530604053,-0.004355916241302718,-0.21700457965215209,0.38337480624668124,0.3548835167764719
1774368235.4184291,base,418322183,1774368235,-0.01226039734931637,0.9379151313642541,0.34662070367719716,-0.0043562365793973525,-0.21700649309630898,0.38337321385308615,0.35488201724776813
1774368235.4193723,base,419297390,1774368235,-0.012264550682350293,0.9379155828429271,0.3466193370518889,-0.004356080655978738,-0.21700598060094287,0.38337584435946104,0.3548858816228414
1774368235.420467,base,420333494,1774368235,-0.012263682179285206,0.9379152453618769,0.3466202891074128,-0.004355432960016047,-0.2170068304364033,0.38337373507308753,0.3548832333086454
1774368235.421357,base,421274377,1774368235,-0.01226433044396899,0.9379152021039113,0.3466203829421425,-0.004355455221090299,-0.2170069398478797,0.38337391008830524,0.3548834092788815
1774368235.422415,base,422307652,1774368235,-0.012263674054448242,0.9379152742237099,0.3466201925880058,-0.0043569217118350255,-0.21700745226253498,0.3833749137470937,0.354884751669995
1774368235.423367,base,423279595,1774368235,-0.012264327177225242,0.9379143389193721,0.34662269469362644,-0.004357367514458435,-0.21700846764451567,0.3833728127263777,0.35488545388076903
1774368235.4244125,base,424303000,1774368235,-0.012265115811416592,0.9379143961305411,0.34662252791565923,-0.004356099926888562,-0.21700898943375055,0.38337375328190526,0.3548863113668745
1774368235.4253497,base,425273937,1774368235,-0.012263830206902976,0.9379145951378008,0.34662202992601265,-0.0043564970012461915,-0.2170077141991152,0.38337336205016787,0.3548847113039526
1774368235.426408,base,426309903,1774368235,-0.012263743607660757,0.9379147142181368,0.34662170692351857,-0.004356803330737655,-0.21700768887576735,0.3833733686663841,0.3548847047247325
1774368235.4273915,base,427293789,1774368235,-0.012263856358881284,0.9379142788101802,0.34662289393743817,-0.004355781172626189,-0.21700717684454351,0.3833743368078065,0.3548846358078112
1774368235.428474,base,428331932,1774368235,-0.012261580372739564,0.9379134480612141,0.34662521911626015,-0.004356037797317798,-0.2170085020411346,0.38337315624101564,0.3548824671653745
1774368235.4293697,base,429273850,1774368235,-0.012263822817766685,0.9379134288948983,0.34662518062036896,-0.004356915010146931,-0.21700990408677606,0.3833724711817386,0.35488539245114026
1774368235.4305108,base,430364577,1774368235,-0.012267337651917318,0.9379150200319,0.34662073812695193,-0.0043579267801845106,-0.2170085343538528,0.38337490427730425,0.3548866184088655
1774368235.4313884,base,431307622,1774368235,-0.012267541184937551,0.9379148803580262,0.3466211086333637,-0.004357945162934141,-0.21700863071527454,0.3833750455274258,0.35488641095534756
1774368235.432447,base,432349301,1774368235,-0.01226554489874067,0.9379148524119946,0.3466212530768412,-0.004358090036221602,-0.21700879002955492,0.3833735754272714,0.3548860056412849
1774368235.4333334,base,433244731,1774368235,-0.012262844267128023,0.9379140146509087,0.3466236288739025,-0.004357026300366234,-0.2170093167011158,0.3833725673649486,0.35488383667745343
1774368235.4343634,base,434249514,1774368235,-0.012262902325772424,0.9379155399637865,0.3466195101804713,-0.004356177594801688,-0.2170074048542572,0.38337397325476974,0.35488440809166844
1774368235.4353375,base,435257514,1774368235,-0.012264188337589677,0.9379165625763891,0.3466166848524624,-0.004357190746268265,-0.21700544783037395,0.38337606834946064,0.3548851618331056
1774368235.436366,base,436278251,1774368235,-0.012264339495818238,0.9379166670796114,0.3466163919818084,-0.00435756818857122,-0.2170054134166832,0.3833760676335913,0.35488537139099163
1774368235.4373345,base,437260793,1774368235,-0.012261788694079522,0.937915179743561,0.3466205124012677,-0.00435712374257215,-0.21700715335339835,0.3833741248139671,0.35488366250216136
1774368235.438451,base,438338143,1774368235,-0.012265709655650726,0.9379154759889553,0.3466195614223842,-0.004357970446049177,-0.2170055350312512,0.38337426279418246,0.3548857235140851
1774368235.4394016,base,439327329,1774368235,-0.012263238156955077,0.937914435206064,0.34662247679511315,-0.004357040557184582,-0.21700782931184434,0.38337351077487,0.354883935449174
1774368235.4404263,base,440337399,1774368235,-0.012264409429292761,0.9379148737606519,0.34662125217696205,-0.00435676246380661,-0.2170083249439238,0.38337463035726477,0.3548849274690942
1774368235.4413085,base,441241860,1774368235,-0.012264287525242595,0.9379150011041715,0.3466209121595678,-0.004356742926693115,-0.21700830646272087,0.3833746010895633,0.3548849056752158
1774368235.4425132,base,442390107,1774368235,-0.012263820113601685,0.9379160956415692,0.34661795965624254,-0.0043573267538103205,-0.2170058796557391,0.38337514396325045,0.3548834269956373
1774368235.4434001,base,443308712,1774368235,-0.012265943506453103,0.9379146093747901,0.3466219169842196,-0.0043564684569151035,-0.2170081401963683,0.3833745064456223,0.3548864954650494
1774368235.444528,base,444378646,1774368235,-0.012263835481501045,0.9379168386276308,0.346615946562121,-0.004357493187407882,-0.21700463236973846,0.38337630046353244,0.3548853617337898
1774368235.445467,base,445346323,1774368235,-0.012263440485896431,0.9379161912345267,0.34661772275390346,-0.0043566639147035804,-0.21700531485844723,0.38337603820732163,0.35488470887968254
1774368235.4464715,base,446376916,1774368235,-0.012263380191103096,0.9379162171080416,0.3466176538316743,-0.0043567469808146984,-0.2170053200305502,0.3833760211761879,0.35488470128438515
1774368235.4474123,base,447323705,1774368235,-0.012263955471944702,0.9379162214321295,0.3466176099459505,-0.00435768815033953,-0.2170060340447023,0.3833755687055761,0.35488537588335833
1774368235.4484127,base,448299881,1774368235,-0.0122615519626686,0.9379160853895081,0.3466180774692541,-0.0043565448012970465,-0.21700473983184723,0.3833748443204959,0.3548833309434928
1774368235.4493353,base,449258643,1774368235,-0.012263264020204681,0.9379163320766265,0.3466173357716502,-0.0043576280315310014,-0.21700571533114038,0.38337481009791863,0.35488384310199483
1774368235.4504206,base,450311581,1774368235,-0.012264434774268846,0.9379161206951796,0.34661786224906543,-0.0043579524620054825,-0.21700501029998237,0.3833752173605899,0.3548847667759265
1774368235.4513783,base,451278519,1774368235,-0.012264643184906566,0.9379159301108834,0.3466183700612502,-0.004357993559618551,-0.21700503707835178,0.383375260305184,0.3548848236472358
1774368235.4524398,base,452333984,1774368235,-0.012265007797316893,0.9379162948126938,0.3466173729905447,-0.004357780363140968,-0.21700551164760895,0.3833761088801494,0.35488425375699756
1774368235.4533904,base,453308186,1774368235,-0.012266266459118711,0.9379143745029747,0.34662252844480196,-0.004357474312045407,-0.21700714369926216,0.3833759671945823,0.35488646533002954
1774368235.4544957,base,454373306,1774368235,-0.012262958758253964,0.937915999812455,0.3466182527581276,-0.0043570624506769256,-0.21700597788220008,0.3833751371263212,0.35488390397497227
1774368235.4553874,base,455291713,1774368235,-0.012263399677146427,0.9379157015331413,0.34661904433864427,-0.004357057231566098,-0.21700629844207997,0.38337548608400623,0.3548847308327804
1774368235.4564629,base,456356849,1774368235,-0.0122633176794741,0.9379158291731543,0.34661870125038996,-0.004357105624110843,-0.2170061132990237,0.3833755719280123,0.3548847087154515
1774368235.4573934,base,457312095,1774368235,-0.012260461300245147,0.9379156008628567,0.34661941532691165,-0.004357483815412992,-0.21700666474977537,0.3833739251265382,0.35488233057007734
1774368235.4584508,base,458309655,1774368235,-0.012263557570059548,0.9379148657651522,0.3466213038979836,-0.004356766751186179,-0.2170054349154852,0.38337564346768266,0.3548839303592275
1774368235.4593768,base,459284368,1774368235,-0.012259635720465597,0.9379160760893781,0.34661817617711105,-0.004356086403927038,-0.2170043895769729,0.3833738455432265,0.3548811712566224
1774368235.4604425,base,460343655,1774368235,-0.012261633051068957,0.9379166947149566,0.34661642266655174,-0.004356795580951801,-0.2170044266105789,0.38337480593665507,0.3548833022065937
1774368235.461382,base,461301292,1774368235,-0.012261738773745824,0.9379166498497906,0.34661653923597074,-0.0043568824712589965,-0.21700462357807326,0.38337482751841223,0.35488349961567134
1774368235.4624686,base,462353698,1774368235,-0.012260660469818007,0.9379173312563042,0.3466147495703944,-0.004355607207831658,-0.217002340761758,0.38337570579420277,0.3548820896329065
1774368235.4634056,base,463328815,1774368235,-0.012262435228925058,0.9379161410873131,0.34661789795422454,-0.004356350299786437,-0.21700360625207307,0.38337651099025266,0.3548837859742298
1774368235.4644983,base,464363729,1774368235,-0.01226275864172829,0.9379163421110368,0.34661733271901235,-0.004357133266828997,-0.21700598678902042,0.3833752649739155,0.3548836635188749
1774368235.4655092,base,465392561,1774368235,-0.012263534195498573,0.937915882461142,0.34661855656277163,-0.004356535609133613,-0.21700501007875805,0.3833755970583568,0.3548844746189068
1774368235.466441,base,466313163,1774368235,-0.012263667651026702,0.9379155892897967,0.3466193497224949,-0.004356170436684078,-0.21700495453010002,0.38337561027316425,0.3548845211544756
1774368235.4673543,base,467288434,1774368235,-0.012262625048166683,0.9379164219874895,0.34661712202575656,-0.004357076048844536,-0.21700350088129455,0.3833761620013878,0.35488433985225176
1774368235.4684281,base,468330592,1774368235,-0.012267200442771646,0.9379153138339628,0.3466199472876771,-0.004357982483216532,-0.2170063733555518,0.3833763644106098,0.35488733436720743
1774368235.4693403,base,469275119,1774368235,-0.012260085697347094,0.9379155678488792,0.3466195498012282,-0.004354949024051663,-0.2170043663968053,0.38337602663898035,0.3548814103495096
1774368235.4704554,base,470318849,1774368235,-0.01226394460348456,0.9379162624612098,0.3466175163794628,-0.0043563301631414425,-0.21700571308113298,0.3833766654774268,0.3548847287757702
1774368235.4713461,base,471280655,1774368235,-0.012263426518419367,0.9379165884468197,0.34661665085001037,-0.004356471029201672,-0.21700549689612494,0.3833767634918525,0.35488439706201247
1774368235.472455,base,472339701,1774368235,-0.01225907701728007,0.9379165679823173,0.3466168651761697,-0.004356065931626995,-0.21700433175273293,0.3833746770863154,0.35488083379416707
1774368235.4733264,base,473260359,1774368235,-0.012261817765698627,0.9379159546342305,0.346618440967717,-0.004355025688818316,-0.2170053342478125,0.3833766406291036,0.35488333313836595
1774368235.4745252,base,474382967,1774368235,-0.012261760711447679,0.9379168019752917,0.3466161358576011,-0.004356163431482266,-0.21700337876872408,0.3833762309861882,0.3548822738807821
1774368235.4753456,base,475274698,1774368235,-0.012263487229554788,0.9379156040224713,0.34661930013771197,-0.004357451568977656,-0.21700645241631933,0.38337478468968067,0.3548845182386701
1774368235.476502,base,476387952,1774368235,-0.012263138140437524,0.9379157309450978,0.3466189686116606,-0.0043574863464964485,-0.21700646993444145,0.3833746530488827,0.35488448332870026
1774368235.4773932,base,477320984,1774368235,-0.012264093810466567,0.9379155914790387,0.3466193107715193,-0.004357598399333877,-0.2170058444106683,0.3833749097462961,0.35488542619381713
1774368235.4784985,base,478388142,1774368235,-0.012264200905936258,0.9379151154683448,0.3466206006865545,-0.004357147212625327,-0.21700677062937604,0.38337515207961304,0.3548854888928731
1774368235.4793787,base,479319073,1774368235,-0.01226434150280031,0.9379149501926799,0.3466210392219243,-0.004357442056841654,-0.2170082904713927,0.38337427280960823,0.35488420122448167
1774368235.4805264,base,480384579,1774368235,-0.012264803262288456,0.9379154525637146,0.3466196706186488,-0.00435687770765396,-0.21700830140120084,0.38337445919825575,0.3548841150098666
1774368235.481412,base,481313746,1774368235,-0.012264647520544833,0.9379154553028126,0.3466196697822809,-0.00435679301057298,-0.21700833913247886,0.3833745144694322,0.3548838394549122
1774368235.4825356,base,482386533,1774368235,-0.012262563079794345,0.9379150858845451,0.3466207363000564,-0.004357336767713694,-0.21700762784363778,0.3833729175488015,0.35488351053840783
1774368235.4833863,base,483324424,1774368235,-0.012262135967232708,0.9379136170335982,0.34662475622834393,-0.00435492527090674,-0.21701001387819588,0.38337219702957587,0.3548831383867761
1774368235.4845302,base,484385392,1774368235,-0.012261830056044358,0.9379152176741355,0.3466204164309733,-0.004356477037045277,-0.21700708079150055,0.3833739376859148,0.354883247371256
1774368235.4853203,base,485265127,1774368235,-0.01226231411416403,0.93791376817804,0.34662432776048147,-0.00435597511815116,-0.2170095011944639,0.38337146796855076,0.3548824457552768
1774368235.4864688,base,486305901,1774368235,-0.012262390358172415,0.9379137939021893,0.3466242538213252,-0.004356105314942269,-0.21700945208876832,0.3833713530710691,0.35488215376543997
1774368235.4873927,base,487310862,1774368235,-0.012260648634287524,0.9379144800890471,0.3466224564873437,-0.004356282020089612,-0.21700953875169166,0.38337101839881405,0.3548811669032652
1774368235.4884841,base,488339672,1774368235,-0.01226262611170877,0.9379136510210648,0.3466246267645404,-0.004356529527476561,-0.21700958100426068,0.3833724081757209,0.3548841218734649
1774368235.4893436,base,489276324,1774368235,-0.012263764580506254,0.9379140215075153,0.3466235929263994,-0.004355819636720848,-0.2170087384022534,0.383372998603992,0.3548839140218364
1774368235.4904828,base,490346748,1774368235,-0.012262148532467555,0.9379147517971916,0.34662167133604654,-0.0043560342957587985,-0.21700927388827637,0.38337256410156223,0.3548831200858437
1774368235.4913442,base,491274369,1774368235,-0.012261738289341437,0.9379148663220863,0.346621373093214,-0.004356262287981002,-0.21700918236378866,0.38337251674995215,0.3548830792718372
1774368235.4925103,base,492355038,1774368235,-0.01226224530657561,0.9379144614943252,0.3466224567248699,-0.004355772476491838,-0.21700925407950358,0.38337295101127,0.35488379388593655
1774368235.493397,base,493291650,1774368235,-0.012264875878485204,0.9379146762711736,0.34662177925359033,-0.004356030521026763,-0.21700811001262488,0.3833745412964074,0.35488556793465814
1774368235.4944491,base,494330262,1774368235,-0.0122637424739916,0.9379146712420571,0.3466218292506161,-0.004356326019994424,-0.21700723498915478,0.38337430057466476,0.35488463571505274
1774368235.4953895,base,495278419,1774368235,-0.012263136551704718,0.9379140836003199,0.3466234358430788,-0.004356717850084187,-0.21700954881481851,0.3833730969430822,0.3548827730487449
1774368235.4965076,base,496345980,1774368235,-0.01226365807830201,0.9379142280431546,0.34662302388576327,-0.004356929772380876,-0.2170096423277951,0.38337322128383994,0.3548828748801146
1774368235.4973829,base,497298095,1774368235,-0.012262207652827092,0.9379147170010774,0.34662175703564513,-0.004356540575973901,-0.21700870641623135,0.3833715272929399,0.3548831205061459
1774368235.498534,base,498357299,1774368235,-0.012263813008165184,0.9379143171247993,0.34662277570684563,-0.004357061406941,-0.2170081907015838,0.38337348067928484,0.3548840574028232
1774368235.4993827,base,499290888,1774368235,-0.012258864818679266,0.9379144604644957,0.34662256880618986,-0.004356590312339233,-0.21700742095939074,0.38337156673035133,0.35488056038237703
1774368235.5004604,base,500342489,1774368235,-0.012261689683689115,0.9379145850451152,0.34662213798018504,-0.004356097771621359,-0.21700917648052062,0.3833721002837038,0.354883516878661
1774368235.5014062,base,501312152,1774368235,-0.012261208712544746,0.9379145020407651,0.3466223815339283,-0.0043559433282351805,-0.21700924297509974,0.3833717566396962,0.3548831704760729
1774368235.5024571,base,502333077,1774368235,-0.012262680872073918,0.9379158166399078,0.3466187571567515,-0.004357148337338174,-0.21700575342592648,0.3833739865298024,0.354884116468316
1774368235.5033426,base,503257253,1774368235,-0.012262395647582846,0.937915623373956,0.3466193100680828,-0.004355567925315686,-0.2170066270457551,0.3833747370834489,0.3548830842462389
1774368235.5044734,base,504335504,1774368235,-0.012260719643250123,0.9379153321436167,0.3466201591702668,-0.004355426562086067,-0.2170079784339434,0.3833738301553527,0.35488220545178045
1774368235.505388,base,505308594,1774368235,-0.01226098061285858,0.9379132100045724,0.34662590117064596,-0.004354709056595904,-0.21700744406496103,0.38337282453289817,0.3548822528293394
1774368235.5065897,base,506348082,1774368235,-0.012261094127246547,0.9379128204416763,0.3466269564149874,-0.004354297695976608,-0.2170076625579545,0.38337271084693325,0.3548822794607197
1774368235.5073671,base,507283654,1774368235,-0.012262792991852777,0.937915602951128,0.34661934517143755,-0.004356053464407345,-0.2170067193894339,0.3833739201244558,0.35488258386959315
1774368235.5084777,base,508347284,1774368235,-0.01226425861311289,0.937915803878794,0.34661874861831027,-0.004356133760895261,-0.21700464233222663,0.38337560385439545,0.35488402889272874
1774368235.5093346,base,509252419,1774368235,-0.012263299431241314,0.9379155134224983,0.3466195792293184,-0.004355279940633038,-0.21700657143853042,0.38337477853543944,0.3548826766728634
1774368235.5104425,base,510330843,1774368235,-0.012261044814828476,0.9379164332964529,0.346617149859269,-0.004356874561692801,-0.21700445213756842,0.3833740166515318,0.35488208979175934
1774368235.5113778,base,511297176,1774368235,-0.01226046895244397,0.9379164432576665,0.34661714087639967,-0.004357065368432595,-0.21700465568102753,0.38337372582148666,0.35488200661673436
1774368235.512451,base,512334096,1774368235,-0.012261733994796329,0.9379165765212236,0.3466167371795123,-0.004356933919344663,-0.2170038335799365,0.38337528757473405,0.3548823860376196
1774368235.513315,base,513235318,1774368235,-0.012261129629282908,0.9379161710975954,0.3466178557486856,-0.00435692208140375,-0.21700573699007236,0.38337444491512307,0.3548827526176174
1774368235.51438,base,514259986,1774368235,-0.012265227888665707,0.9379163590215296,0.3466171892266607,-0.004357957921513952,-0.21700572960368064,0.3833748488105635,0.3548853152639385
1774368235.5153697,base,515290386,1774368235,-0.012264010567823723,0.9379168463581432,0.3466159142054199,-0.00435791027079903,-0.2170040984405779,0.3833767245445222,0.35488532780833854
1774368235.5164998,base,516371169,1774368235,-0.012263718748302262,0.937916854081423,0.3466159041995121,-0.004357865122285065,-0.21700403222255124,0.38337663847666836,0.35488532763944236
1774368235.5174236,base,517343040,1774368235,-0.012263996502688721,0.9379171621158616,0.3466150602145976,-0.004357915871322941,-0.2170033351112672,0.38337711336271796,0.354885397006211
1774368235.5185046,base,518340901,1774368235,-0.01226082576107626,0.9379168850255756,0.34661593221142684,-0.004357117485384359,-0.2170022785127656,0.3833762762022024,0.3548827591971168
1774368235.5193906,base,519299155,1774368235,-0.012266249829377051,0.9379174515456474,0.3466141959145005,-0.004358026134143851,-0.2170035523941984,0.38337841543817247,0.3548859495826116
1774368235.5205226,base,520357067,1774368235,-0.012261905914020568,0.9379174508165875,0.34661436229758774,-0.004357174096397266,-0.21700276348677563,0.3833771811473611,0.3548833563137165
1774368235.5214124,base,521332379,1774368235,-0.012261660927379946,0.9379173616171784,0.34661461325937243,-0.004357100346400492,-0.2170029781599302,0.3833770203982388,0.3548833948061054
1774368235.5224972,base,522342473,1774368235,-0.012263804515619104,0.9379173237577658,0.34661462822905037,-0.004358026102498674,-0.21700413254647247,0.3833772044103087,0.35488495565275396
1774368235.523376,base,523288435,1774368235,-0.012261641505802003,0.9379174996823931,0.34661422664313435,-0.00435819064441713,-0.21700166742972057,0.38337571947960963,0.3548827228832528
1774368235.5244284,base,524311708,1774368235,-0.012266104607178687,0.9379168244348622,0.3466158940931185,-0.004358334752807934,-0.21700484734091322,0.3833773467533851,0.3548863931992793
1774368235.525432,base,525327572,1774368235,-0.012261845673289636,0.9379179823182567,0.34661293911339025,-0.004356147829449386,-0.21700121056710361,0.3833778932731864,0.3548828020073689
1774368235.52646,base,526328910,1774368235,-0.012261486717110396,0.9379177774494963,0.34661351310063265,-0.004355596827148282,-0.2170013646624991,0.3833777769223208,0.3548824814051588
1774368235.5274,base,527308657,1774368235,-0.01226049268432447,0.937916999560479,0.34661564830410446,-0.004355985001290371,-0.21700292332896923,0.3833766097164067,0.3548823165270226
1774368235.52847,base,528357591,1774368235,-0.012258787503997913,0.937917428078592,0.34661454046670226,-0.004356669878223337,-0.2170023853557124,0.38337603009851523,0.35488148334949493
1774368235.52937,base,529298594,1774368235,-0.012260107413854849,0.9379169284200864,0.34661583921299627,-0.004357195875970361,-0.21700169284008616,0.38337610470332206,0.3548818902680346
1774368235.530475,base,530359691,1774368235,-0.012262723774575697,0.9379176940949486,0.34661366627798196,-0.004357873171477622,-0.21700276693793852,0.3833766450594638,0.35488313502596375
1774368235.5313864,base,531312998,1774368235,-0.012263299598437678,0.9379176088987129,0.3466138746256197,-0.004358017633667152,-0.21700303141537086,0.3833766715594621,0.35488327004438935
1774368235.532497,base,532358518,1774368235,-0.012263195369828995,0.9379161677413617,0.3466177806316205,-0.004357806637427268,-0.21700368709632972,0.3833759177234754,0.35488387782813924
1774368235.5333798,base,533307972,1774368235,-0.012260449652401447,0.9379179282757025,0.34661312530519234,-0.004356897921923803,-0.21700284632314656,0.3833761457480316,0.35488082499793494
1774368235.5344238,base,534309217,1774368235,-0.012264543656948412,0.9379170333288718,0.3466153883711413,-0.004357993205337554,-0.21700260389265194,0.38337771662992665,0.3548854647451066
1774368235.5354104,base,535326607,1774368235,-0.01226604668447878,0.9379165969136403,0.34661652964532635,-0.004356915112882352,-0.21700489984254961,0.3833775969529239,0.35488573777996946
1774368235.536468,base,536347844,1774368235,-0.012266454482826216,0.9379165245346843,0.3466167107684968,-0.004356938745011331,-0.21700522603742925,0.3833778041084305,0.35488581277094455
1774368235.5374017,base,537327713,1774368235,-0.012262148640629085,0.937916367781979,0.3466172786111236,-0.004357628436830372,-0.21700475709879902,0.3833745865057908,0.3548823143859717
1774368235.5384157,base,538337946,1774368235,-0.012262045191731607,0.9379161948450997,0.34661776174231346,-0.004356712034748769,-0.21700527528118835,0.3833757366022809,0.3548829867363123
1774368235.5395088,base,539320722,1774368235,-0.012262090973080642,0.9379159988155503,0.34661829433414354,-0.004356411790174831,-0.21700556184651143,0.3833744908578687,0.35488359868492797
1774368235.5404937,base,540354958,1774368235,-0.012260385213638245,0.9379154572241479,0.3466198365517599,-0.0043551077210505764,-0.21700526313711857,0.38337453516127584,0.35488226374101806
1774368235.541463,base,541318624,1774368235,-0.012260270261678766,0.9379154575329139,0.3466198458107599,-0.004354627889981521,-0.21700496106765363,0.3833746892367883,0.3548821188640106
1774368235.5424945,base,542342194,1774368235,-0.012265596605267435,0.9379169118669448,0.3466157117471267,-0.00435544991057631,-0.21700193446903543,0.38337785593803775,0.35488487396087287
1774368235.543461,base,543315563,1774368235,-0.012264107378226549,0.9379147320176826,0.34662166807416217,-0.004355037990573433,-0.21700744182044626,0.3833738640070054,0.3548840654655626
1774368235.544427,base,544299215,1774368235,-0.012266121945494804,0.9379141012269877,0.34662330168182415,-0.004355192668666453,-0.21700763265278267,0.383375147277199,0.3548857754823942
1774368235.5455022,base,545325975,1774368235,-0.012263879976226197,0.9379153085673898,0.3466200991266266,-0.004356384316625971,-0.21700574336231934,0.3833752066456588,0.35488462667303733
1774368235.5464787,base,546329470,1774368235,-0.012263381284848456,0.9379154393093877,0.3466197586538691,-0.00435672988309969,-0.21700570050147502,0.3833750956326884,0.35488454709071554
1774368235.5474725,base,547325914,1774368235,-0.01225730205228478,0.9379159947673366,0.34661848208079826,-0.0043558220808328765,-0.21700474142804063,0.38337296279656086,0.3548794575368319
1774368235.5485165,base,548342919,1774368235,-0.012260478011579394,0.9379153192504551,0.34662020382193914,-0.004355329686939013,-0.21700670885148926,0.38337327789357495,0.3548819138594945
1774368235.5494766,base,549325327,1774368235,-0.012261971021752955,0.9379139316265348,0.34662389634231827,-0.004356077591969681,-0.21700824321067655,0.3833728466660537,0.3548836283423383
1774368235.5505462,base,550394681,1774368235,-0.012263793206473694,0.9379152668317939,0.34662021799387893,-0.004356156322898655,-0.21700611706873338,0.383374268308269,0.35488461849404046
1774368235.551451,base,551326322,1774368235,-0.012263884192651533,0.937915179982081,0.34662045367911853,-0.004355846068443624,-0.21700607637622019,0.3833742920139104,0.3548846409221543
1774368235.552495,base,552341966,1774368235,-0.012262592157108189,0.9379148175652207,0.34662146284997963,-0.004357214354078594,-0.21700697383330111,0.38337381914353025,0.35488378509503793
1774368235.5534348,base,553283871,1774368235,-0.012265629470498274,0.9379136616608842,0.34662448423875164,-0.004357124026730563,-0.21701024406867572,0.3833732729272496,0.35488642900394524
1774368235.554571,base,554330907,1774368235,-0.012261802922167029,0.9379136997380263,0.3466245476564114,-0.004354652088685836,-0.21700995498146736,0.38337270990983946,0.35488301784214105
1774368235.5554712,base,555281867,1774368235,-0.012266916644550985,0.9379142753422794,0.3466227723367478,-0.004357586808043703,-0.21700914953192935,0.38337443893029766,0.3548864684354013
1774368235.5564497,base,556312815,1774368235,-0.012267681861390958,0.9379142698314151,0.3466227575143003,-0.004357797784857078,-0.21700922701850917,0.38337456158121824,0.35488677675364266
1774368235.5574303,base,557276161,1774368235,-0.012262329206454146,0.9379141566707254,0.34662327085129313,-0.004356386510128248,-0.2170095875604721,0.38337141498189964,0.35488119917427663
1774368235.5584693,base,558300192,1774368235,-0.012262550730231277,0.9379134266563391,0.3466252408954079,-0.0043561819926049745,-0.21701121552208902,0.38337128425286215,0.35488388670805276
1774368235.5599933,base,559280784,1774368235,-0.012260201093336427,0.9379139621545401,0.34662388243713693,-0.004355592833194624,-0.21700815681999053,0.3833725543149636,0.35488156523592285
1774368235.5604053,base,560298087,1774368235,-0.012265307552909374,0.937913618876876,0.34662460094013414,-0.004357955829014882,-0.21701054207088347,0.3833716349283354,0.3548850488469267
1774368235.5613704,base,561272627,1774368235,-0.012265794496779796,0.9379136131668621,0.3466245978648371,-0.0043580588206780365,-0.21701061574851033,0.383371752491535,0.35488514074114874
1774368235.5624242,base,562332379,1774368235,-0.012263551915760274,0.9379132362658619,0.3466257046313087,-0.004357455743399467,-0.2170095075008142,0.38337261108084103,0.35488414536859436
1774368235.5634534,base,563361909,1774368235,-0.01226765930795108,0.9379122100686894,0.3466283403823463,-0.004357107176889549,-0.2170138968670323,0.38337165002537216,0.3548871879044411
1774368235.5644844,base,564350718,1774368235,-0.012262099703600168,0.9379136837002945,0.3466245606165425,-0.0043562387436597355,-0.21700917161244002,0.38337268745166225,0.3548830646815922
1774368235.5654144,base,565308484,1774368235,-0.01226325668566968,0.9379144709787384,0.34662239499296627,-0.004355795389458591,-0.21700860753832668,0.38337310170043193,0.3548837168657563
1774368235.5664046,base,566310218,1774368235,-0.012263310040997373,0.937914548368192,0.34662218291194885,-0.004355858065214394,-0.21700843746597037,0.38337314209155177,0.3548838709069776
1774368235.5673716,base,567283102,1774368235,-0.012265550857561478,0.9379129968508559,0.3466263074742544,-0.004355406659618879,-0.2170120457191665,0.38337279527504114,0.3548863914098027
1774368235.5683725,base,568278627,1774368235,-0.012262964516939404,0.9379143749630049,0.34662265627357935,-0.004356500529115064,-0.217009353471282,0.3833717938442811,0.3548839947505687
1774368235.5693617,base,569274059,1774368235,-0.012264055968916903,0.9379135408410749,0.3466248703799285,-0.004356842003824349,-0.21701035757620907,0.38337229152764013,0.354884157831997
1774368235.5703886,base,570291349,1774368235,-0.012264813850591642,0.9379138001579618,0.3466241496772536,-0.004356222558855428,-0.21700777976736732,0.38337298892206606,0.3548847868501108
1774368235.571358,base,571266093,1774368235,-0.012264716851807281,0.9379137962453584,0.34662416873534757,-0.0043558215866221234,-0.21700755267810923,0.3833731980852282,0.35488449963221236
1774368235.5724902,base,572316856,1774368235,-0.012263129452144113,0.937914018961135,0.34662363201984336,-0.0043550450725359955,-0.2170079492844158,0.3833738020399774,0.3548841529179188
1774368235.5733552,base,573245031,1774368235,-0.012264766222376022,0.9379128903791455,0.3466266168564108,-0.00435592204091732,-0.21701073591349063,0.3833715400466798,0.3548855778073094
1774368235.5744717,base,574271097,1774368235,-0.012263669767791405,0.9379149355580604,0.34662111474327384,-0.004356475074672982,-0.2170067972871928,0.3833744189359457,0.354884846668837
1774368235.5754478,base,575284471,1774368235,-0.01226185884133204,0.9379149553724492,0.34662112171107,-0.004356752255000592,-0.21700888882489514,0.3833734497709191,0.3548831052236277
1774368235.5764482,base,576288261,1774368235,-0.012261424890531853,0.9379150089935405,0.34662099305184324,-0.004356666162879061,-0.21700882274310537,0.383373501606004,0.35488273119693187
1774368235.5774145,base,577255644,1774368235,-0.01226277179805615,0.9379146593529709,0.34662187410277084,-0.004358049117714144,-0.2170087940760241,0.3833729859294408,0.3548849716022287
1774368235.5784507,base,578298596,1774368235,-0.012263364277866468,0.9379158072692938,0.3466187554029717,-0.004357381538517887,-0.2170077372270135,0.3833740123529196,0.35488451816411354
1774368235.5794404,base,579256190,1774368235,-0.012263270995768879,0.9379148380174486,0.3466214033046869,-0.004355637987395301,-0.21700571331646984,0.38337420025513597,0.3548843842940446
1774368235.5804513,base,580292545,1774368235,-0.012261914725436338,0.93791481177453,0.34662150917976775,-0.004356681667768504,-0.2170070602928092,0.38337336994618976,0.35488341400866674
1774368235.5814233,base,581257357,1774368235,-0.012262147362727124,0.9379147984312483,0.3466215344504576,-0.004356888905626329,-0.21700733687308874,0.3833733831978951,0.35488366071248756
1774368235.5824769,base,582325225,1774368235,-0.012263167326935094,0.9379154643243984,0.3466196884228783,-0.0043575343815738105,-0.21700644358513693,0.383375341136041,0.35488468163936215
1774368235.5833874,base,583251691,1774368235,-0.012262055284809815,0.9379158230682223,0.34661877360154875,-0.004356216869002651,-0.2170058825211216,0.38337483309209186,0.35488374019901736
1774368235.5844412,base,584293752,1774368235,-0.012266453719790302,0.9379156364734842,0.34661910006763835,-0.004358031663467118,-0.2170071111315977,0.38337576530824324,0.3548873051152561
1774368235.5854132,base,585263976,1774368235,-0.012259968863260098,0.9379162037556171,0.346617802569652,-0.0043573888866443805,-0.21700389745242293,0.3833744366708255,0.3548815204563307
1774368235.586507,base,586329522,1774368235,-0.012259377677705314,0.9379162049093015,0.34661782158732607,-0.004357291078779619,-0.2170037295661543,0.38337411178000563,0.35488098329640594
1774368235.5873678,base,587262842,1774368235,-0.012263461896518826,0.9379177113431968,0.3466135943151626,-0.004357807588255689,-0.21700239296175208,0.38337731141498727,0.3548849397882864
1774368235.5884254,base,588320272,1774368235,-0.012262749722404837,0.937917037835522,0.34661545431156704,-0.004356826766295415,-0.21700406383418488,0.3833758257038555,0.35488442867359526
1774368235.5893562,base,589251362,1774368235,-0.012264709052084124,0.937916259330659,0.34661747074467325,-0.004358482490182995,-0.21700384890780816,0.38337683962605895,0.3548864061748932
1774368235.5903962,base,590271882,1774368235,-0.01226178203625326,0.937916068511219,0.3466181105802138,-0.0043568965510365374,-0.21700379347753654,0.38337507349427635,0.3548829880849283
1774368235.5913413,base,591252642,1774368235,-0.012261717703816474,0.9379160600219895,0.34661813596250046,-0.004356885775558275,-0.21700379418911284,0.383375027373717,0.3548829296585293
1774368235.5923972,base,592278961,1774368235,-0.012262876911672306,0.9379162539019875,0.34661755612777706,-0.004358015640048043,-0.21700381580317704,0.3833760975040805,0.3548844759092163
1774368235.593304,base,593228153,1774368235,-0.012263312094253562,0.9379172426158645,0.34661486798053126,-0.004357806233803429,-0.21700303215910374,0.3833766822408268,0.35488449993106486
1774368235.5943782,base,594267176,1774368235,-0.012261546635327346,0.9379163159255519,0.346617464753874,-0.004355677025068828,-0.2170024862290944,0.3833762810336252,0.35488287890274295
1774368235.5953815,base,595235135,1774368235,-0.012262281972560926,0.9379171192539375,0.34661524669850247,-0.004357132928521113,-0.21700187508834806,0.3833769512895553,0.35488432732851466
1774368235.5964165,base,596272925,1774368235,-0.01226222374041365,0.9379172305736357,0.3466149440952256,-0.004357406554931405,-0.21700182792729927,0.3833769756215087,0.3548843272275075
1774368235.5974305,base,597277557,1774368235,-0.0122638363378803,0.9379178284059924,0.34661326100678985,-0.004358069607529507,-0.2170022215461833,0.3833777309410931,0.3548853067200715
1774368235.5985165,base,598366421,1774368235,-0.012257630681057438,0.9379179692044467,0.34661311539428713,-0.004356807335655022,-0.21700171457463324,0.38337593258880776,0.3548802314267561
1774368235.5994341,base,599328257,1774368235,-0.012262432185895733,0.9379169112321695,0.346615800089067,-0.004357466030742388,-0.21700209196955858,0.38337667973578055,0.35488222588614554
1774368235.6005235,base,600404210,1774368235,-0.012263168363988651,0.9379171365733829,0.3466151627654082,-0.004357587035543702,-0.21700328451115794,0.3833772316154645,0.3548845369309458
1774368235.601428,base,601320867,1774368235,-0.01226287983253783,0.9379171362486557,0.34661517445503987,-0.004357539080219126,-0.21700323607157931,0.3833771361624482,0.3548845377164979
1774368235.602422,base,602334633,1774368235,-0.01226095998942432,0.9379166559985396,0.34661655063113095,-0.004356843953081404,-0.21700259149839604,0.3833761098129438,0.35488280889449786
1774368235.603498,base,603283635,1774368235,-0.012259163580471143,0.9379185726942773,0.34661143657146565,-0.004356138347403373,-0.21700034641218857,0.3833774632425445,0.3548811622443509
1774368235.604731,base,604401770,1774368235,-0.012264396406336723,0.937915807941797,0.34661871961565205,-0.004357178637674337,-0.21700579010696272,0.3833753932860886,0.35488474372104795
1774368235.6055517,base,605329228,1774368235,-0.012263484752409844,0.9379164136270182,0.3466171064199261,-0.004357697538525902,-0.21700424223438194,0.3833774303637574,0.3548834104891952
1774368235.606486,base,606331618,1774368235,-0.012263666271173927,0.9379165135178855,0.34661682926775794,-0.00435773202585192,-0.21700404385412614,0.38337760161621104,0.3548834444767548
1774368235.6074944,base,607321279,1774368235,-0.01226158851637082,0.9379165693990068,0.34661675436326495,-0.004357509441119722,-0.21700304183049116,0.38337541777333717,0.35488294794334035
1774368235.6084986,base,608360928,1774368235,-0.012262725673623671,0.9379166685955262,0.34661644931096436,-0.004357223517668027,-0.21700386124938958,0.3833766825310988,0.3548845663034915
1774368235.6094322,base,609292441,1774368235,-0.012261364403476006,0.9379173915318754,0.34661454222908367,-0.004357145892753104,-0.21700291867990631,0.38337671830779574,0.35488295217354576
1774368235.6104903,base,610346381,1774368235,-0.01226369987839075,0.9379152611760663,0.3466202448594317,-0.004355499042790808,-0.21700580100447706,0.38337575433851157,0.3548832770697633
1774368235.6114993,base,611325114,1774368235,-0.012263975153254107,0.9379151121240354,0.34662064372232326,-0.004355078451719577,-0.21700601020717178,0.38337582888435445,0.3548830657819875
1774368235.6125343,base,612400884,1774368235,-0.012262028683916619,0.9379160356375579,0.346618216075207,-0.004354885913900054,-0.2170040201112241,0.3833756760206891,0.3548826500873151
1774368235.6134489,base,613313017,1774368235,-0.012265591569363974,0.9379163485536465,0.3466172110680342,-0.004357450018767927,-0.2170039381201302,0.38337693547551993,0.35488624810322567
1774368235.614498,base,614396268,1774368235,-0.012259249992860034,0.9379157784897725,0.34661900173376764,-0.004355558129923515,-0.21700585779657336,0.38337399724135823,0.3548805502384482
1774368235.6154745,base,615298846,1774368235,-0.012261930322149806,0.9379153476192693,0.34662006824055486,-0.004355922165631306,-0.21700583510731544,0.3833756736011359,0.3548835674961645
1774368235.6165342,base,616396576,1774368235,-0.012262137504324993,0.9379153321345447,0.3466201012106907,-0.004356049524777157,-0.21700588561521775,0.38337562640775485,0.35488378059658937
1774368235.6174388,base,617301147,1774368235,-0.012263845148381972,0.9379154184634699,0.34661979403480736,-0.004357096962222879,-0.2170064478071954,0.3833745188942523,0.35488397968041
1774368235.6184278,base,618355017,1774368235,-0.012261091601727843,0.9379154010494333,0.3466199466376914,-0.004356454969217344,-0.2170067328101059,0.38337341655634405,0.35488226072647877
1774368235.6194866,base,619322673,1774368235,-0.012263779187215234,0.9379155119327426,0.34661956202439154,-0.004355619130250201,-0.21700661829464002,0.3833753488531346,0.3548847268978035
1774368235.620488,base,620351281,1774368235,-0.012264621977816678,0.9379145491038756,0.34662210691572926,-0.004358052812395467,-0.21700811104172202,0.3833738579806854,0.35488567856223574
1774368235.6214776,base,621319813,1774368235,-0.01226477521781272,0.93791473807581,0.34662158087294664,-0.004358791366933236,-0.2170082817554293,0.3833739838711414,0.35488598054632386
1774368235.622431,base,622345938,1774368235,-0.012265825208771883,0.9379145501019983,0.34662205628755044,-0.004358478393227513,-0.21700845168338437,0.38337460083776,0.3548868431227086
1774368235.6234975,base,623319965,1774368235,-0.012263358779040615,0.9379158056106852,0.3466187819866303,-0.004355639014049607,-0.21700679105189916,0.3833754688682895,0.3548842155855717
1774368235.624608,base,624397896,1774368235,-0.012263570440466649,0.9379142584827446,0.3466229465357626,-0.004356777442216222,-0.21700883140249327,0.3833738850459251,0.3548857161004415
1774368235.6254396,base,625267381,1774368235,-0.01226055891928886,0.93791465600423,0.34662198355954454,-0.004356289786096331,-0.2170075387605289,0.38337287012884763,0.35488218558644136
1774368235.626503,base,626374355,1774368235,-0.01226045864536618,0.9379146832024647,0.34662191351676624,-0.004356289361478805,-0.21700762673000765,0.3833730170151753,0.35488210584986013
1774368235.627515,base,627321470,1774368235,-0.012263855062109662,0.9379136289275776,0.34662462966251006,-0.004357595925009127,-0.21701052339192256,0.3833725453163552,0.35488414394387596
1774368235.6285095,base,628350739,1774368235,-0.012265670699748396,0.9379150338958878,0.34662075766783185,-0.004358080786197362,-0.217009404872654,0.3833740503501132,0.3548862689231314
1774368235.6293607,base,629269741,1774368235,-0.012260968448384079,0.9379146832080806,0.3466218916170347,-0.004356595829579402,-0.2170079483207597,0.3833716575430602,0.3548826908541995
1774368235.6305292,base,630396382,1774368235,-0.01226088963824104,0.9379148707757154,0.34662138404314186,-0.004356820752416763,-0.21700641991752861,0.3833723125228744,0.35488247360977854
1774368235.631326,base,631240650,1774368235,-0.012260758619399693,0.9379148713746958,0.346621387671754,-0.004356771829271641,-0.2170063520134445,0.3833722412927542,0.3548823779974958
1774368235.6324115,base,632292444,1774368235,-0.012262825164857598,0.9379138348700515,0.3466241216214137,-0.00435657991009687,-0.21700956267388868,0.38337179148472084,0.3548841815869464
1774368235.6334188,base,633321467,1774368235,-0.012263699298988719,0.9379135565035008,0.34662484219878037,-0.004356716324125955,-0.21700966758435497,0.38337356043750753,0.354884706419072
1774368235.6344461,base,634367522,1774368235,-0.012262472093892722,0.9379133422178824,0.34662547391849746,-0.0043560416211423135,-0.21701130954876102,0.3833726248526162,0.35488385562874064
1774368235.635428,base,635300175,1774368235,-0.012263029038326578,0.9379148390195828,0.34662139521137075,-0.004356747341533042,-0.21700831977074247,0.3833731972768179,0.3548849471378664
1774368235.6365716,base,636420525,1774368235,-0.012262879631969953,0.9379150406793356,0.34662085383773933,-0.0043568263000293254,-0.2170078523513718,0.38337320007110964,0.35488482225604084
1774368235.6374059,base,637319977,1774368235,-0.012264188351595876,0.9379142386160677,0.3466229755792313,-0.004357004236669146,-0.21700864682692833,0.3833731811278349,0.35488371307269206
1774368235.6384127,base,638349963,1774368235,-0.012263653104471674,0.9379136824433305,0.34662452601562915,-0.004354889500886801,-0.2170092739638782,0.3833730929163688,0.3548842301300997
1774368235.6393967,base,639326184,1774368235,-0.0122631964354575,0.9379147655628113,0.3466215853806148,-0.004356960026351198,-0.21700891190021193,0.38337322792074896,0.3548844755089112
1774368235.640474,base,640394448,1774368235,-0.012267236521126323,0.9379141763963519,0.34662302372760173,-0.0043579863265060335,-0.21700846256701825,0.38337451506988984,0.35488732934088185
1774368235.6412995,base,641221038,1774368235,-0.012267759128820912,0.9379142244945192,0.3466228724594512,-0.004358195126518204,-0.21700848811721046,0.3833746723096969,0.3548874584909918
1774368235.6424322,base,642347054,1774368235,-0.012264517131151733,0.9379146238673148,0.3466219233799904,-0.004356855256849255,-0.21700780365572186,0.3833735364542291,0.35488487443532424
1774368235.6433332,base,643239103,1774368235,-0.01226368211328388,0.9379121890118302,0.34662857429517047,-0.004354226241112838,-0.21700993657396514,0.38337289272078,0.3548840702192489
1774368235.6444042,base,644335688,1774368235,-0.01226767451690843,0.9379136354022805,0.34662449272874285,-0.004356343531809486,-0.21700928087757992,0.3833744346746942,0.35488799955832107
1774368235.6454122,base,645325647,1774368235,-0.012262258191041474,0.9379156008448761,0.346619359709738,-0.004356855547581746,-0.21700696743361603,0.3833736943551488,0.3548837197572911
1774368235.6464713,base,646386869,1774368235,-0.012262154493001266,0.9379157689166898,0.34661890376043786,-0.0043572400113362246,-0.21700695123299057,0.38337369493497736,0.3548837130241805
1774368235.647337,base,647260124,1774368235,-0.012262537658175783,0.9379145021293738,0.34662233809182796,-0.004355640176265842,-0.2170063602260763,0.3833747054133907,0.35488376719742093
1774368235.6483266,base,648253941,1774368235,-0.012265409053889483,0.9379144305828815,0.34662241523174764,-0.004356822700056841,-0.2170096730763638,0.38337344417761227,0.35488503271067345
1774368235.6493917,base,649317801,1774368235,-0.012265321009034953,0.9379154035991406,0.34661978007119365,-0.004357253194833782,-0.21700696615653814,0.3833750479525909,0.35488635160519033
1774368235.6504712,base,650382007,1774368235,-0.012263925240764289,0.9379141989910953,0.34662311282374303,-0.004355355893591263,-0.2170091639221628,0.383373899411083,0.35488483467609755
1774368235.6514437,base,651362342,1774368235,-0.012263908801349864,0.9379138768354724,0.3466239910235034,-0.004354885452521429,-0.21700958797347827,0.38337362198081737,0.35488482465905896
1774368235.6524043,base,652287912,1774368235,-0.012261214277801887,0.9379148725729998,0.3466213706297179,-0.004356587378120935,-0.21700711280420237,0.383373607360456,0.35488162359933223
1774368235.6534998,base,653327254,1774368235,-0.012264535933729661,0.9379150965427177,0.3466206476465101,-0.004356542288196316,-0.21700805965449424,0.3833752317783548,0.3548841541848886
1774368235.6544697,base,654328169,1774368235,-0.01226374775726708,0.9379147075218712,0.34662171625333055,-0.004357490872580445,-0.21700695909163276,0.3833732133997369,0.35488460192808513
1774368235.6554756,base,655345610,1774368235,-0.01226082773620498,0.937916095159568,0.34661807893843405,-0.004356362804081727,-0.21700572347538444,0.38337388332806066,0.35488224777257427
1774368235.6564622,base,656347420,1774368235,-0.012260671611475121,0.9379161793042687,0.34661785651921406,-0.0043563830116068875,-0.21700550171954605,0.38337395531316704,0.35488222879819586
1774368235.6574595,base,657326555,1774368235,-0.012261689804661318,0.9379148011304848,0.34662155122192384,-0.004356261241555098,-0.21700848022377886,0.38337431528341204,0.35488319410007707
1774368235.6584046,base,658296678,1774368235,-0.012263154005091955,0.937916668790947,0.3466164336412334,-0.004357222483727666,-0.2170037132926329,0.3833754834893036,0.35488454955944754
1774368235.659522,base,659350944,1774368235,-0.012261209638391935,0.9379150713389133,0.34662083084398154,-0.004356755507546148,-0.21700655016445172,0.3833738028244129,0.35488282516663355
1774368235.6603827,base,660264369,1774368235,-0.012261076619335412,0.9379159604489516,0.3466184331986673,-0.004356478182712649,-0.21700527996367838,0.3833750933904781,0.3548826540988729
1774368235.6614182,base,661272414,1774368235,-0.012261317960901399,0.9379160565714029,0.3466181639899886,-0.004356523800018623,-0.2170051354783193,0.383375348234292,0.35488287414582387
1774368235.662482,base,662353142,1774368235,-0.012262491701006326,0.9379159019660591,0.3466185301482636,-0.004357372411669749,-0.21700425161345877,0.3833753334237045,0.35488371057866075
1774368235.6634343,base,663287071,1774368235,-0.01226343399551823,0.9379153324371056,0.34662003411384007,-0.0043576733415542895,-0.21700740679346475,0.3833741813186508,0.35488462341103005
1774368235.6645062,base,664343988,1774368235,-0.012265024383474196,0.9379156214753901,0.34661919492271864,-0.00435773799489541,-0.21700531421733982,0.3833759199341729,0.35488629858002474
1774368235.6653976,base,665288307,1774368235,-0.01226074172587866,0.9379159032550921,0.3466185933966336,-0.004356988094456599,-0.21700443551469828,0.383375714142677,0.3548827262897941
1774368235.6664937,base,666347198,1774368235,-0.012260406990261853,0.9379159079989755,0.3466185939458228,-0.0043568651472289605,-0.217004445069214,0.3833757271065031,0.35488241780042323
1774368235.6674848,base,667293179,1774368235,-0.012262057952117114,0.937917867143231,0.34661322823085733,-0.004357343646651961,-0.21700230417767413,0.3833771574735824,0.3548833432405976
1774368235.669202,base,668281238,1774368235,-0.012260633470134546,0.9379170386989714,0.3466155303138773,-0.004356550274350235,-0.21700456469915155,0.3833759547577201,0.3548819990116335
1774368235.669428,base,669288143,1774368235,-0.012262763070167635,0.9379159061957589,0.3466185189124672,-0.004356591993839913,-0.21700459751096246,0.3833756763468429,0.354884126841997
1774368235.670351,base,670263438,1774368235,-0.012260613221854722,0.9379158818290187,0.34661865871706765,-0.004356765485908928,-0.21700422949181325,0.38337517389013404,0.35488255740269015
1774368235.671332,base,671246430,1774368235,-0.012260358266520291,0.9379157231368419,0.3466190981285265,-0.004356686864844386,-0.21700417835453994,0.3833752162023031,0.35488232327762825
1774368235.6724524,base,672317510,1774368235,-0.012261276906325388,0.9379159405413653,0.34661847291904274,-0.004357040085134554,-0.21700413086124873,0.38337519456085084,0.35488317341944303
1774368235.6733716,base,673268330,1774368235,-0.012263177213823967,0.937915379562233,0.3466199229872933,-0.0043570923260106455,-0.21700596908084235,0.38337537188687837,0.35488511719916765
1774368235.6745167,base,674406079,1774368235,-0.012261062854064258,0.9379157870921855,0.34661889858376743,-0.004356811392608597,-0.2170037792596413,0.3833755127056579,0.3548829539960966
1774368235.6754508,base,675338363,1774368235,-0.012266358030003904,0.9379155657650889,0.346619305364049,-0.004357190055180822,-0.21700494673105472,0.38337700723271373,0.35488735662330784
1774368235.6765337,base,676410858,1774368235,-0.012266222194039908,0.9379156105642824,0.34661919426315707,-0.004356767296467998,-0.21700477543893462,0.3833769462272002,0.35488715769484863
1774368235.6774433,base,677358160,1774368235,-0.0122628082052738,0.9379152239303918,0.34662037485815694,-0.004355684528781592,-0.21700507697856536,0.38337594242655004,0.35488454355179333
1774368235.678475,base,678318142,1774368235,-0.012258276840697645,0.9379163816875158,0.34661740066924956,-0.004355819600017823,-0.21700461065391596,0.38337454296270174,0.35488064059021346
1774368235.6793716,base,679305149,1774368235,-0.01226180784275865,0.9379161805525076,0.3466178067091055,-0.00435687943286003,-0.21700580568678335,0.3833751191015411,0.3548833763872481
1774368235.6804762,base,680345721,1774368235,-0.012261808614992537,0.9379155757482008,0.34661944185084803,-0.004356988572031037,-0.21700514102442106,0.3833754338655839,0.3548833897739966
1774368235.681393,base,681318864,1774368235,-0.01226207163835209,0.9379155843700319,0.34661940734082436,-0.00435713778222415,-0.21700513021317974,0.38337540540355336,0.3548836411587344
1774368235.6824608,base,682300568,1774368235,-0.012263864398301398,0.9379150620322272,0.3466207691667954,-0.004356193903247188,-0.21700561246630945,0.38337491944939833,0.3548852677599288
1774368235.6833882,base,683307350,1774368235,-0.012261275353855683,0.9379166684814157,0.3466165024575964,-0.0043571017295946065,-0.21700447397589498,0.38337513944503343,0.354882929804436
1774368235.68455,base,684403801,1774368235,-0.012263060352403248,0.9379160447014464,0.3466181392989785,-0.00435613949519076,-0.21700610248863694,0.38337575607900526,0.3548840366964953
1774368235.685396,base,685324327,1774368235,-0.012264784938185936,0.9379150798529302,0.3466206790591882,-0.004356935096923422,-0.21700853384366733,0.3833746478261163,0.35488626535981005
1774368235.6864648,base,686342076,1774368235,-0.012264809760967306,0.9379149785803887,0.3466209528552472,-0.004356883954935864,-0.2170087821462519,0.38337450601684187,0.3548862817196904
1774368235.6873813,base,687322101,1774368235,-0.012262708437498942,0.9379151523593401,0.34662056832699367,-0.0043559808545083605,-0.21700712246080986,0.383373307227397,0.35488450501632046
1774368235.6884,base,688320701,1774368235,-0.012262450696975187,0.9379150582573798,0.34662082681105394,-0.004356399635191917,-0.21700532509738155,0.3833757791974294,0.35488437854270544
1774368235.6893194,base,689235977,1774368235,-0.012262327118600777,0.9379155512459639,0.34661948745045873,-0.004357176172422696,-0.21700573337042697,0.38337490154899956,0.354884131183852
1774368235.6905022,base,690365115,1774368235,-0.01226370527095553,0.9379149902211261,0.3466209593038604,-0.004356974042106315,-0.21700672446557953,0.3833750514550575,0.35488530916663197
1774368235.6913688,base,691283047,1774368235,-0.012264109092336516,0.9379151706558446,0.3466204552047047,-0.004357099433389783,-0.21700680856613996,0.38337524096869735,0.35488568570158785
1774368235.6925144,base,692361956,1774368235,-0.012263022039247699,0.9379157996552993,0.34661878152313863,-0.004357905786064429,-0.21700744059437027,0.38337423133932086,0.35488488674185953
1774368235.69337,base,693283153,1774368235,-0.012262665482002638,0.9379150594273782,0.3466208007849656,-0.0043576137740091074,-0.2170064066442972,0.38337424424768707,0.35488392229462595
1774368235.6944885,base,694365336,1774368235,-0.012262427836955725,0.9379151695427113,0.3466205191236131,-0.00435698607841669,-0.21700718011762327,0.3833739768109979,0.35488446163402054
1774368235.695362,base,695280887,1774368235,-0.012264605097829503,0.9379147465038523,0.3466215848246937,-0.004357141956193934,-0.21700836920797328,0.3833747134717186,0.354884948750156
1774368235.6964865,base,696354087,1774368235,-0.012265144453292975,0.9379147743067999,0.34662148945139215,-0.004357226074344372,-0.2170084449065179,0.38337484131122607,0.3548850408186335
1774368235.6973555,base,697276603,1774368235,-0.01226428045951371,0.9379148372090189,0.3466213507137362,-0.004357154733893635,-0.21700670757088125,0.3833748359501175,0.3548847242249665
1774368235.6983562,base,698282613,1774368235,-0.012262203085522042,0.9379147440403162,0.34662168694508844,-0.004356308829596295,-0.21700845404055055,0.38337243394803,0.3548831267032626
1774368235.699396,base,699321017,1774368235,-0.012261388228796747,0.9379158520985591,0.3466187102490499,-0.004356884921790653,-0.21700582608318403,0.38337295141558186,0.35488290863742444
1774368235.700532,base,700387258,1774368235,-0.012266262044879487,0.9379146117045878,0.3466218860355354,-0.004357532288697256,-0.2170090298445853,0.38337376875890056,0.3548858601283133
1774368235.7013977,base,701318328,1774368235,-0.012266821146839735,0.9379144968112288,0.3466221768627859,-0.004357554038036738,-0.21700935268747817,0.38337375757014375,0.35488597521976617
1774368235.7025397,base,702380380,1774368235,-0.0122657105544693,0.9379150316688705,0.3466207688890204,-0.004357555388068454,-0.2170083991442462,0.38337503628876984,0.35488521074338725
1774368235.7033904,base,703312678,1774368235,-0.012260957670703239,0.9379138414456224,0.3466241790378654,-0.004355852159913068,-0.2170085000904276,0.3833722127007475,0.35488214799986384
1774368235.7045484,base,704403264,1774368235,-0.012265090034491302,0.9379153209292921,0.34662001093062744,-0.004357333473634535,-0.21700790448049498,0.3833750532658365,0.35488613253539275
1774368235.7053757,base,705314625,1774368235,-0.012263630976575849,0.9379156294506283,0.3466192297079419,-0.004357176169824508,-0.2170086354674605,0.3833743120294074,0.3548849777029678
1774368235.7064772,base,706341988,1774368235,-0.012263404934050294,0.9379157356721951,0.3466189499659279,-0.004357201214782537,-0.2170083816663833,0.38337433413956923,0.35488482345664146
1774368235.7074132,base,707325243,1774368235,-0.01226372002604892,0.9379152355129946,0.34662029138828004,-0.004357265384427795,-0.21700840283150358,0.3833744255697117,0.35488480270505235
1774368235.7085993,base,708409914,1774368235,-0.0122657659905413,0.9379142596780088,0.3466228564391719,-0.004357507460385336,-0.21700924385324788,0.38337313788696387,0.35488517680577814
1774368235.7094567,base,709331533,1774368235,-0.01226368529170019,0.9379151816459833,0.34662043537154297,-0.004357504319017507,-0.21700760890430276,0.3833734510689322,0.3548846950806996
1774368235.7104669,base,710359915,1774368235,-0.012262882884310808,0.937915399773146,0.3466198742980224,-0.004357443444102367,-0.2170071047737002,0.3833731259523349,0.3548839442407656
1774368235.7115362,base,711465365,1774368235,-0.012262754228229329,0.9379154660251349,0.34661969966724104,-0.004357436423379213,-0.2170069424391379,0.3833731779048762,0.35488391727542673
1774368235.7125318,base,712398092,1774368235,-0.0122648005572497,0.9379143127891867,0.3466227620092042,-0.004356304579480638,-0.21700938176937348,0.38337304005147665,0.3548855451787503
1774368235.713386,base,713319513,1774368235,-0.012262507830330612,0.9379154392792882,0.34661978820107964,-0.004356844120403756,-0.2170060939682407,0.3833749976042793,0.3548836600625616
1774368235.7144387,base,714306727,1774368235,-0.012265546911178163,0.937914943948273,0.346621025991931,-0.004356445544084483,-0.21700897814882414,0.38337544437267873,0.35488628888591106
1774368235.715424,base,715336397,1774368235,-0.012265408089213175,0.9379150687789837,0.3466206909702426,-0.00435661715452678,-0.21700802857284757,0.3833749402122958,0.3548859070079356
1774368235.716521,base,716357255,1774368235,-0.012265260732272106,0.9379150452304473,0.3466207600431824,-0.004356606090048397,-0.21700803552668954,0.3833747707938036,0.354885775638476
1774368235.7173905,base,717277643,1774368235,-0.012261444079745077,0.9379158361644302,0.3466187516135646,-0.0043568670981604185,-0.21700762314166824,0.3833740454577578,0.35488307278054865
1774368235.7183647,base,718237627,1774368235,-0.01226474627145057,0.9379157485013502,0.346618865054002,-0.004357419043941503,-0.21700798186067685,0.38337504959518487,0.3548848743139828
1774368235.719408,base,719276804,1774368235,-0.012264412095107907,0.9379154323934482,0.34661972402119207,-0.004358072239543667,-0.21700646185142544,0.38337431626250873,0.3548854207085531
1774368235.7204275,base,720321948,1774368235,-0.012261484782037911,0.9379162521748727,0.3466176337597946,-0.004356129467919301,-0.21700551272478075,0.3833747119168367,0.35488281635763186
1774368235.7213962,base,721276499,1774368235,-0.012261025580358532,0.9379162608606478,0.34661762814762376,-0.0043559984176744304,-0.21700547222966282,0.3833746546696515,0.3548824833951895
1774368235.7224813,base,722365236,1774368235,-0.01226573650161131,0.9379155429452419,0.3466193829281859,-0.004357681526758722,-0.21700750207505903,0.383374662683189,0.35488543857265964
1774368235.7233517,base,723274018,1774368235,-0.012264852611016104,0.9379162782168535,0.34661742341718843,-0.004357778092716569,-0.21700600140558385,0.3833751311204637,0.3548854654698483
1774368235.7243705,base,724285707,1774368235,-0.012264653659786353,0.9379170743191041,0.3466152725248377,-0.0043580757026712704,-0.21700324550493486,0.383377019216074,0.35488471178834285
1774368235.7253997,base,725321827,1774368235,-0.012265836197393175,0.9379157564759144,0.3466187986181107,-0.00435791935785125,-0.21700652655598576,0.38337620466314126,0.35488513940969013
1774368235.7264166,base,726345557,1774368235,-0.012265986271287176,0.937915880182553,0.3466184580885607,-0.004357957605152621,-0.21700654740929298,0.38337623812850236,0.35488517593101954
1774368235.727422,base,727330112,1774368235,-0.012265153844123649,0.9379164324343906,0.34661700580855603,-0.004356954789371752,-0.21700382190419398,0.3833764082400485,0.3548841994765222
1774368235.7285244,base,728375333,1774368235,-0.012262141803172005,0.9379156418116205,0.34661924912852965,-0.004357161584022163,-0.21700641879689428,0.3833743003412627,0.35488311973047243
1774368235.7294137,base,729317157,1774368235,-0.012260613517537646,0.9379145146394968,0.34662237619924496,-0.0043553303800904115,-0.2170070473115468,0.38337399826833934,0.3548815832690922
1774368235.730394,base,730315860,1774368235,-0.012264702731744072,0.9379170994988626,0.3466152060908158,-0.00435780233189029,-0.21700465521057735,0.3833761844259961,0.35488478847641525
1774368235.7313259,base,731243106,1774368235,-0.012265178168197914,0.9379173001991494,0.3466146444278199,-0.004357942153927173,-0.21700473244043808,0.3833762992382116,0.35488487926745266
1774368235.7324288,base,732360306,1774368235,-0.012264375405065173,0.9379155582313494,0.3466194034550679,-0.00435658948636174,-0.21700567223377598,0.3833750791478136,0.3548840832743454
1774368235.733381,base,733300911,1774368235,-0.012266676383216575,0.9379164217514132,0.34661698182881495,-0.004356875878172049,-0.2170052494754898,0.3833760351086629,0.35488582481780345
1774368235.7343938,base,734284200,1774368235,-0.01226263581428423,0.9379156467908217,0.34661921911260735,-0.004357087284775635,-0.21700630164593218,0.38337420478769935,0.35488379127335984
1774368235.7353714,base,735294319,1774368235,-0.01226240407745649,0.9379155948507034,0.3466193731473281,-0.004356666276610608,-0.2170060125784542,0.3833756295774469,0.35488393781170924
1774368235.736455,base,736337787,1774368235,-0.012262205219365382,0.9379156158828785,0.3466193225965304,-0.004356719972782962,-0.21700599674841048,0.3833755789967555,0.35488390424761396
1774368235.7374003,base,737294247,1774368235,-0.012262220772471221,0.9379162262570319,0.34661766380705833,-0.004357247116291788,-0.21700578397481893,0.38337502798138606,0.3548837724451071
1774368235.7384365,base,738318568,1774368235,-0.012262805637228383,0.9379142931386666,0.34662288803141544,-0.004356124063880649,-0.21700885766205397,0.38337376641014226,0.3548846586377204
1774368235.739361,base,739278486,1774368235,-0.012262317437743194,0.9379160001892052,0.3466182712947489,-0.0043573116458012874,-0.2170034702284025,0.3833753790064971,0.3548843617520689
1774368235.7404995,base,740339525,1774368235,-0.012261814657414377,0.9379162035699078,0.34661774451373384,-0.004356853283074321,-0.21700500440894505,0.38337497611877047,0.3548830538011956
1774368235.741419,base,741301190,1774368235,-0.01226180605745404,0.9379162717903444,0.34661755994990834,-0.0043568747378973285,-0.2170049456494207,0.3833750093436294,0.3548830499886556
1774368235.7424629,base,742366313,1774368235,-0.012263712970351934,0.9379157442637392,0.34661891409775675,-0.004357338186208067,-0.2170059500231136,0.3833754911083477,0.35488536963759526
1774368235.7434149,base,743295668,1774368235,-0.012265148251853916,0.9379156151787552,0.34661921135971197,-0.0043574371583087355,-0.21700502888299003,0.3833768610254269,0.35488489565062387
1774368235.7444634,base,744368509,1774368235,-0.012260128027359684,0.9379155632898508,0.3466195430276354,-0.004356350622702453,-0.21700546062920317,0.38337434245422386,0.3548811145679379
1774368235.7454183,base,745304954,1774368235,-0.012262624209126159,0.9379150794475428,0.34662076409468995,-0.0043563391544377845,-0.21700679517143562,0.3833751435715588,0.35488415241887544
1774368235.7464702,base,746368420,1774368235,-0.012262465395914104,0.9379151234635115,0.3466206510841302,-0.004356301510877735,-0.217006777717881,0.3833751157673744,0.3548840953697594
1774368235.7473662,base,747237264,1774368235,-0.012262017312168942,0.9379170739199644,0.3466153775831224,-0.004357224318032696,-0.21700274869097047,0.38337589622691587,0.3548826518043176
1774368235.7483802,base,748268714,1774368235,-0.012262683402301041,0.9379149934300194,0.34662098475458303,-0.0043571346897489415,-0.21700852463577686,0.38337364858532985,0.3548838075468821
1774368235.7493443,base,749235534,1774368235,-0.012261976074250029,0.9379152874223469,0.3466202214922495,-0.004356559981798557,-0.21700426152706584,0.3833761366590306,0.35488299829601905
1774368235.7504334,base,750313540,1774368235,-0.012261441675063302,0.9379159752626242,0.3466183790378631,-0.004356570712601774,-0.2170033880115843,0.38337577884020796,0.354882921429196
1774368235.7514284,base,751337707,1774368235,-0.012261354415294398,0.9379162778989475,0.3466175598037688,-0.00435684240792866,-0.2170031898460126,0.38337587480964724,0.3548829252408649
1774368235.7525215,base,752408712,1774368235,-0.012262656402741495,0.9379152383819221,0.3466203193957915,-0.00435741332558508,-0.21700520571719553,0.3833744418458479,0.35488297706000765
1774368235.7533798,base,753278540,1774368235,-0.012261380785932224,0.9379157937034067,0.3466188792343215,-0.004356032744809467,-0.2170069308806893,0.38337421644741276,0.3548827259091793
1774368235.754452,base,754361942,1774368235,-0.012259485433563984,0.9379151161362251,0.3466207706936323,-0.004356749227110021,-0.21700499057094186,0.3833734629986749,0.3548811632198646
1774368235.7554748,base,755302689,1774368235,-0.012262364765159421,0.9379140374053612,0.3466235882399106,-0.00435671023018132,-0.21700879882442503,0.38337330205938436,0.3548837907195742
1774368235.756516,base,756366543,1774368235,-0.012262380532992168,0.937913913759118,0.34662392328782143,-0.004356627741284152,-0.21700935669821603,0.383372991293646,0.3548838243123905
1774368235.7573807,base,757236103,1774368235,-0.012265184859565664,0.937915020452878,0.34662081704192277,-0.004357618894290827,-0.2170083397238276,0.3833741981376326,0.35488496055006596
1774368235.7584465,base,758344802,1774368235,-0.01226120194566726,0.9379150308034953,0.3466209471472606,-0.004356250504983491,-0.21700658302228282,0.383374166259085,0.3548823361589377
1774368235.7594264,base,759282155,1774368235,-0.012264704414804165,0.9379148958003946,0.3466211761287869,-0.004357237708579856,-0.2170063380309964,0.3833741463784481,0.35488547832012474
1774368235.7604628,base,760337423,1774368235,-0.012263757717319062,0.9379138344991681,0.3466240937264489,-0.004356254128949393,-0.21700857873381993,0.38337316793616477,0.35488407929100974
1774368235.7614002,base,761275669,1774368235,-0.012263749826859174,0.9379138772602316,0.34662397951996843,-0.004356157091300483,-0.2170085749833635,0.383373155955584,0.3548840877992617
1774368235.7624617,base,762352312,1774368235,-0.012262608439060577,0.9379161116569369,0.3466179614419318,-0.004357147512079305,-0.21700526398751024,0.3833755622145308,0.35488380912490924
1774368235.7634468,base,763287574,1774368235,-0.01225953247748908,0.9379147652248351,0.3466217304909186,-0.004355799370596143,-0.21700742469406226,0.3833727096115947,0.35488174323747773
1774368235.7645295,base,764391623,1774368235,-0.012264778561223948,0.937914544290802,0.3466221191180704,-0.004357677445546801,-0.2170082154219191,0.38337425893760724,0.3548857914877027
1774368235.7653704,base,765243055,1774368235,-0.012265608308226206,0.9379148882713614,0.34662116207859317,-0.004357431701641302,-0.21700853390888677,0.3833749800382258,0.3548862206187027
1774368235.7664561,base,766338508,1774368235,-0.012265762493695997,0.9379148877620941,0.3466211573822243,-0.004357480886243394,-0.21700854522248517,0.3833750082431097,0.35488636266012186
1774368235.7674572,base,767301101,1774368235,-0.012266295967067577,0.9379146693591359,0.34662173116172307,-0.004357346743289417,-0.21700774596064096,0.3833752591479326,0.35488589007641447
1774368235.7684615,base,768307731,1774368235,-0.012267116005787384,0.93791433444854,0.3466226148031104,-0.004356834620159731,-0.21700975321712093,0.3833736905072717,0.35488726472895427
1774368235.7693653,base,769230708,1774368235,-0.01226363233412485,0.9379142530746984,0.3466229703941409,-0.004355869195272302,-0.21700783865973192,0.38337321317726397,0.3548846042540726
1774368235.7703743,base,770286430,1774368235,-0.01226486954551496,0.9379141556417718,0.3466231806621986,-0.004356632809246224,-0.21700812097448235,0.3833733855305265,0.3548847400107072
1774368235.7714584,base,771279083,1774368235,-0.012264932673128186,0.9379143615297182,0.34662261621826085,-0.004357038998340216,-0.21700789175455995,0.38337341789994045,0.35488450315630055
1774368235.7725074,base,772341097,1774368235,-0.012263339344173098,0.9379150639009136,0.34662077200325936,-0.004357043922129366,-0.21700623791081972,0.383375396732272,0.3548842046053409
